time,head_pos_x,head_pos_y,head_pos_z,head_rot_x,head_rot_y,head_rot_z,left_pos_x,left_pos_y,left_pos_z,left_rot_x,left_rot_y,left_rot_z,right_pos_x,right_pos_y,right_pos_z,right_rot_x,right_rot_y,right_rot_z,grab_force,grab,trigger
48.84634,-0.013832,1.625039,0.076791,359.7942,0.882098,358.6144,0,0,0,0,0,0,0.152099,0.696767,0.223457,42.66318,346.0499,13.97921,0,False,False
49.17968,-0.036083,1.621947,0.087499,1.555289,1.352578,359.1792,0,0,0,0,0,0,0.142788,0.692728,0.226239,43.41228,348.75,13.83212,0,False,False
49.18819,-0.036032,1.621941,0.087453,1.556956,1.361701,359.1797,0,0,0,0,0,0,0.142833,0.69273,0.226204,43.41576,348.7608,13.83591,0,False,False
49.19302,-0.035964,1.621991,0.087418,1.571134,1.367073,359.1756,0,0,0,0,0,0,0.142844,0.692722,0.22618,43.42381,348.7581,13.8345,0,False,False
49.20373,-0.035929,1.62198,0.087349,1.565565,1.371234,359.1882,0,0,0,0,0,0,0.142945,0.692808,0.226108,43.42379,348.7608,13.84844,0,False,False
49.21477,-0.035884,1.621999,0.087279,1.552391,1.363844,359.1852,0,0,0,0,0,0,0.142937,0.692787,0.226038,43.42945,348.7617,13.85285,0,False,False
49.22589,-0.035869,1.622,0.087156,1.541122,1.365684,359.1899,0,0,0,0,0,0,0.142841,0.692805,0.2259,43.42628,348.7456,13.83733,0,False,False
49.23713,-0.035803,1.621973,0.086995,1.535088,1.358002,359.1851,0,0,0,0,0,0,0.142864,0.692851,0.22585,43.4246,348.7286,13.81885,0,False,False
49.24805,-0.035751,1.621997,0.08687,1.53669,1.359895,359.1667,0,0,0,0,0,0,0.142849,0.692869,0.225812,43.40855,348.74,13.80763,0,False,False
49.25923,-0.035695,1.62199,0.086674,1.533184,1.37223,359.165,0,0,0,0,0,0,0.142846,0.692758,0.225648,43.38799,348.7639,13.81369,0,False,False
49.27031,-0.035644,1.622029,0.086554,1.528538,1.367198,359.1595,0,0,0,0,0,0,0.143023,0.69289,0.225775,43.36568,348.784,13.82898,0,False,False
49.28142,-0.035584,1.622044,0.086418,1.510308,1.368858,359.1674,0,0,0,0,0,0,0.143166,0.692947,0.225668,43.35738,348.7921,13.84515,0,False,False
49.29251,-0.035555,1.622099,0.086212,1.487492,1.376528,359.1739,0,0,0,0,0,0,0.142985,0.692974,0.225611,43.35436,348.8089,13.85493,0,False,False
49.30364,-0.035511,1.62213,0.086023,1.472151,1.367218,359.1809,0,0,0,0,0,0,0.143012,0.692993,0.225546,43.35224,348.8059,13.85222,0,False,False
49.31466,-0.035476,1.622187,0.085853,1.442279,1.366555,359.1776,0,0,0,0,0,0,0.143111,0.692934,0.225569,43.34832,348.8029,13.86052,0,False,False
49.32578,-0.03546,1.622261,0.085667,1.430325,1.366368,359.1712,0,0,0,0,0,0,0.143139,0.692955,0.225496,43.35246,348.7929,13.8555,0,False,False
49.33706,-0.03542,1.622283,0.085484,1.401006,1.364585,359.1521,0,0,0,0,0,0,0.143193,0.692893,0.225497,43.35554,348.7987,13.85609,0,False,False
49.34798,-0.035461,1.622301,0.085265,1.397088,1.367481,359.149,0,0,0,0,0,0,0.14323,0.692908,0.225489,43.36512,348.797,13.85354,0,False,False
49.35917,-0.035409,1.62232,0.085091,1.387032,1.357136,359.151,0,0,0,0,0,0,0.143264,0.692947,0.225439,43.36182,348.8015,13.86169,0,False,False
49.37029,-0.035397,1.622349,0.084875,1.378522,1.358465,359.168,0,0,0,0,0,0,0.143314,0.693108,0.225254,43.36202,348.8046,13.86739,0,False,False
49.38131,-0.035352,1.622379,0.084714,1.367243,1.357898,359.1758,0,0,0,0,0,0,0.143354,0.693158,0.225195,43.35207,348.8107,13.87126,0,False,False
49.39246,-0.03534,1.622416,0.084545,1.354124,1.360346,359.1718,0,0,0,0,0,0,0.143316,0.693212,0.22517,43.33228,348.8148,13.87642,0,False,False
49.40368,-0.035334,1.622419,0.084374,1.34072,1.345826,359.1755,0,0,0,0,0,0,0.143314,0.693276,0.225129,43.31533,348.8059,13.89052,0,False,False
49.41465,-0.035309,1.622449,0.084214,1.334915,1.336785,359.169,0,0,0,0,0,0,0.143335,0.693185,0.225053,43.30677,348.7986,13.88854,0,False,False
49.42587,-0.035285,1.622447,0.084098,1.32609,1.322987,359.1663,0,0,0,0,0,0,0.143421,0.693235,0.225112,43.30582,348.7809,13.89436,0,False,False
49.43706,-0.035266,1.622447,0.083928,1.313858,1.318861,359.1602,0,0,0,0,0,0,0.143431,0.693121,0.225037,43.29901,348.7746,13.88516,0,False,False
49.44795,-0.035248,1.622449,0.083819,1.308081,1.30715,359.1663,0,0,0,0,0,0,0.143486,0.693102,0.225061,43.28791,348.7681,13.87911,0,False,False
49.45904,-0.035203,1.622376,0.083706,1.302971,1.301192,359.164,0,0,0,0,0,0,0.143521,0.693079,0.224984,43.29071,348.7747,13.88247,0,False,False
49.47028,-0.035149,1.62237,0.083574,1.287939,1.290854,359.1587,0,0,0,0,0,0,0.143569,0.693077,0.224916,43.29344,348.7923,13.88102,0,False,False
49.48127,-0.035109,1.622366,0.083419,1.276484,1.281948,359.1616,0,0,0,0,0,0,0.14351,0.693205,0.224881,43.28703,348.8045,13.88507,0,False,False
49.49246,-0.035075,1.622397,0.083262,1.286965,1.294554,359.1483,0,0,0,0,0,0,0.143542,0.69323,0.224824,43.28253,348.8209,13.87814,0,False,False
49.50355,-0.03502,1.622389,0.083109,1.272907,1.295863,359.1414,0,0,0,0,0,0,0.143514,0.693157,0.224738,43.26661,348.8137,13.8627,0,False,False
49.51461,-0.034983,1.622391,0.082955,1.256696,1.302564,359.1369,0,0,0,0,0,0,0.143525,0.693203,0.224664,43.25263,348.8172,13.86299,0,False,False
49.52574,-0.034915,1.622373,0.082841,1.256937,1.317035,359.1261,0,0,0,0,0,0,0.143647,0.693286,0.224594,43.23637,348.8011,13.85333,0,False,False
49.53723,-0.034844,1.622416,0.082735,1.245474,1.336374,359.112,0,0,0,0,0,0,0.14366,0.693314,0.224503,43.23059,348.7849,13.84434,0,False,False
49.54837,-0.034807,1.622416,0.082569,1.240785,1.341127,359.1135,0,0,0,0,0,0,0.143616,0.693341,0.224446,43.23124,348.776,13.84296,0,False,False
49.55965,-0.034728,1.622415,0.082399,1.236952,1.353012,359.1115,0,0,0,0,0,0,0.143585,0.693325,0.224298,43.22472,348.7723,13.84741,0,False,False
49.57138,-0.034668,1.622425,0.082288,1.234079,1.367354,359.1184,0,0,0,0,0,0,0.14365,0.693364,0.224181,43.23138,348.766,13.84561,0,False,False
49.58239,-0.034578,1.622453,0.082145,1.211827,1.370074,359.1051,0,0,0,0,0,0,0.143671,0.693329,0.224308,43.23536,348.7668,13.83447,0,False,False
49.59371,-0.034534,1.622454,0.082013,1.207488,1.377326,359.0957,0,0,0,0,0,0,0.143739,0.693329,0.224262,43.23932,348.7847,13.84746,0,False,False
49.60501,-0.034502,1.622449,0.081878,1.195505,1.382135,359.0804,0,0,0,0,0,0,0.143724,0.693438,0.224138,43.23009,348.7819,13.8329,0,False,False
49.61626,-0.034433,1.62243,0.08179,1.193886,1.384988,359.0834,0,0,0,0,0,0,0.143871,0.693515,0.2242,43.22617,348.7807,13.83337,0,False,False
49.62764,-0.034376,1.62246,0.081714,1.189353,1.385639,359.0784,0,0,0,0,0,0,0.143903,0.693497,0.224138,43.2265,348.777,13.83926,0,False,False
49.63899,-0.034361,1.62247,0.08164,1.180304,1.3899,359.0726,0,0,0,0,0,0,0.14375,0.693441,0.224096,43.21407,348.7752,13.83802,0,False,False
49.65028,-0.03436,1.62248,0.081524,1.173816,1.390258,359.0616,0,0,0,0,0,0,0.143757,0.693451,0.224039,43.20914,348.7748,13.83253,0,False,False
49.66168,-0.03435,1.622471,0.081448,1.163176,1.384689,359.0648,0,0,0,0,0,0,0.14368,0.69345,0.223918,43.2019,348.769,13.83712,0,False,False
49.673,-0.034306,1.622501,0.08136,1.161103,1.38189,359.0541,0,0,0,0,0,0,0.143764,0.693507,0.223888,43.20509,348.7429,13.81282,0,False,False
49.68424,-0.034234,1.622509,0.081309,1.158712,1.384956,359.0582,0,0,0,0,0,0,0.143788,0.693556,0.223838,43.20924,348.7336,13.80071,0,False,False
49.69569,-0.034185,1.622538,0.081218,1.153734,1.37744,359.0531,0,0,0,0,0,0,0.143837,0.693561,0.223797,43.21321,348.7289,13.78723,0,False,False
49.7071,-0.034146,1.622557,0.081161,1.140079,1.395035,359.0483,0,0,0,0,0,0,0.143848,0.693487,0.223879,43.21015,348.7374,13.77541,0,False,False
49.71822,-0.034105,1.622596,0.081125,1.123387,1.396721,359.0344,0,0,0,0,0,0,0.143891,0.693395,0.223962,43.21105,348.7469,13.76859,0,False,False
49.72961,-0.034085,1.622653,0.08107,1.107781,1.406709,359.0354,0,0,0,0,0,0,0.143765,0.693476,0.223868,43.21378,348.7675,13.77723,0,False,False
49.74083,-0.034067,1.622673,0.081016,1.09446,1.408598,359.0261,0,0,0,0,0,0,0.143652,0.693434,0.223734,43.20057,348.7632,13.78469,0,False,False
49.75202,-0.034023,1.622684,0.080973,1.087318,1.421135,359.0347,0,0,0,0,0,0,0.143652,0.693376,0.223678,43.19358,348.7558,13.78169,0,False,False
49.76308,-0.034,1.622684,0.080958,1.094107,1.432392,359.0246,0,0,0,0,0,0,0.143619,0.693385,0.223648,43.18935,348.7532,13.78428,0,False,False
49.77429,-0.03395,1.622677,0.080926,1.088113,1.434875,359.0234,0,0,0,0,0,0,0.143536,0.693293,0.223668,43.18314,348.7523,13.77205,0,False,False
49.78536,-0.033925,1.622691,0.080899,1.082399,1.438789,359.0132,0,0,0,0,0,0,0.143605,0.69337,0.223466,43.16771,348.7305,13.7599,0,False,False
49.79638,-0.033881,1.622708,0.080869,1.08214,1.443147,359.0082,0,0,0,0,0,0,0.143644,0.693459,0.223457,43.17313,348.7096,13.75307,0,False,False
49.8075,-0.033889,1.622728,0.080881,1.070271,1.46009,358.9973,0,0,0,0,0,0,0.143557,0.693463,0.223509,43.1809,348.7,13.74858,0,False,False
49.81865,-0.033847,1.622723,0.080898,1.057619,1.460185,358.9702,0,0,0,0,0,0,0.143597,0.693524,0.223486,43.1825,348.7069,13.76036,0,False,False
49.82983,-0.033768,1.622767,0.080909,1.062904,1.461055,358.9671,0,0,0,0,0,0,0.143591,0.693541,0.223445,43.18111,348.7101,13.76696,0,False,False
49.84097,-0.033752,1.622745,0.080931,1.052545,1.462147,358.954,0,0,0,0,0,0,0.143583,0.693494,0.223575,43.18774,348.6994,13.76166,0,False,False
49.85215,-0.033725,1.622757,0.080931,1.047407,1.460476,358.9554,0,0,0,0,0,0,0.143555,0.693507,0.223562,43.19109,348.6862,13.75026,0,False,False
49.86306,-0.033664,1.622785,0.080887,1.041448,1.465331,358.9453,0,0,0,0,0,0,0.143531,0.693402,0.223562,43.19756,348.6823,13.73958,0,False,False
49.87426,-0.03363,1.622755,0.080895,1.035596,1.470489,358.9439,0,0,0,0,0,0,0.14347,0.693303,0.223516,43.19469,348.6725,13.73475,0,False,False
49.88536,-0.033622,1.622769,0.080906,1.019716,1.472933,358.9438,0,0,0,0,0,0,0.143578,0.693284,0.223568,43.17328,348.6959,13.74257,0,False,False
49.89639,-0.033623,1.622831,0.080996,1.017408,1.482225,358.9282,0,0,0,0,0,0,0.143571,0.693332,0.22353,43.17332,348.6956,13.74253,0,False,False
49.90754,-0.033603,1.622816,0.081014,0.999937,1.476737,358.899,0,0,0,0,0,0,0.143541,0.693315,0.223493,43.15542,348.7037,13.73854,0,False,False
49.91858,-0.033603,1.622839,0.081034,1.006542,1.480534,358.8851,0,0,0,0,0,0,0.143484,0.693372,0.22346,43.16813,348.709,13.74136,0,False,False
49.9297,-0.033585,1.622825,0.081072,1.003333,1.485013,358.8661,0,0,0,0,0,0,0.143387,0.693371,0.223412,43.16484,348.6824,13.71959,0,False,False
49.94073,-0.033636,1.622805,0.081102,1.024604,1.49695,358.8549,0,0,0,0,0,0,0.143271,0.693502,0.223437,43.16621,348.6761,13.72491,0,False,False
49.95204,-0.033623,1.622793,0.081133,1.035035,1.50103,358.8687,0,0,0,0,0,0,0.14324,0.693557,0.223384,43.16995,348.6783,13.72651,0,False,False
49.96307,-0.033639,1.622782,0.081175,1.035606,1.515703,358.8896,0,0,0,0,0,0,0.143273,0.693535,0.223243,43.16276,348.6484,13.71682,0,False,False
49.97415,-0.033636,1.622751,0.08122,1.03967,1.519488,358.8993,0,0,0,0,0,0,0.143235,0.69362,0.223262,43.15684,348.6148,13.72241,0,False,False
49.98527,-0.033588,1.622707,0.08124,1.041654,1.521306,358.9037,0,0,0,0,0,0,0.143312,0.693615,0.223317,43.14344,348.6071,13.76107,0,False,False
49.99639,-0.033596,1.62266,0.081272,1.045635,1.540241,358.8994,0,0,0,0,0,0,0.143249,0.69358,0.223195,43.14161,348.5892,13.78382,0,False,False
50.00752,-0.033588,1.622689,0.081314,1.058479,1.545614,358.8967,0,0,0,0,0,0,0.143328,0.69356,0.223277,43.14801,348.5914,13.78623,0,False,False
50.01857,-0.033582,1.622699,0.081398,1.057926,1.549823,358.8911,0,0,0,0,0,0,0.143343,0.693666,0.223326,43.16741,348.6012,13.79644,0,False,False
50.02966,-0.033527,1.622727,0.08146,1.065832,1.53249,358.8925,0,0,0,0,0,0,0.143403,0.693696,0.223359,43.17423,348.6233,13.80116,0,False,False
50.0408,-0.033551,1.622727,0.081492,1.062423,1.524967,358.8958,0,0,0,0,0,0,0.143246,0.693674,0.223335,43.18003,348.6286,13.80645,0,False,False
50.05183,-0.033626,1.622752,0.081552,1.058263,1.519951,358.9001,0,0,0,0,0,0,0.143271,0.693576,0.223494,43.17981,348.6263,13.80739,0,False,False
50.06298,-0.033626,1.622763,0.081609,1.062994,1.511261,358.908,0,0,0,0,0,0,0.143307,0.693587,0.223542,43.18563,348.6025,13.78266,0,False,False
50.07412,-0.033673,1.62277,0.081705,1.05716,1.516404,358.8901,0,0,0,0,0,0,0.143129,0.693571,0.223604,43.17339,348.5869,13.76507,0,False,False
50.08522,-0.033706,1.622777,0.081794,1.058167,1.513367,358.886,0,0,0,0,0,0,0.1432,0.693589,0.223744,43.17099,348.5884,13.77299,0,False,False
50.09633,-0.033732,1.622771,0.081894,1.062896,1.514557,358.8701,0,0,0,0,0,0,0.143191,0.693596,0.223717,43.17352,348.5853,13.78422,0,False,False
50.10745,-0.033754,1.622766,0.081936,1.060095,1.51967,358.8682,0,0,0,0,0,0,0.143174,0.693647,0.2237,43.17574,348.5865,13.78715,0,False,False
50.11861,-0.033763,1.622783,0.08202,1.064371,1.515625,358.8887,0,0,0,0,0,0,0.14321,0.693615,0.223701,43.19416,348.5946,13.78041,0,False,False
50.12957,-0.033787,1.622754,0.082059,1.059976,1.513817,358.8923,0,0,0,0,0,0,0.143244,0.693548,0.223728,43.20737,348.5923,13.78215,0,False,False
50.14085,-0.033822,1.622776,0.082135,1.053516,1.525999,358.891,0,0,0,0,0,0,0.14325,0.693527,0.223652,43.2163,348.5968,13.79778,0,False,False
50.152,-0.033854,1.622761,0.082229,1.049593,1.533346,358.8762,0,0,0,0,0,0,0.143233,0.69358,0.223557,43.22062,348.604,13.79984,0,False,False
50.16313,-0.033911,1.62279,0.082281,1.045807,1.531717,358.8636,0,0,0,0,0,0,0.143314,0.693554,0.223625,43.24005,348.6206,13.80811,0,False,False
50.1743,-0.033935,1.622809,0.082385,1.048044,1.535681,358.8543,0,0,0,0,0,0,0.143347,0.693617,0.223653,43.24771,348.6308,13.81719,0,False,False
50.18528,-0.033988,1.622794,0.082482,1.048047,1.540682,358.8521,0,0,0,0,0,0,0.143292,0.693548,0.223614,43.25632,348.6229,13.82734,0,False,False
50.19635,-0.034014,1.622802,0.082573,1.052905,1.542321,358.8579,0,0,0,0,0,0,0.14329,0.693564,0.223593,43.25848,348.6086,13.85331,0,False,False
50.20734,-0.034052,1.622801,0.082677,1.047361,1.545182,358.8818,0,0,0,0,0,0,0.143215,0.693545,0.223527,43.25972,348.5881,13.86706,0,False,False
50.21844,-0.034095,1.622791,0.082799,1.055535,1.547116,358.8804,0,0,0,0,0,0,0.143243,0.693558,0.223632,43.26591,348.5569,13.86968,0,False,False
50.22952,-0.034138,1.622787,0.082911,1.056936,1.552599,358.887,0,0,0,0,0,0,0.143119,0.693476,0.22364,43.26028,348.5519,13.88455,0,False,False
50.2407,-0.034181,1.622797,0.083024,1.068665,1.560932,358.8961,0,0,0,0,0,0,0.143173,0.6934,0.22373,43.26687,348.5281,13.88946,0,False,False
50.2518,-0.034215,1.622852,0.083156,1.07311,1.550396,358.8856,0,0,0,0,0,0,0.143174,0.693365,0.223747,43.2744,348.521,13.9,0,False,False
50.26291,-0.034212,1.622874,0.083292,1.077119,1.544967,358.8888,0,0,0,0,0,0,0.143172,0.693353,0.223787,43.27954,348.5185,13.90728,0,False,False
50.27414,-0.034249,1.62283,0.083409,1.079349,1.535132,358.8961,0,0,0,0,0,0,0.143223,0.693452,0.223932,43.29031,348.5251,13.92043,0,False,False
50.28513,-0.034298,1.622833,0.083535,1.085712,1.532501,358.9095,0,0,0,0,0,0,0.1432,0.693411,0.223938,43.29862,348.5283,13.92186,0,False,False
50.29623,-0.034377,1.622818,0.083665,1.08486,1.516277,358.9117,0,0,0,0,0,0,0.143071,0.693321,0.223909,43.30847,348.5308,13.92995,0,False,False
50.3074,-0.034418,1.62282,0.083808,1.091545,1.508642,358.905,0,0,0,0,0,0,0.143042,0.69331,0.22392,43.31611,348.5219,13.94174,0,False,False
50.31842,-0.034524,1.6228,0.083937,1.105186,1.502337,358.9056,0,0,0,0,0,0,0.143015,0.693311,0.223973,43.33029,348.5093,13.9423,0,False,False
50.32953,-0.034589,1.622772,0.084066,1.110622,1.495034,358.9154,0,0,0,0,0,0,0.142951,0.693263,0.223916,43.3346,348.4964,13.93563,0,False,False
50.34078,-0.03463,1.622774,0.084196,1.130071,1.490598,358.9081,0,0,0,0,0,0,0.143027,0.693301,0.223879,43.34655,348.477,13.93024,0,False,False
50.35179,-0.034662,1.622754,0.084341,1.132229,1.492109,358.9085,0,0,0,0,0,0,0.142989,0.693324,0.223904,43.36545,348.467,13.939,0,False,False
50.36282,-0.034722,1.622723,0.084511,1.151324,1.487999,358.9215,0,0,0,0,0,0,0.142907,0.693354,0.22397,43.37014,348.4602,13.9478,0,False,False
50.37408,-0.034822,1.622724,0.084638,1.160096,1.490671,358.9174,0,0,0,0,0,0,0.142826,0.693244,0.223993,43.37473,348.4546,13.94977,0,False,False
50.38514,-0.034837,1.622668,0.08476,1.163186,1.489123,358.9263,0,0,0,0,0,0,0.1428,0.693214,0.223985,43.39192,348.4424,13.95114,0,False,False
50.39612,-0.034899,1.622655,0.084911,1.173936,1.4954,358.9382,0,0,0,0,0,0,0.142775,0.693089,0.223909,43.39766,348.4386,13.95507,0,False,False
50.40728,-0.034914,1.622663,0.085093,1.191574,1.502109,358.9485,0,0,0,0,0,0,0.142765,0.693065,0.223926,43.39548,348.4378,13.95956,0,False,False
50.4185,-0.03494,1.62264,0.085238,1.201612,1.497314,358.949,0,0,0,0,0,0,0.142733,0.693086,0.223933,43.40555,348.4413,13.95059,0,False,False
50.42949,-0.034962,1.622598,0.085377,1.210029,1.490518,358.963,0,0,0,0,0,0,0.142788,0.693037,0.223829,43.40971,348.4352,13.94364,0,False,False
50.4407,-0.035004,1.622572,0.085508,1.209431,1.488555,358.9608,0,0,0,0,0,0,0.142777,0.693002,0.223813,43.41945,348.4225,13.95071,0,False,False
50.45175,-0.035044,1.622619,0.085712,1.229838,1.48275,358.9681,0,0,0,0,0,0,0.142697,0.693064,0.224007,43.42883,348.4275,13.96354,0,False,False
50.46282,-0.035084,1.622621,0.085864,1.242865,1.467902,358.9658,0,0,0,0,0,0,0.142685,0.693043,0.224021,43.43188,348.414,13.95169,0,False,False
50.47403,-0.035092,1.622622,0.086084,1.2427,1.459121,358.9613,0,0,0,0,0,0,0.142699,0.69308,0.224094,43.44979,348.4043,13.95522,0,False,False
50.48509,-0.03513,1.622603,0.086238,1.255511,1.44923,358.9669,0,0,0,0,0,0,0.142647,0.693043,0.224063,43.45647,348.3936,13.95168,0,False,False
50.49612,-0.03514,1.622562,0.086367,1.271797,1.435431,358.9692,0,0,0,0,0,0,0.142574,0.692882,0.224151,43.46176,348.4052,13.96281,0,False,False
50.5073,-0.035181,1.622539,0.086557,1.278416,1.435977,358.9651,0,0,0,0,0,0,0.142615,0.692868,0.224227,43.46524,348.4037,13.94641,0,False,False
50.51841,-0.0352,1.622524,0.086717,1.289392,1.422472,358.9681,0,0,0,0,0,0,0.142592,0.692801,0.224212,43.45333,348.406,13.93086,0,False,False
50.52954,-0.0352,1.622533,0.086903,1.302154,1.424651,358.9741,0,0,0,0,0,0,0.142544,0.692743,0.224304,43.42383,348.3938,13.91414,0,False,False
50.54066,-0.035261,1.622521,0.087079,1.310642,1.418942,358.9798,0,0,0,0,0,0,0.142463,0.692792,0.224366,43.40586,348.3844,13.89475,0,False,False
50.55169,-0.035295,1.622517,0.087239,1.322499,1.421413,358.9828,0,0,0,0,0,0,0.14248,0.692783,0.224451,43.39856,348.3845,13.88628,0,False,False
50.56297,-0.035293,1.622514,0.087361,1.340852,1.42028,358.9797,0,0,0,0,0,0,0.142495,0.692714,0.224462,43.41154,348.4055,13.88761,0,False,False
50.57405,-0.035316,1.622485,0.08749,1.355044,1.422409,358.9835,0,0,0,0,0,0,0.142414,0.692609,0.224276,43.43468,348.4324,13.90912,0,False,False
50.58498,-0.035326,1.622455,0.08764,1.364161,1.423467,358.9944,0,0,0,0,0,0,0.142329,0.692692,0.224318,43.43918,348.4415,13.89735,0,False,False
50.59608,-0.035352,1.622416,0.08773,1.377192,1.416561,358.9928,0,0,0,0,0,0,0.142274,0.692682,0.224278,43.44862,348.429,13.86822,0,False,False
50.60728,-0.035363,1.622401,0.087874,1.402219,1.416619,359.0011,0,0,0,0,0,0,0.142326,0.692591,0.224191,43.44345,348.4234,13.8697,0,False,False
50.61833,-0.035429,1.622346,0.087962,1.413969,1.419607,359.0049,0,0,0,0,0,0,0.142284,0.692558,0.224107,43.43114,348.3936,13.84828,0,False,False
50.62943,-0.035457,1.622335,0.088107,1.427835,1.411881,358.9924,0,0,0,0,0,0,0.142262,0.692427,0.224124,43.40145,348.3967,13.83097,0,False,False
50.64069,-0.035497,1.6223,0.088253,1.430959,1.409453,358.9961,0,0,0,0,0,0,0.142125,0.692516,0.224229,43.40822,348.4187,13.81904,0,False,False
50.65163,-0.035488,1.622289,0.088407,1.448926,1.407457,358.9935,0,0,0,0,0,0,0.142123,0.692478,0.224211,43.41742,348.4388,13.82138,0,False,False
50.66286,-0.035512,1.622248,0.088515,1.450226,1.410015,358.9893,0,0,0,0,0,0,0.142076,0.692432,0.224334,43.42603,348.4794,13.81099,0,False,False
50.67394,-0.035521,1.622239,0.08866,1.459383,1.41562,358.9958,0,0,0,0,0,0,0.142116,0.692299,0.22434,43.42709,348.5103,13.82223,0,False,False
50.68495,-0.035506,1.622269,0.08875,1.476383,1.40686,359.0005,0,0,0,0,0,0,0.142134,0.692278,0.224369,43.42549,348.4976,13.81935,0,False,False
50.69619,-0.035499,1.622249,0.088878,1.490452,1.407717,359.0154,0,0,0,0,0,0,0.142103,0.692233,0.224393,43.42614,348.4796,13.80193,0,False,False
50.70725,-0.035487,1.622188,0.089005,1.498753,1.405046,359.0208,0,0,0,0,0,0,0.142041,0.692226,0.224418,43.42518,348.4714,13.7858,0,False,False
50.71819,-0.035487,1.622205,0.089105,1.506863,1.405018,359.0347,0,0,0,0,0,0,0.142079,0.692239,0.224314,43.44247,348.4549,13.77168,0,False,False
50.72935,-0.035472,1.622188,0.089205,1.510668,1.39949,359.0298,0,0,0,0,0,0,0.142071,0.692207,0.224306,43.45153,348.4527,13.76712,0,False,False
50.7413,-0.03544,1.622197,0.089361,1.514275,1.393025,359.0363,0,0,0,0,0,0,0.142182,0.69209,0.224307,43.44324,348.4612,13.76313,0,False,False
50.75161,-0.035428,1.62216,0.089535,1.519855,1.393246,359.023,0,0,0,0,0,0,0.142146,0.692113,0.224346,43.43454,348.4785,13.761,0,False,False
50.76276,-0.035398,1.622095,0.089666,1.523178,1.385188,358.9954,0,0,0,0,0,0,0.142241,0.692146,0.224379,43.41721,348.5003,13.76212,0,False,False
50.77386,-0.035396,1.622095,0.089761,1.545744,1.391195,358.9849,0,0,0,0,0,0,0.142281,0.692191,0.224494,43.41769,348.498,13.7396,0,False,False
50.7849,-0.035399,1.622074,0.089836,1.553915,1.389388,358.974,0,0,0,0,0,0,0.142214,0.692174,0.224403,43.42564,348.5232,13.73876,0,False,False
50.79603,-0.035402,1.622043,0.089927,1.562054,1.397872,358.9596,0,0,0,0,0,0,0.142097,0.692039,0.224492,43.43093,348.5252,13.75192,0,False,False
50.80724,-0.035398,1.622042,0.089992,1.570659,1.394893,358.968,0,0,0,0,0,0,0.142011,0.692071,0.224443,43.4318,348.5253,13.75616,0,False,False
50.81839,-0.035413,1.622065,0.090062,1.583952,1.396968,358.972,0,0,0,0,0,0,0.142036,0.691958,0.224222,43.43156,348.5136,13.76512,0,False,False
50.82938,-0.03541,1.622037,0.090132,1.59323,1.40733,358.9865,0,0,0,0,0,0,0.141942,0.691938,0.224313,43.43287,348.496,13.74518,0,False,False
50.84047,-0.035471,1.622036,0.090208,1.607721,1.41802,358.9942,0,0,0,0,0,0,0.141971,0.691958,0.224408,43.40785,348.4952,13.74616,0,False,False
50.85173,-0.03546,1.622004,0.090274,1.616215,1.415326,358.99,0,0,0,0,0,0,0.141835,0.691931,0.224599,43.39057,348.4883,13.73125,0,False,False
50.86271,-0.035475,1.621972,0.090309,1.630165,1.411253,358.9985,0,0,0,0,0,0,0.141836,0.69195,0.224628,43.38511,348.4998,13.73765,0,False,False
50.87379,-0.03547,1.621996,0.090386,1.646824,1.405587,359.0042,0,0,0,0,0,0,0.141675,0.691875,0.224615,43.38393,348.5002,13.72661,0,False,False
50.88503,-0.035463,1.62199,0.090397,1.646945,1.404533,359.0108,0,0,0,0,0,0,0.141739,0.691913,0.224809,43.38987,348.5222,13.72908,0,False,False
50.896,-0.03545,1.621975,0.090471,1.651469,1.382839,359.0161,0,0,0,0,0,0,0.141804,0.691866,0.224883,43.3876,348.5214,13.74535,0,False,False
50.90711,-0.03547,1.621949,0.090451,1.660086,1.366736,359.0201,0,0,0,0,0,0,0.141746,0.69195,0.224949,43.36282,348.4967,13.73837,0,False,False
50.91823,-0.035522,1.621956,0.090458,1.66212,1.350333,359.0144,0,0,0,0,0,0,0.141672,0.691832,0.224932,43.34133,348.4884,13.72755,0,False,False
50.92932,-0.035528,1.621935,0.090476,1.671662,1.333709,359.0048,0,0,0,0,0,0,0.141647,0.691903,0.224815,43.32013,348.4551,13.72469,0,False,False
50.94038,-0.035529,1.621902,0.090387,1.670298,1.316041,358.9936,0,0,0,0,0,0,0.141623,0.691865,0.224839,43.32137,348.4484,13.73307,0,False,False
50.95155,-0.03552,1.62185,0.090405,1.666996,1.311406,359.0005,0,0,0,0,0,0,0.141629,0.691844,0.224875,43.33159,348.4486,13.73301,0,False,False
50.96259,-0.03553,1.621855,0.090416,1.664517,1.300751,359.004,0,0,0,0,0,0,0.141585,0.691835,0.224789,43.33776,348.4276,13.72399,0,False,False
50.97375,-0.035551,1.621864,0.090387,1.672128,1.289482,359.022,0,0,0,0,0,0,0.1416,0.691826,0.22485,43.33742,348.4155,13.70442,0,False,False
50.98484,-0.035547,1.621844,0.09041,1.670437,1.278451,359.017,0,0,0,0,0,0,0.141621,0.691847,0.224818,43.31941,348.3922,13.68589,0,False,False
50.99642,-0.03557,1.621893,0.090376,1.657518,1.274722,359.0115,0,0,0,0,0,0,0.141565,0.691938,0.224828,43.31981,348.359,13.67038,0,False,False
51.00715,-0.035562,1.621885,0.090347,1.656913,1.275733,358.9926,0,0,0,0,0,0,0.141538,0.691943,0.224803,43.32541,348.3376,13.66154,0,False,False
51.0181,-0.035545,1.621888,0.090327,1.643034,1.276653,358.9882,0,0,0,0,0,0,0.141471,0.691931,0.224736,43.34213,348.3211,13.65557,0,False,False
51.02929,-0.035563,1.621898,0.090253,1.641796,1.274362,358.9794,0,0,0,0,0,0,0.141448,0.69192,0.224694,43.35225,348.3002,13.64493,0,False,False
51.0404,-0.035547,1.621892,0.090233,1.629365,1.271568,358.9875,0,0,0,0,0,0,0.141498,0.691809,0.224814,43.35145,348.2948,13.66818,0,False,False
51.05152,-0.035565,1.621973,0.090213,1.628706,1.27278,359.0019,0,0,0,0,0,0,0.141527,0.691843,0.224869,43.33511,348.3069,13.68642,0,False,False
51.06259,-0.035559,1.622006,0.090183,1.630774,1.272097,359.0154,0,0,0,0,0,0,0.141305,0.691839,0.224949,43.32087,348.3053,13.69441,0,False,False
51.07369,-0.035568,1.621997,0.090165,1.607193,1.28025,359.0156,0,0,0,0,0,0,0.141275,0.691866,0.225008,43.2898,348.292,13.69206,0,False,False
51.08482,-0.035578,1.622013,0.090121,1.607005,1.286442,359.0134,0,0,0,0,0,0,0.141223,0.691905,0.225032,43.27041,348.2686,13.70696,0,False,False
51.09591,-0.035578,1.622005,0.090069,1.600598,1.27581,359.019,0,0,0,0,0,0,0.141208,0.692035,0.225075,43.24257,348.2337,13.7031,0,False,False
51.10706,-0.035564,1.622004,0.090034,1.60173,1.272762,359.0236,0,0,0,0,0,0,0.141137,0.692097,0.225087,43.2272,348.2072,13.68778,0,False,False
51.11812,-0.035558,1.622003,0.090005,1.601044,1.26845,359.0182,0,0,0,0,0,0,0.141195,0.692051,0.225116,43.20413,348.1908,13.68863,0,False,False
51.12927,-0.035572,1.621984,0.089963,1.595349,1.259174,359.0327,0,0,0,0,0,0,0.141143,0.69215,0.224962,43.18568,348.179,13.67828,0,False,False
51.14046,-0.035596,1.622015,0.089925,1.602432,1.252681,359.0331,0,0,0,0,0,0,0.141158,0.692182,0.224954,43.17287,348.1847,13.68689,0,False,False
51.15146,-0.03558,1.622013,0.089881,1.589971,1.244346,359.0381,0,0,0,0,0,0,0.141178,0.692198,0.224945,43.14925,348.197,13.69978,0,False,False
51.16265,-0.035559,1.621986,0.089852,1.596592,1.237091,359.033,0,0,0,0,0,0,0.141185,0.692227,0.224911,43.13927,348.2014,13.70308,0,False,False
51.17359,-0.035574,1.621958,0.089842,1.607726,1.228917,359.0315,0,0,0,0,0,0,0.141161,0.692293,0.224972,43.12811,348.2196,13.7008,0,False,False
51.18498,-0.035612,1.621971,0.089837,1.611093,1.226462,359.0231,0,0,0,0,0,0,0.141159,0.692318,0.224913,43.10143,348.2443,13.71228,0,False,False
51.19589,-0.035596,1.621967,0.089813,1.612537,1.227317,359.0243,0,0,0,0,0,0,0.141281,0.692207,0.22487,43.06263,348.2582,13.74447,0,False,False
51.20704,-0.03555,1.621975,0.089727,1.606361,1.220175,359.0206,0,0,0,0,0,0,0.141375,0.692224,0.224904,43.04698,348.2982,13.75959,0,False,False
51.21801,-0.03552,1.621953,0.089699,1.620709,1.235687,359.0114,0,0,0,0,0,0,0.141447,0.692229,0.224895,43.01234,348.3208,13.75381,0,False,False
51.22924,-0.035472,1.621975,0.089641,1.621609,1.230447,359.0191,0,0,0,0,0,0,0.141413,0.692411,0.224922,42.99702,348.3682,13.77188,0,False,False
51.24044,-0.035455,1.621987,0.089573,1.617644,1.252645,359.0136,0,0,0,0,0,0,0.141418,0.692461,0.224925,42.97677,348.372,13.74524,0,False,False
51.25132,-0.035418,1.621999,0.089508,1.624188,1.253352,359.0217,0,0,0,0,0,0,0.141554,0.692731,0.22522,42.95748,348.3632,13.70095,0,False,False
51.26268,-0.035401,1.621984,0.089456,1.628839,1.254722,359.0107,0,0,0,0,0,0,0.141538,0.692757,0.225098,42.94107,348.3699,13.69494,0,False,False
51.27359,-0.03538,1.621986,0.089405,1.617309,1.261621,359.012,0,0,0,0,0,0,0.141546,0.69279,0.224905,42.92817,348.3636,13.69111,0,False,False
51.28482,-0.03536,1.621951,0.089378,1.61555,1.267672,359.0158,0,0,0,0,0,0,0.141663,0.692758,0.224984,42.94371,348.3743,13.64765,0,False,False
51.2959,-0.035351,1.621938,0.089282,1.61447,1.266704,359.0113,0,0,0,0,0,0,0.141679,0.692777,0.224949,42.94325,348.3611,13.63449,0,False,False
51.30692,-0.035308,1.621922,0.0892,1.602201,1.27119,359.0164,0,0,0,0,0,0,0.141625,0.692795,0.224901,42.9467,348.361,13.63628,0,False,False
51.31805,-0.035276,1.621912,0.089061,1.606229,1.277318,359.007,0,0,0,0,0,0,0.141697,0.692791,0.224851,42.93429,348.3692,13.6454,0,False,False
51.32912,-0.035244,1.621909,0.08898,1.604189,1.280867,359.0083,0,0,0,0,0,0,0.141665,0.692778,0.224699,42.89518,348.3861,13.62407,0,False,False
51.3403,-0.03521,1.621919,0.088907,1.597772,1.285431,358.9973,0,0,0,0,0,0,0.14171,0.692827,0.224681,42.876,348.4007,13.61813,0,False,False
51.35133,-0.035184,1.621948,0.088841,1.587886,1.28072,358.9994,0,0,0,0,0,0,0.141752,0.692891,0.224671,42.84842,348.423,13.62095,0,False,False
51.36268,-0.035152,1.621948,0.088762,1.579019,1.290094,359.0043,0,0,0,0,0,0,0.141784,0.69298,0.224627,42.81928,348.4328,13.62848,0,False,False
51.37355,-0.0351,1.621948,0.088688,1.569703,1.285771,358.9975,0,0,0,0,0,0,0.141839,0.692987,0.224591,42.80522,348.4486,13.64245,0,False,False
51.38468,-0.035018,1.621972,0.088616,1.568461,1.281119,358.9916,0,0,0,0,0,0,0.141976,0.69324,0.224748,42.78949,348.4684,13.63392,0,False,False
51.39584,-0.034958,1.621942,0.088504,1.549853,1.29188,358.9808,0,0,0,0,0,0,0.141979,0.693312,0.224761,42.75812,348.4786,13.63378,0,False,False
51.40686,-0.034873,1.621941,0.088394,1.545074,1.28744,358.9814,0,0,0,0,0,0,0.141936,0.693104,0.224644,42.75983,348.4752,13.62004,0,False,False
51.41796,-0.034856,1.621927,0.088248,1.53498,1.283141,358.9738,0,0,0,0,0,0,0.141897,0.693015,0.224573,42.76416,348.4769,13.61487,0,False,False
51.4292,-0.034771,1.621964,0.088189,1.526859,1.292992,358.968,0,0,0,0,0,0,0.141869,0.692978,0.224451,42.78479,348.4704,13.6155,0,False,False
51.44025,-0.034748,1.622021,0.088097,1.514947,1.301534,358.9626,0,0,0,0,0,0,0.141972,0.692986,0.22456,42.79272,348.471,13.60382,0,False,False
51.45123,-0.034693,1.622049,0.088012,1.506676,1.301975,358.961,0,0,0,0,0,0,0.141908,0.692894,0.224578,42.77967,348.4753,13.62303,0,False,False
51.4625,-0.034641,1.622055,0.087913,1.486551,1.304235,358.9483,0,0,0,0,0,0,0.141905,0.693061,0.224506,42.77857,348.4933,13.62393,0,False,False
51.47361,-0.034599,1.622059,0.087801,1.468526,1.308899,358.9327,0,0,0,0,0,0,0.141785,0.692925,0.224424,42.77592,348.4823,13.58158,0,False,False
51.48465,-0.034552,1.622097,0.087719,1.469167,1.305423,358.9263,0,0,0,0,0,0,0.141771,0.692988,0.22435,42.75417,348.4579,13.54262,0,False,False
51.49571,-0.034501,1.622123,0.087632,1.464646,1.321124,358.9173,0,0,0,0,0,0,0.141988,0.692899,0.22443,42.72362,348.4417,13.54515,0,False,False
51.50702,-0.034469,1.622149,0.087561,1.456733,1.324029,358.9109,0,0,0,0,0,0,0.141889,0.692948,0.224562,42.68666,348.4558,13.54514,0,False,False
51.51789,-0.03442,1.622166,0.087475,1.441947,1.331807,358.9123,0,0,0,0,0,0,0.141854,0.693203,0.224586,42.67856,348.4705,13.5277,0,False,False
51.52916,-0.034402,1.622189,0.087364,1.421571,1.349217,358.9041,0,0,0,0,0,0,0.141676,0.693226,0.224471,42.66515,348.475,13.50755,0,False,False
51.5402,-0.034359,1.62223,0.08725,1.411342,1.361841,358.8965,0,0,0,0,0,0,0.141722,0.693246,0.224399,42.64801,348.484,13.51216,0,False,False
51.5512,-0.034319,1.622264,0.087119,1.398196,1.357164,358.8941,0,0,0,0,0,0,0.141776,0.693245,0.224601,42.62902,348.4901,13.51265,0,False,False
51.56232,-0.034323,1.622288,0.087032,1.380724,1.377777,358.8909,0,0,0,0,0,0,0.141733,0.693246,0.224592,42.61176,348.4996,13.55013,0,False,False
51.57348,-0.034282,1.622292,0.086911,1.371955,1.387579,358.8869,0,0,0,0,0,0,0.141696,0.693273,0.224629,42.61501,348.5163,13.56452,0,False,False
51.58472,-0.034243,1.622295,0.086794,1.359703,1.381393,358.8925,0,0,0,0,0,0,0.141719,0.693213,0.224547,42.62049,348.5064,13.53097,0,False,False
51.59585,-0.034203,1.62231,0.08668,1.365262,1.392002,358.8806,0,0,0,0,0,0,0.141626,0.693195,0.224439,42.63198,348.4849,13.50041,0,False,False
51.60682,-0.03415,1.622295,0.086572,1.345436,1.393297,358.885,0,0,0,0,0,0,0.141615,0.693303,0.22433,42.62791,348.4657,13.50157,0,False,False
51.61791,-0.034084,1.622373,0.086496,1.333828,1.396612,358.8856,0,0,0,0,0,0,0.141653,0.693176,0.224369,42.60344,348.4599,13.48201,0,False,False
51.62896,-0.034029,1.622422,0.08642,1.317013,1.402523,358.8759,0,0,0,0,0,0,0.141599,0.693155,0.224313,42.56051,348.4876,13.46109,0,False,False
51.64021,-0.033931,1.622483,0.086358,1.291241,1.399364,358.8495,0,0,0,0,0,0,0.141654,0.693306,0.224376,42.53625,348.5138,13.45173,0,False,False
51.65134,-0.033883,1.622525,0.086254,1.269961,1.40304,358.8249,0,0,0,0,0,0,0.14172,0.693358,0.224455,42.52883,348.5287,13.42781,0,False,False
51.66249,-0.033797,1.622557,0.086162,1.246576,1.410364,358.7917,0,0,0,0,0,0,0.141699,0.693187,0.22441,42.53702,348.5145,13.41632,0,False,False
51.6736,-0.033704,1.622619,0.08604,1.236099,1.412637,358.7715,0,0,0,0,0,0,0.141737,0.693169,0.224409,42.56343,348.5052,13.40692,0,False,False
51.68456,-0.033621,1.622645,0.085991,1.22211,1.423149,358.7578,0,0,0,0,0,0,0.141712,0.693124,0.224326,42.58088,348.4853,13.38848,0,False,False
51.69576,-0.033544,1.622645,0.085916,1.213226,1.44415,358.759,0,0,0,0,0,0,0.141729,0.693055,0.224219,42.59362,348.4614,13.37025,0,False,False
51.70685,-0.033458,1.622666,0.085854,1.211606,1.450174,358.766,0,0,0,0,0,0,0.141765,0.692903,0.224165,42.59389,348.4446,13.37161,0,False,False
51.71784,-0.033396,1.622661,0.085833,1.199612,1.471436,358.7652,0,0,0,0,0,0,0.141688,0.693122,0.224171,42.59254,348.4368,13.37298,0,False,False
51.72905,-0.033339,1.622653,0.085717,1.193038,1.489024,358.7602,0,0,0,0,0,0,0.141701,0.693134,0.224148,42.57584,348.4383,13.37486,0,False,False
51.74014,-0.033279,1.622681,0.085657,1.185448,1.50117,358.7519,0,0,0,0,0,0,0.141702,0.69322,0.224232,42.56958,348.4464,13.3494,0,False,False
51.7512,-0.033247,1.622677,0.085563,1.173671,1.502781,358.7496,0,0,0,0,0,0,0.141655,0.693156,0.224217,42.55428,348.4529,13.33985,0,False,False
51.76235,-0.033186,1.622673,0.085479,1.151235,1.515755,358.7362,0,0,0,0,0,0,0.141588,0.693185,0.224156,42.54622,348.4597,13.33494,0,False,False
51.77347,-0.033143,1.622671,0.08538,1.135132,1.503721,358.7329,0,0,0,0,0,0,0.141614,0.693214,0.224114,42.53287,348.4635,13.34014,0,False,False
51.78442,-0.033104,1.622661,0.08536,1.109294,1.509088,358.7201,0,0,0,0,0,0,0.141606,0.693278,0.224185,42.54616,348.461,13.33163,0,False,False
51.79568,-0.033032,1.622693,0.085318,1.101201,1.501638,358.7145,0,0,0,0,0,0,0.141637,0.693307,0.2242,42.56447,348.4559,13.28668,0,False,False
51.80678,-0.033056,1.622695,0.085251,1.094574,1.49541,358.7084,0,0,0,0,0,0,0.141508,0.69329,0.224185,42.56603,348.4132,13.24547,0,False,False
51.81779,-0.033014,1.622698,0.085152,1.095365,1.494803,358.6956,0,0,0,0,0,0,0.141408,0.69327,0.224113,42.55095,348.3757,13.22785,0,False,False
51.82904,-0.032999,1.622667,0.085065,1.094985,1.501542,358.675,0,0,0,0,0,0,0.141367,0.69312,0.224096,42.53994,348.3598,13.22507,0,False,False
51.84012,-0.032937,1.622654,0.085007,1.081157,1.512113,358.6703,0,0,0,0,0,0,0.141298,0.693072,0.224018,42.52855,348.3621,13.20981,0,False,False
51.85121,-0.03288,1.622653,0.084945,1.073486,1.516426,358.6696,0,0,0,0,0,0,0.141416,0.693027,0.224026,42.53367,348.3888,13.21165,0,False,False
51.86234,-0.032846,1.622681,0.084892,1.059267,1.526295,358.6639,0,0,0,0,0,0,0.141557,0.693079,0.224218,42.52785,348.4123,13.20104,0,False,False
51.87339,-0.032763,1.622721,0.084844,1.044031,1.529531,358.6756,0,0,0,0,0,0,0.141609,0.693042,0.224266,42.526,348.4478,13.21823,0,False,False
51.88446,-0.032722,1.622719,0.084757,1.034377,1.53686,358.6698,0,0,0,0,0,0,0.141534,0.692994,0.224268,42.53075,348.4664,13.22344,0,False,False
51.89552,-0.032686,1.622718,0.084733,0.99667,1.550168,358.649,0,0,0,0,0,0,0.141623,0.693129,0.224508,42.54464,348.4716,13.20733,0,False,False
51.9067,-0.032649,1.622745,0.08465,0.978788,1.551282,358.635,0,0,0,0,0,0,0.141669,0.693175,0.224389,42.5438,348.4669,13.20278,0,False,False
51.91775,-0.032628,1.62276,0.084629,0.9717,1.557703,358.6188,0,0,0,0,0,0,0.1417,0.693201,0.224452,42.54457,348.4738,13.18838,0,False,False
51.92886,-0.032577,1.622786,0.084587,0.953458,1.555003,358.6079,0,0,0,0,0,0,0.141648,0.693256,0.224483,42.54963,348.4685,13.18244,0,False,False
51.94007,-0.032536,1.622836,0.084499,0.957917,1.554691,358.6167,0,0,0,0,0,0,0.141564,0.69323,0.224372,42.53195,348.445,13.17985,0,False,False
51.9512,-0.032566,1.622792,0.084399,0.935473,1.556314,358.6192,0,0,0,0,0,0,0.141478,0.693223,0.224325,42.5439,348.4193,13.17957,0,False,False
51.96222,-0.032537,1.622797,0.08435,0.929208,1.552073,358.6199,0,0,0,0,0,0,0.141449,0.69322,0.224373,42.53879,348.4074,13.19408,0,False,False
51.97342,-0.032506,1.622768,0.084308,0.925268,1.550642,358.6169,0,0,0,0,0,0,0.141416,0.693203,0.224374,42.55041,348.3847,13.18861,0,False,False
51.98445,-0.032472,1.622801,0.084266,0.930197,1.55063,358.6107,0,0,0,0,0,0,0.141406,0.693106,0.22442,42.55107,348.3844,13.20523,0,False,False
51.99561,-0.03247,1.622828,0.084252,0.921384,1.548769,358.599,0,0,0,0,0,0,0.141393,0.693119,0.224458,42.54805,348.3843,13.20522,0,False,False
52.00677,-0.032437,1.622845,0.08423,0.925046,1.544509,358.5929,0,0,0,0,0,0,0.14138,0.693089,0.224305,42.53762,348.3908,13.20135,0,False,False
52.01769,-0.032401,1.622898,0.084232,0.911156,1.553087,358.6051,0,0,0,0,0,0,0.141373,0.69312,0.224427,42.52456,348.4173,13.21165,0,False,False
52.02898,-0.032348,1.622889,0.084202,0.907668,1.541727,358.5975,0,0,0,0,0,0,0.141465,0.693129,0.224566,42.52516,348.4269,13.20401,0,False,False
52.03994,-0.032315,1.62291,0.084135,0.891476,1.539637,358.6035,0,0,0,0,0,0,0.141438,0.693168,0.224492,42.51148,348.4366,13.21692,0,False,False
52.05106,-0.032294,1.622917,0.084119,0.888374,1.540311,358.5984,0,0,0,0,0,0,0.141479,0.693164,0.224569,42.52314,348.4288,13.22591,0,False,False
52.06219,-0.032314,1.622915,0.084067,0.878061,1.543963,358.5987,0,0,0,0,0,0,0.141393,0.693072,0.224509,42.52433,348.4166,13.22934,0,False,False
52.0734,-0.032332,1.622954,0.084086,0.882988,1.542947,358.5983,0,0,0,0,0,0,0.141355,0.693062,0.224521,42.5195,348.4059,13.23541,0,False,False
52.08444,-0.032329,1.62298,0.084071,0.883135,1.54433,358.6005,0,0,0,0,0,0,0.141371,0.693081,0.224526,42.52589,348.3992,13.22243,0,False,False
52.09561,-0.032305,1.622965,0.084066,0.890068,1.546532,358.5981,0,0,0,0,0,0,0.141376,0.693071,0.224537,42.52588,348.3961,13.21573,0,False,False
52.10673,-0.032288,1.622974,0.084034,0.902834,1.554183,358.5973,0,0,0,0,0,0,0.141367,0.693116,0.224576,42.53301,348.4159,13.23021,0,False,False
52.11764,-0.032296,1.622947,0.084012,0.896616,1.555623,358.5888,0,0,0,0,0,0,0.141405,0.693076,0.224521,42.53209,348.4269,13.22187,0,False,False
52.12885,-0.032259,1.622933,0.084011,0.905781,1.555801,358.5961,0,0,0,0,0,0,0.141476,0.692997,0.224501,42.54345,348.4433,13.21765,0,False,False
52.13994,-0.032254,1.622916,0.084027,0.896568,1.564306,358.5873,0,0,0,0,0,0,0.141507,0.692956,0.224513,42.54994,348.4706,13.21973,0,False,False
52.15102,-0.032211,1.6229,0.084031,0.895452,1.568853,358.5842,0,0,0,0,0,0,0.141552,0.692893,0.224509,42.56066,348.4827,13.23075,0,False,False
52.1622,-0.032219,1.622969,0.084062,0.90256,1.584415,358.578,0,0,0,0,0,0,0.141484,0.692913,0.22429,42.55616,348.4873,13.24279,0,False,False
52.17323,-0.032213,1.622957,0.084077,0.8964,1.581034,358.5734,0,0,0,0,0,0,0.141519,0.692962,0.224279,42.54936,348.4846,13.23938,0,False,False
52.18452,-0.032213,1.623021,0.084078,0.899472,1.58551,358.586,0,0,0,0,0,0,0.141514,0.69294,0.224271,42.54789,348.4524,13.21794,0,False,False
52.19556,-0.03223,1.623018,0.084151,0.894408,1.594063,358.5716,0,0,0,0,0,0,0.141486,0.692923,0.224301,42.54206,348.4391,13.21562,0,False,False
52.20657,-0.032237,1.623004,0.08418,0.890755,1.608075,358.5697,0,0,0,0,0,0,0.141482,0.692978,0.224473,42.54824,348.4492,13.22503,0,False,False
52.21767,-0.032217,1.622996,0.084198,0.887804,1.612628,358.5634,0,0,0,0,0,0,0.141587,0.693037,0.224554,42.54001,348.4602,13.24518,0,False,False
52.22873,-0.032171,1.623014,0.084238,0.903184,1.621961,358.56,0,0,0,0,0,0,0.141653,0.693088,0.224566,42.54235,348.492,13.28244,0,False,False
52.23992,-0.03214,1.622998,0.084249,0.913619,1.626192,358.5599,0,0,0,0,0,0,0.141692,0.693064,0.224539,42.55142,348.5329,13.32334,0,False,False
52.25101,-0.032133,1.62297,0.084287,0.919465,1.638258,358.5495,0,0,0,0,0,0,0.141751,0.69306,0.224537,42.54754,348.5881,13.38184,0,False,False
52.26215,-0.032078,1.622964,0.084289,0.932201,1.648744,358.5438,0,0,0,0,0,0,0.141783,0.693099,0.224489,42.53724,348.6541,13.41248,0,False,False
52.27319,-0.032052,1.622959,0.084341,0.935341,1.652844,358.5378,0,0,0,0,0,0,0.142044,0.693057,0.224542,42.52605,348.7797,13.42942,0,False,False
52.28444,-0.032046,1.622974,0.084377,0.930745,1.669742,358.5239,0,0,0,0,0,0,0.142366,0.693135,0.224659,42.4897,349.0072,13.61022,0,False,False
52.2956,-0.031993,1.622975,0.084394,0.928061,1.676506,358.5191,0,0,0,0,0,0,0.142709,0.693168,0.224789,42.43862,349.2516,13.63185,0,False,False
52.30664,-0.031994,1.622972,0.084399,0.919944,1.688137,358.5151,0,0,0,0,0,0,0.143088,0.693227,0.225021,42.36272,349.5333,13.6303,0,False,False
52.31773,-0.031958,1.622948,0.084442,0.91027,1.69362,358.5062,0,0,0,0,0,0,0.143415,0.693539,0.225354,42.18244,349.8173,13.54649,0,False,False
52.32875,-0.031936,1.622974,0.084541,0.91517,1.703186,358.4907,0,0,0,0,0,0,0.143732,0.693785,0.225676,42.05334,349.9945,13.43854,0,False,False
52.33987,-0.031915,1.622969,0.084555,0.921345,1.711001,358.4919,0,0,0,0,0,0,0.143772,0.694098,0.225938,41.89053,350.0908,13.29912,0,False,False
52.35099,-0.031914,1.622947,0.084602,0.92892,1.721626,358.4824,0,0,0,0,0,0,0.143714,0.694372,0.226069,41.70868,350.087,13.22196,0,False,False
52.36209,-0.031872,1.622895,0.084656,0.925743,1.718244,358.4764,0,0,0,0,0,0,0.143652,0.69465,0.226164,41.58881,350.0521,12.99559,0,False,False
52.37327,-0.031867,1.6229,0.08473,0.937938,1.72449,358.4703,0,0,0,0,0,0,0.143699,0.694927,0.226394,41.4963,350.0873,12.81248,0,False,False
52.38422,-0.031818,1.622865,0.084799,0.945184,1.723615,358.455,0,0,0,0,0,0,0.143649,0.695105,0.226465,41.44248,350.0443,12.64969,0,False,False
52.39538,-0.031738,1.62286,0.08481,0.96485,1.723772,358.448,0,0,0,0,0,0,0.143668,0.695175,0.226511,41.43541,349.9173,12.56892,0,False,False
52.40655,-0.031657,1.622767,0.084841,0.973545,1.728849,358.4377,0,0,0,0,0,0,0.143492,0.695267,0.226456,41.4165,349.8387,12.57251,0,False,False
52.41756,-0.031617,1.622749,0.084886,0.982359,1.726806,358.4366,0,0,0,0,0,0,0.143465,0.695211,0.226312,41.42645,349.7842,12.64103,0,False,False
52.42887,-0.031559,1.622762,0.084903,1.003409,1.741316,358.4243,0,0,0,0,0,0,0.143438,0.695304,0.226194,41.41665,349.7584,12.59288,0,False,False
52.43981,-0.031497,1.622745,0.084952,1.017231,1.747549,358.4231,0,0,0,0,0,0,0.143504,0.695314,0.22624,41.43104,349.7587,12.56004,0,False,False
52.45085,-0.031398,1.622712,0.08498,1.01932,1.760699,358.4208,0,0,0,0,0,0,0.143547,0.695344,0.226267,41.43325,349.7707,12.56053,0,False,False
52.46206,-0.031338,1.62269,0.085014,1.019993,1.779135,358.4207,0,0,0,0,0,0,0.143645,0.695271,0.226276,41.44489,349.7889,12.61099,0,False,False
52.47332,-0.031275,1.622697,0.085034,1.040073,1.79734,358.4091,0,0,0,0,0,0,0.143654,0.695297,0.226311,41.43264,349.8106,12.64994,0,False,False
52.48422,-0.031231,1.622668,0.08501,1.035253,1.814148,358.4157,0,0,0,0,0,0,0.143649,0.69543,0.226371,41.4101,349.8092,12.65111,0,False,False
52.49543,-0.031149,1.622662,0.085066,1.017977,1.835895,358.4025,0,0,0,0,0,0,0.143665,0.695502,0.226369,41.3947,349.8218,12.67187,0,False,False
52.50647,-0.031077,1.622664,0.08501,1.022931,1.855501,358.3898,0,0,0,0,0,0,0.143703,0.695553,0.226334,41.3768,349.8127,12.67677,0,False,False
52.51752,-0.031009,1.622691,0.085046,1.003564,1.86134,358.381,0,0,0,0,0,0,0.143579,0.695664,0.226302,41.32748,349.7695,12.65351,0,False,False
52.52861,-0.030938,1.622698,0.085028,1.001606,1.883697,358.3694,0,0,0,0,0,0,0.143493,0.695744,0.22629,41.30174,349.722,12.61989,0,False,False
52.53994,-0.030846,1.622734,0.084977,0.997567,1.896141,358.3619,0,0,0,0,0,0,0.143421,0.69572,0.226246,41.3086,349.6583,12.60869,0,False,False
52.55106,-0.030768,1.622749,0.084982,0.997761,1.919711,358.346,0,0,0,0,0,0,0.14332,0.695627,0.226152,41.34031,349.5995,12.62708,0,False,False
52.56229,-0.030643,1.622843,0.084974,0.984236,1.92865,358.333,0,0,0,0,0,0,0.143304,0.695547,0.225999,41.39592,349.5806,12.67705,0,False,False
52.5732,-0.030545,1.622873,0.084994,0.981586,1.950043,358.3209,0,0,0,0,0,0,0.143281,0.695503,0.225886,41.44647,349.5674,12.73382,0,False,False
52.58414,-0.030536,1.622856,0.084936,0.967823,1.975379,358.2966,0,0,0,0,0,0,0.14326,0.69543,0.225899,41.47872,349.5471,12.73276,0,False,False
52.59542,-0.030465,1.622862,0.084938,0.962502,2.004028,358.2658,0,0,0,0,0,0,0.143185,0.695388,0.225828,41.51435,349.4832,12.70028,0,False,False
52.60636,-0.030353,1.62287,0.084916,0.962835,2.036205,358.2323,0,0,0,0,0,0,0.143194,0.695324,0.225708,41.5559,349.4565,12.71282,0,False,False
52.61748,-0.030225,1.622894,0.084896,0.955257,2.10148,358.1935,0,0,0,0,0,0,0.143304,0.695311,0.225744,41.59173,349.4427,12.70424,0,False,False
52.62874,-0.030081,1.622901,0.084866,0.947221,2.181263,358.1604,0,0,0,0,0,0,0.14322,0.695311,0.225741,41.66139,349.4151,12.69759,0,False,False
52.6397,-0.029835,1.622918,0.084792,0.938235,2.271986,358.1553,0,0,0,0,0,0,0.143267,0.695226,0.225623,41.72367,349.353,12.68302,0,False,False
52.65075,-0.029655,1.622913,0.084692,0.932198,2.379675,358.1509,0,0,0,0,0,0,0.14324,0.695196,0.225533,41.77651,349.2866,12.67705,0,False,False
52.66203,-0.02942,1.622896,0.084563,0.924525,2.500262,358.144,0,0,0,0,0,0,0.143194,0.695018,0.225437,41.80714,349.2106,12.66133,0,False,False
52.67299,-0.029186,1.622892,0.084458,0.918954,2.622777,358.1263,0,0,0,0,0,0,0.143167,0.694858,0.225426,41.86774,349.1544,12.63348,0,False,False
52.68427,-0.028988,1.622891,0.084352,0.911472,2.758335,358.0945,0,0,0,0,0,0,0.143226,0.694795,0.225025,41.97376,349.1272,12.66982,0,False,False
52.69534,-0.02878,1.622949,0.084299,0.901795,2.882055,358.0548,0,0,0,0,0,0,0.143177,0.694639,0.224982,42.02666,349.1384,12.71047,0,False,False
52.70631,-0.028562,1.622976,0.084194,0.881078,3.020074,358.0164,0,0,0,0,0,0,0.143166,0.694653,0.224948,42.05003,349.1082,12.70841,0,False,False
52.7174,-0.028302,1.62302,0.084108,0.855645,3.147537,357.9839,0,0,0,0,0,0,0.14306,0.694697,0.224957,42.03732,349.0732,12.69762,0,False,False
52.72879,-0.028045,1.623055,0.084002,0.813272,3.288941,357.9484,0,0,0,0,0,0,0.143017,0.694771,0.224998,42.03703,349.0319,12.66878,0,False,False
52.73971,-0.027779,1.623096,0.083859,0.783565,3.441734,357.9008,0,0,0,0,0,0,0.142939,0.694844,0.225035,41.99667,348.9981,12.74868,0,False,False
52.7509,-0.027477,1.623163,0.083742,0.7575,3.583287,357.8581,0,0,0,0,0,0,0.142896,0.694899,0.225095,41.972,348.954,12.73141,0,False,False
52.76198,-0.027211,1.623214,0.083597,0.746728,3.749465,357.8008,0,0,0,0,0,0,0.142741,0.695022,0.22504,41.97324,348.8578,12.71491,0,False,False
52.773,-0.026923,1.623257,0.08345,0.729901,3.890249,357.7498,0,0,0,0,0,0,0.14276,0.695036,0.225156,41.95354,348.812,12.68363,0,False,False
52.78413,-0.026695,1.623341,0.083314,0.717605,4.045425,357.7032,0,0,0,0,0,0,0.14263,0.695118,0.225185,41.9432,348.7517,12.65359,0,False,False
52.79532,-0.026433,1.623349,0.083212,0.69244,4.183933,357.6421,0,0,0,0,0,0,0.1426,0.695228,0.22515,41.91152,348.7357,12.66113,0,False,False
52.80642,-0.026207,1.62337,0.083064,0.671704,4.309395,357.6075,0,0,0,0,0,0,0.142548,0.695298,0.225231,41.89295,348.7104,12.63666,0,False,False
52.81736,-0.025911,1.623401,0.082942,0.658025,4.418528,357.5873,0,0,0,0,0,0,0.142571,0.695312,0.225247,41.88976,348.6925,12.63875,0,False,False
52.82853,-0.025698,1.623391,0.082797,0.634817,4.521461,357.5314,0,0,0,0,0,0,0.142672,0.695271,0.225214,41.87008,348.7272,12.70875,0,False,False
52.83968,-0.025471,1.623393,0.082649,0.633518,4.615422,357.4832,0,0,0,0,0,0,0.142715,0.695245,0.225211,41.85568,348.7815,12.79531,0,False,False
52.85075,-0.025213,1.623425,0.082605,0.606989,4.702365,357.4477,0,0,0,0,0,0,0.142826,0.695304,0.225241,41.83758,348.8286,12.85235,0,False,False
52.86185,-0.025042,1.623421,0.082443,0.588215,4.765577,357.3916,0,0,0,0,0,0,0.142982,0.695333,0.225377,41.82528,348.8786,12.88073,0,False,False
52.87307,-0.02487,1.623451,0.082392,0.573607,4.821615,357.3677,0,0,0,0,0,0,0.143086,0.695423,0.225313,41.86276,348.8849,12.86542,0,False,False
52.88419,-0.024737,1.623413,0.082259,0.549165,4.862304,357.3511,0,0,0,0,0,0,0.143114,0.695378,0.225313,41.84439,348.9196,12.94741,0,False,False
52.89521,-0.024633,1.62346,0.082148,0.519168,4.882843,357.3347,0,0,0,0,0,0,0.143127,0.695362,0.225331,41.83152,348.9055,12.99601,0,False,False
52.90638,-0.024604,1.623471,0.082,0.49913,4.886662,357.334,0,0,0,0,0,0,0.143084,0.695455,0.225322,41.82677,348.8957,13.03937,0,False,False
52.91732,-0.024583,1.623529,0.081882,0.47005,4.874792,357.3225,0,0,0,0,0,0,0.142912,0.695359,0.22521,41.82146,348.8958,13.04222,0,False,False
52.92861,-0.02455,1.623557,0.081763,0.454717,4.858276,357.2993,0,0,0,0,0,0,0.142948,0.695414,0.225128,41.83775,348.9131,13.04411,0,False,False
52.93967,-0.024615,1.623525,0.081602,0.438356,4.821945,357.2914,0,0,0,0,0,0,0.14302,0.69534,0.225062,41.81396,348.9263,13.07411,0,False,False
52.95079,-0.02467,1.623534,0.081427,0.427341,4.791917,357.2807,0,0,0,0,0,0,0.143085,0.695313,0.225079,41.79771,348.9476,13.07734,0,False,False
52.96178,-0.024677,1.623571,0.08126,0.417165,4.74128,357.2713,0,0,0,0,0,0,0.143164,0.695149,0.224935,41.84471,348.9779,13.09155,0,False,False
52.97295,-0.024724,1.623593,0.08112,0.407889,4.69903,357.2751,0,0,0,0,0,0,0.143324,0.695143,0.224909,41.8569,349.0458,13.13232,0,False,False
52.98402,-0.024723,1.623617,0.080948,0.383706,4.657297,357.2841,0,0,0,0,0,0,0.143526,0.69502,0.224895,41.88579,349.1124,13.13404,0,False,False
52.99517,-0.024756,1.623614,0.080749,0.387682,4.623978,357.2961,0,0,0,0,0,0,0.143549,0.694889,0.224723,41.91626,349.1642,13.17007,0,False,False
53.00616,-0.024789,1.623644,0.080608,0.380912,4.588334,357.3203,0,0,0,0,0,0,0.143654,0.694827,0.224699,41.98676,349.2294,13.23152,0,False,False
53.01727,-0.02483,1.623669,0.080487,0.369108,4.551077,357.342,0,0,0,0,0,0,0.143707,0.694749,0.224546,42.04727,349.283,13.26246,0,False,False
53.02838,-0.024906,1.62367,0.080322,0.354027,4.520064,357.3601,0,0,0,0,0,0,0.143775,0.694626,0.224432,42.11484,349.2979,13.28124,0,False,False
53.03961,-0.024981,1.623692,0.080204,0.356264,4.491256,357.3773,0,0,0,0,0,0,0.14382,0.694592,0.224371,42.13754,349.3284,13.36082,0,False,False
53.05061,-0.025026,1.623704,0.080119,0.348043,4.448533,357.4074,0,0,0,0,0,0,0.143907,0.694616,0.224355,42.14479,349.3609,13.4048,0,False,False
53.06186,-0.025084,1.623709,0.080005,0.334908,4.408334,357.4432,0,0,0,0,0,0,0.143964,0.694628,0.224356,42.14031,349.3779,13.37946,0,False,False
53.073,-0.025195,1.623685,0.079893,0.327673,4.369166,357.4765,0,0,0,0,0,0,0.143907,0.694657,0.224281,42.12529,349.3536,13.35698,0,False,False
53.08408,-0.025207,1.623762,0.079815,0.329647,4.322834,357.5156,0,0,0,0,0,0,0.14396,0.694773,0.22433,42.08405,349.3407,13.33879,0,False,False
53.09521,-0.025312,1.623793,0.079731,0.318547,4.281001,357.5527,0,0,0,0,0,0,0.143907,0.694861,0.224331,42.05089,349.3069,13.34751,0,False,False
53.10619,-0.0254,1.623783,0.079632,0.308949,4.234012,357.5742,0,0,0,0,0,0,0.143891,0.694842,0.224282,42.02855,349.3201,13.3758,0,False,False
53.11723,-0.025503,1.623808,0.079505,0.303204,4.175914,357.5971,0,0,0,0,0,0,0.143935,0.694856,0.224215,42.0252,349.3301,13.39373,0,False,False
53.12851,-0.025625,1.623796,0.079363,0.288529,4.105269,357.6317,0,0,0,0,0,0,0.143943,0.694832,0.224095,42.03061,349.3288,13.43669,0,False,False
53.13953,-0.025743,1.623808,0.079244,0.280233,4.045968,357.6567,0,0,0,0,0,0,0.143905,0.694847,0.223955,42.01923,349.3385,13.43264,0,False,False
53.1506,-0.025837,1.623819,0.07914,0.277143,3.966381,357.6812,0,0,0,0,0,0,0.143944,0.694936,0.223951,42.01285,349.309,13.41413,0,False,False
53.16178,-0.025949,1.623831,0.079,0.282202,3.891954,357.6947,0,0,0,0,0,0,0.143905,0.694893,0.223855,42.01085,349.3022,13.41582,0,False,False
53.17326,-0.026059,1.623839,0.078913,0.272671,3.822226,357.7203,0,0,0,0,0,0,0.143897,0.694895,0.223751,42.02343,349.2932,13.41266,0,False,False
53.18403,-0.026146,1.623852,0.078825,0.26958,3.730551,357.7494,0,0,0,0,0,0,0.14393,0.694858,0.223578,42.02855,349.2737,13.41152,0,False,False
53.19526,-0.026258,1.623864,0.078727,0.260493,3.652024,357.7636,0,0,0,0,0,0,0.14393,0.694862,0.22353,42.05111,349.2464,13.40674,0,False,False
53.20628,-0.026348,1.623874,0.078656,0.262066,3.572649,357.7884,0,0,0,0,0,0,0.143956,0.694833,0.22341,42.05527,349.2198,13.3921,0,False,False
53.21723,-0.02645,1.623905,0.078572,0.253957,3.484781,357.8057,0,0,0,0,0,0,0.143894,0.694865,0.223344,42.05216,349.1717,13.36145,0,False,False
53.22849,-0.026552,1.623892,0.078454,0.246612,3.411491,357.8425,0,0,0,0,0,0,0.143861,0.694863,0.223257,42.03711,349.1547,13.36212,0,False,False
53.23951,-0.026672,1.623912,0.078363,0.248348,3.336419,357.8663,0,0,0,0,0,0,0.143894,0.694897,0.223282,42.02859,349.145,13.36063,0,False,False
53.25053,-0.026766,1.623949,0.078225,0.249943,3.25295,357.887,0,0,0,0,0,0,0.143862,0.694859,0.223208,42.00087,349.133,13.37189,0,False,False
53.26168,-0.026814,1.623961,0.078183,0.250661,3.175738,357.9202,0,0,0,0,0,0,0.143826,0.694861,0.223133,41.98246,349.1134,13.37259,0,False,False
53.2728,-0.026865,1.624002,0.078158,0.24078,3.106341,357.9508,0,0,0,0,0,0,0.143811,0.694879,0.223077,41.97511,349.0871,13.36014,0,False,False
53.28389,-0.02696,1.624001,0.078071,0.239356,3.032759,357.975,0,0,0,0,0,0,0.14376,0.694864,0.222978,41.97512,349.0753,13.33877,0,False,False
53.29509,-0.026985,1.624023,0.078078,0.225512,2.972381,358.0141,0,0,0,0,0,0,0.143747,0.694839,0.222909,41.99512,349.0525,13.32937,0,False,False
53.30613,-0.02711,1.624008,0.077995,0.221353,2.904033,358.0293,0,0,0,0,0,0,0.143738,0.694838,0.222822,42.01134,349.0336,13.32552,0,False,False
53.31722,-0.027284,1.623983,0.07779,0.217122,2.848548,358.0545,0,0,0,0,0,0,0.143749,0.694883,0.222749,42.01546,349.0251,13.33024,0,False,False
53.32846,-0.027409,1.623979,0.077641,0.210938,2.800346,358.0813,0,0,0,0,0,0,0.143762,0.694897,0.222644,42.0105,349.0102,13.31379,0,False,False
53.33958,-0.027471,1.623951,0.077529,0.215456,2.757695,358.0967,0,0,0,0,0,0,0.143876,0.694902,0.222618,42.01337,349.0032,13.29719,0,False,False
53.35052,-0.027536,1.623912,0.077432,0.207725,2.717529,358.1124,0,0,0,0,0,0,0.143912,0.694891,0.222556,42.01708,349.0122,13.28191,0,False,False
53.36168,-0.02759,1.623914,0.077315,0.206626,2.689425,358.1326,0,0,0,0,0,0,0.143969,0.694908,0.22245,42.02072,349.0027,13.27806,0,False,False
53.37273,-0.027656,1.623914,0.077203,0.214812,2.667176,358.1497,0,0,0,0,0,0,0.143928,0.694868,0.222368,42.02129,348.9868,13.28311,0,False,False
53.38383,-0.027704,1.62387,0.077087,0.218627,2.642292,358.1572,0,0,0,0,0,0,0.143994,0.694907,0.222247,42.01836,348.975,13.2829,0,False,False
53.39504,-0.027708,1.623869,0.076983,0.22935,2.633203,358.1765,0,0,0,0,0,0,0.143999,0.694899,0.22214,42.01076,348.9638,13.27943,0,False,False
53.40606,-0.027754,1.62387,0.076856,0.230825,2.638118,358.1845,0,0,0,0,0,0,0.143972,0.694783,0.222035,42.00192,348.9639,13.27692,0,False,False
53.41714,-0.027772,1.623887,0.076817,0.230464,2.642448,358.1835,0,0,0,0,0,0,0.143936,0.694791,0.221987,42.00919,348.9378,13.2477,0,False,False
53.42831,-0.02773,1.62388,0.076792,0.228593,2.651864,358.1895,0,0,0,0,0,0,0.143957,0.69474,0.221919,42.02016,348.9147,13.22165,0,False,False
53.43947,-0.027716,1.62388,0.076752,0.225136,2.663325,358.1976,0,0,0,0,0,0,0.14394,0.694657,0.221973,42.01577,348.8753,13.23558,0,False,False
53.45045,-0.027698,1.623886,0.076689,0.221823,2.678081,358.2089,0,0,0,0,0,0,0.143892,0.694541,0.22187,42.02868,348.8126,13.2343,0,False,False
53.46165,-0.027648,1.623922,0.076632,0.214479,2.688602,358.2081,0,0,0,0,0,0,0.143794,0.694469,0.221818,42.03365,348.7635,13.29558,0,False,False
53.4727,-0.027638,1.623951,0.076545,0.225971,2.702553,358.2294,0,0,0,0,0,0,0.143771,0.694476,0.221668,42.05016,348.7591,13.36746,0,False,False
53.48388,-0.027602,1.623943,0.076505,0.211144,2.715142,358.2383,0,0,0,0,0,0,0.143821,0.694429,0.221628,42.05679,348.7666,13.35616,0,False,False
53.49509,-0.02755,1.623971,0.076378,0.20955,2.724688,358.2343,0,0,0,0,0,0,0.14391,0.69442,0.221453,42.06339,348.7897,13.32908,0,False,False
53.50605,-0.0275,1.623982,0.076337,0.206489,2.731049,358.2272,0,0,0,0,0,0,0.144016,0.694367,0.221387,42.08168,348.8502,13.31353,0,False,False
53.51717,-0.027523,1.623921,0.076266,0.197367,2.740282,358.2087,0,0,0,0,0,0,0.144145,0.694424,0.221428,42.03959,348.9398,13.32815,0,False,False
53.52827,-0.027519,1.623882,0.076167,0.205042,2.750347,358.1832,0,0,0,0,0,0,0.144234,0.694539,0.221373,41.99597,348.9677,13.37293,0,False,False
53.53934,-0.027524,1.623869,0.076099,0.208616,2.758572,358.1682,0,0,0,0,0,0,0.144249,0.694554,0.221322,41.97911,348.984,13.40482,0,False,False
53.55046,-0.027484,1.62389,0.076082,0.233638,2.765365,358.1503,0,0,0,0,0,0,0.144258,0.694524,0.221324,41.96846,348.9917,13.41221,0,False,False
53.56164,-0.027433,1.623894,0.076088,0.238325,2.768426,358.1368,0,0,0,0,0,0,0.144202,0.694474,0.221208,41.98124,348.9901,13.39928,0,False,False
53.57262,-0.027445,1.623884,0.076065,0.245683,2.781056,358.1471,0,0,0,0,0,0,0.144208,0.694448,0.221165,42.00042,348.9839,13.38639,0,False,False
53.58374,-0.027451,1.623892,0.076017,0.24517,2.793755,358.1585,0,0,0,0,0,0,0.144188,0.694408,0.221114,42.00864,348.9559,13.37831,0,False,False
53.5951,-0.027484,1.623872,0.075908,0.25303,2.803802,358.1593,0,0,0,0,0,0,0.144182,0.694392,0.221107,42.00229,348.937,13.37051,0,False,False
53.60615,-0.027472,1.623854,0.075871,0.238684,2.808133,358.1804,0,0,0,0,0,0,0.144223,0.694387,0.221152,41.98714,348.9415,13.36853,0,False,False
53.61708,-0.027431,1.623857,0.075861,0.246762,2.8166,358.1886,0,0,0,0,0,0,0.144273,0.694391,0.221216,41.96597,348.965,13.36943,0,False,False
53.62828,-0.027447,1.623841,0.075863,0.247341,2.820925,358.1874,0,0,0,0,0,0,0.144336,0.694306,0.221204,41.96267,348.9944,13.3706,0,False,False
53.63929,-0.027416,1.623845,0.075873,0.240473,2.811891,358.1951,0,0,0,0,0,0,0.144403,0.694337,0.221298,41.95787,349.0279,13.3896,0,False,False
53.65039,-0.027458,1.623851,0.075876,0.242534,2.819144,358.1993,0,0,0,0,0,0,0.144468,0.694325,0.221364,41.9541,349.0597,13.40907,0,False,False
53.66145,-0.027454,1.623841,0.075895,0.237353,2.805059,358.2152,0,0,0,0,0,0,0.14452,0.694278,0.221341,41.95452,349.0783,13.41875,0,False,False
53.67265,-0.027506,1.62381,0.075791,0.230152,2.801518,358.2181,0,0,0,0,0,0,0.144492,0.69428,0.221311,41.96309,349.0697,13.40363,0,False,False
53.68365,-0.027522,1.623818,0.075734,0.226897,2.799909,358.2214,0,0,0,0,0,0,0.144482,0.694284,0.221319,41.96313,349.0671,13.39142,0,False,False
53.6949,-0.027522,1.623827,0.075683,0.225146,2.786314,358.2186,0,0,0,0,0,0,0.144475,0.694218,0.221274,41.9752,349.0501,13.35613,0,False,False
53.70592,-0.027513,1.623844,0.075631,0.223371,2.782837,358.221,0,0,0,0,0,0,0.144514,0.694232,0.221228,41.98085,349.0533,13.34137,0,False,False
53.71703,-0.027515,1.623843,0.075571,0.20481,2.784399,358.2135,0,0,0,0,0,0,0.144564,0.69426,0.221283,41.99527,349.0652,13.34309,0,False,False
53.72814,-0.027515,1.623873,0.075544,0.199059,2.778753,358.2168,0,0,0,0,0,0,0.144657,0.694315,0.221404,41.9862,349.0698,13.35432,0,False,False
53.73946,-0.027506,1.623912,0.075511,0.180492,2.785903,358.2342,0,0,0,0,0,0,0.144686,0.694353,0.221548,41.98155,349.0834,13.35959,0,False,False
53.75032,-0.027523,1.623891,0.07545,0.162075,2.788011,358.2162,0,0,0,0,0,0,0.144701,0.694346,0.221592,41.95605,349.1013,13.40884,0,False,False
53.76154,-0.027452,1.623939,0.075466,0.160225,2.789223,358.2203,0,0,0,0,0,0,0.144755,0.694316,0.221732,41.93393,349.1384,13.44926,0,False,False
53.77258,-0.027441,1.623947,0.075382,0.132683,2.805775,358.1966,0,0,0,0,0,0,0.144775,0.694294,0.221763,41.91761,349.1561,13.48372,0,False,False
53.78373,-0.0274,1.623995,0.075357,0.115798,2.824529,358.1907,0,0,0,0,0,0,0.144848,0.694273,0.22166,41.92352,349.1611,13.48333,0,False,False
53.79501,-0.027353,1.624,0.075321,0.090936,2.832894,358.1799,0,0,0,0,0,0,0.144883,0.694163,0.221625,41.95296,349.1725,13.47209,0,False,False
53.80583,-0.027362,1.624033,0.075286,0.074181,2.852414,358.1784,0,0,0,0,0,0,0.144908,0.694092,0.221585,41.9777,349.1816,13.45233,0,False,False
53.81694,-0.027317,1.624066,0.075246,0.056053,2.866163,358.185,0,0,0,0,0,0,0.144852,0.694025,0.221653,42.01263,349.1912,13.4443,0,False,False
53.82814,-0.027296,1.62409,0.075226,0.045662,2.874021,358.1956,0,0,0,0,0,0,0.144815,0.693929,0.221574,42.04414,349.1875,13.43386,0,False,False
53.83932,-0.027273,1.624126,0.075159,0.02744,2.887337,358.1987,0,0,0,0,0,0,0.144802,0.693732,0.221582,42.11243,349.1837,13.4089,0,False,False
53.8503,-0.027288,1.624161,0.075171,0.001081,2.893487,358.1851,0,0,0,0,0,0,0.14484,0.693607,0.221529,42.16283,349.2084,13.44489,0,False,False
53.86147,-0.02728,1.624187,0.075154,359.9867,2.89811,358.1781,0,0,0,0,0,0,0.14495,0.693586,0.221525,42.23909,349.2653,13.4613,0,False,False
53.87253,-0.027271,1.624232,0.07511,359.9656,2.908085,358.1725,0,0,0,0,0,0,0.144899,0.693569,0.221424,42.24887,349.27,13.47192,0,False,False
53.88374,-0.02724,1.624253,0.075096,359.9367,2.918856,358.165,0,0,0,0,0,0,0.144953,0.69361,0.221454,42.19712,349.2454,13.44691,0,False,False
53.89472,-0.02717,1.624309,0.075099,359.9158,2.913692,358.1633,0,0,0,0,0,0,0.144951,0.693669,0.221441,42.16234,349.2042,13.43344,0,False,False
53.90599,-0.027165,1.624335,0.075085,359.8993,2.923615,358.1638,0,0,0,0,0,0,0.144967,0.69376,0.221547,42.15079,349.1915,13.39298,0,False,False
53.91692,-0.027142,1.624377,0.075023,359.8642,2.925994,358.1534,0,0,0,0,0,0,0.144994,0.693738,0.221575,42.1529,349.1951,13.37259,0,False,False
53.9285,-0.027088,1.624452,0.074977,359.8284,2.931468,358.1462,0,0,0,0,0,0,0.145025,0.693752,0.221579,42.17574,349.2162,13.37671,0,False,False
53.93948,-0.027026,1.624467,0.074916,359.7791,2.946053,358.1273,0,0,0,0,0,0,0.144981,0.693637,0.221521,42.19652,349.2289,13.40068,0,False,False
53.95029,-0.027017,1.624511,0.074865,359.7411,2.965135,358.1112,0,0,0,0,0,0,0.145021,0.693638,0.221492,42.20354,349.2452,13.39425,0,False,False
53.96162,-0.026934,1.624561,0.074821,359.7092,2.991964,358.0865,0,0,0,0,0,0,0.14502,0.693599,0.221407,42.19302,349.2692,13.3926,0,False,False
53.97255,-0.026879,1.624633,0.074768,359.6896,3.005237,358.0834,0,0,0,0,0,0,0.145069,0.693615,0.221373,42.18344,349.2942,13.39033,0,False,False
53.98362,-0.026819,1.624642,0.074703,359.6588,3.023755,358.0791,0,0,0,0,0,0,0.14508,0.693595,0.22137,42.18029,349.3067,13.38351,0,False,False
53.99467,-0.026664,1.624701,0.074824,359.6466,3.049958,358.0828,0,0,0,0,0,0,0.145124,0.693571,0.221299,42.19439,349.3129,13.38399,0,False,False
54.00586,-0.02661,1.624735,0.07479,359.6056,3.058888,358.0798,0,0,0,0,0,0,0.145174,0.693523,0.22121,42.20549,349.307,13.36597,0,False,False
54.01704,-0.026588,1.624817,0.074839,359.5775,3.089118,358.0786,0,0,0,0,0,0,0.14506,0.693537,0.221222,42.22004,349.303,13.35008,0,False,False
54.02802,-0.026557,1.624863,0.07478,359.5473,3.102067,358.0703,0,0,0,0,0,0,0.145055,0.693511,0.221189,42.22864,349.2821,13.31735,0,False,False
54.03912,-0.026487,1.62496,0.074767,359.5017,3.12558,358.0718,0,0,0,0,0,0,0.14508,0.693502,0.221232,42.23042,349.2879,13.29054,0,False,False
54.05019,-0.026496,1.624939,0.0746,359.4751,3.138268,358.0584,0,0,0,0,0,0,0.145126,0.693494,0.221219,42.23249,349.3012,13.28601,0,False,False
54.06145,-0.026461,1.624964,0.074556,359.4471,3.160259,358.0489,0,0,0,0,0,0,0.145236,0.693472,0.221232,42.22394,349.3511,13.30606,0,False,False
54.07243,-0.026494,1.625002,0.074458,359.4233,3.171149,358.0513,0,0,0,0,0,0,0.145302,0.693473,0.221233,42.22677,349.3633,13.31297,0,False,False
54.08357,-0.026468,1.625023,0.074407,359.41,3.184744,358.034,0,0,0,0,0,0,0.145365,0.693426,0.221248,42.22286,349.3904,13.34381,0,False,False
54.0948,-0.026415,1.62505,0.074397,359.3807,3.193912,358.0359,0,0,0,0,0,0,0.145333,0.693378,0.221257,42.23524,349.4106,13.32818,0,False,False
54.10581,-0.026417,1.625081,0.074318,359.3635,3.212678,358.0176,0,0,0,0,0,0,0.145327,0.693372,0.2212,42.23127,349.4028,13.31033,0,False,False
54.11693,-0.026356,1.625161,0.074268,359.3318,3.235712,358.0143,0,0,0,0,0,0,0.145337,0.693347,0.221104,42.23663,349.3856,13.30315,0,False,False
54.12805,-0.026281,1.625174,0.074208,359.3212,3.256251,357.9971,0,0,0,0,0,0,0.145377,0.693333,0.221143,42.23598,349.3765,13.30535,0,False,False
54.13913,-0.026228,1.625193,0.074133,359.3012,3.271751,357.9771,0,0,0,0,0,0,0.145447,0.693383,0.221106,42.23735,349.3676,13.28509,0,False,False
54.15014,-0.026108,1.625195,0.074082,359.2766,3.304736,357.9695,0,0,0,0,0,0,0.145455,0.693372,0.22106,42.23976,349.3716,13.27706,0,False,False
54.16137,-0.026036,1.625224,0.074009,359.2457,3.318561,357.9507,0,0,0,0,0,0,0.145525,0.693386,0.221126,42.23134,349.3836,13.26568,0,False,False
54.17259,-0.025975,1.625231,0.073938,359.2206,3.3448,357.9331,0,0,0,0,0,0,0.145495,0.693409,0.221221,42.21907,349.3878,13.27493,0,False,False
54.18361,-0.025975,1.625265,0.073803,359.1732,3.380936,357.9139,0,0,0,0,0,0,0.145484,0.69342,0.221172,42.2145,349.3958,13.28324,0,False,False
54.19463,-0.025905,1.62531,0.073731,359.1338,3.400926,357.9033,0,0,0,0,0,0,0.145374,0.69347,0.221232,42.21884,349.4007,13.28331,0,False,False
54.20575,-0.025881,1.62529,0.073542,359.0955,3.428685,357.884,0,0,0,0,0,0,0.145358,0.693477,0.221223,42.21882,349.3961,13.28527,0,False,False
54.21696,-0.025789,1.625354,0.073412,359.0643,3.448662,357.8724,0,0,0,0,0,0,0.145326,0.693414,0.221139,42.2142,349.3645,13.27143,0,False,False
54.22804,-0.025685,1.625394,0.073347,359.0364,3.48061,357.8475,0,0,0,0,0,0,0.145291,0.69342,0.221123,42.21094,349.3297,13.26506,0,False,False
54.23908,-0.025584,1.625436,0.073278,359.0102,3.503136,357.8333,0,0,0,0,0,0,0.145311,0.693446,0.221151,42.21589,349.3115,13.25174,0,False,False
54.25024,-0.025515,1.625502,0.073177,358.9859,3.532738,357.8231,0,0,0,0,0,0,0.145412,0.69342,0.221143,42.23116,349.3152,13.25881,0,False,False
54.26126,-0.025452,1.625544,0.073064,358.9444,3.558632,357.7972,0,0,0,0,0,0,0.145408,0.693421,0.221136,42.24465,349.3055,13.25768,0,False,False
54.27247,-0.025407,1.625624,0.072996,358.9063,3.573518,357.7848,0,0,0,0,0,0,0.145422,0.693506,0.221283,42.25061,349.3004,13.27735,0,False,False
54.28349,-0.025356,1.625715,0.072881,358.8654,3.606988,357.773,0,0,0,0,0,0,0.14542,0.693554,0.221314,42.25204,349.2956,13.28081,0,False,False
54.29461,-0.025262,1.625828,0.072749,358.8081,3.627282,357.7549,0,0,0,0,0,0,0.14545,0.693574,0.22143,42.25163,349.291,13.27616,0,False,False
54.30573,-0.025172,1.625922,0.072632,358.7537,3.645798,357.7343,0,0,0,0,0,0,0.145403,0.693616,0.221491,42.23959,349.2971,13.30596,0,False,False
54.31679,-0.025118,1.626132,0.072525,358.6849,3.666271,357.7176,0,0,0,0,0,0,0.145419,0.693686,0.221557,42.22721,349.3022,13.34976,0,False,False
54.32797,-0.025051,1.626254,0.07242,358.5914,3.693303,357.7058,0,0,0,0,0,0,0.145263,0.693648,0.221524,42.23568,349.2976,13.37658,0,False,False
54.33909,-0.024977,1.626436,0.072334,358.5017,3.72671,357.6939,0,0,0,0,0,0,0.145211,0.693694,0.221541,42.26088,349.2616,13.3571,0,False,False
54.35025,-0.024865,1.626606,0.072268,358.404,3.76715,357.6852,0,0,0,0,0,0,0.145163,0.693711,0.221573,42.28418,349.2075,13.32317,0,False,False
54.36139,-0.024814,1.626674,0.072152,358.3254,3.812833,357.6761,0,0,0,0,0,0,0.14507,0.693667,0.221583,42.30143,349.1606,13.32557,0,False,False
54.37238,-0.02475,1.626767,0.072018,358.3341,3.858335,357.6797,0,0,0,0,0,0,0.145015,0.693696,0.221618,42.3063,349.105,13.31063,0,False,False
54.38347,-0.024694,1.626804,0.071851,358.3439,3.891129,357.6498,0,0,0,0,0,0,0.144991,0.693713,0.221625,42.28607,349.0844,13.34057,0,False,False
54.39482,-0.024614,1.626755,0.071703,358.3415,3.910437,357.645,0,0,0,0,0,0,0.144996,0.693765,0.221696,42.26337,349.0883,13.38535,0,False,False
54.40577,-0.024545,1.626755,0.071558,358.3418,3.939796,357.626,0,0,0,0,0,0,0.145032,0.693854,0.221826,42.24434,349.0987,13.42346,0,False,False
54.41676,-0.024491,1.626685,0.071341,358.3797,3.9582,357.6152,0,0,0,0,0,0,0.145034,0.693947,0.221912,42.23196,349.1014,13.44246,0,False,False
54.42794,-0.024395,1.626722,0.071095,358.3883,3.976131,357.5986,0,0,0,0,0,0,0.145037,0.693956,0.221925,42.25436,349.0853,13.4327,0,False,False
54.43902,-0.024341,1.626871,0.071,358.342,3.99545,357.577,0,0,0,0,0,0,0.144952,0.693922,0.221812,42.26344,349.067,13.4719,0,False,False
54.45012,-0.024246,1.626908,0.070781,358.2799,4.026292,357.5546,0,0,0,0,0,0,0.144936,0.693941,0.221819,42.26408,349.0554,13.50437,0,False,False
54.4612,-0.024193,1.626874,0.070542,358.2561,4.045316,357.5251,0,0,0,0,0,0,0.144908,0.693895,0.221801,42.26652,349.0478,13.51702,0,False,False
54.47237,-0.024126,1.626832,0.070415,358.2617,4.061476,357.5156,0,0,0,0,0,0,0.144941,0.694024,0.221941,42.25264,349.0265,13.4921,0,False,False
54.48335,-0.024088,1.626826,0.070248,358.267,4.080143,357.5208,0,0,0,0,0,0,0.144925,0.694056,0.221978,42.22593,349.0235,13.49912,0,False,False
54.4946,-0.024015,1.626844,0.070142,358.2737,4.094312,357.5186,0,0,0,0,0,0,0.144837,0.694165,0.222045,42.19305,349.0132,13.52206,0,False,False
54.5058,-0.023997,1.626861,0.069906,358.2303,4.120564,357.5067,0,0,0,0,0,0,0.144812,0.694174,0.222002,42.17041,349.0104,13.51696,0,False,False
54.51675,-0.02393,1.626923,0.06978,358.2021,4.135937,357.5018,0,0,0,0,0,0,0.144778,0.694246,0.222047,42.1626,348.9958,13.49692,0,False,False
54.52785,-0.023893,1.626973,0.069576,358.1415,4.150643,357.4945,0,0,0,0,0,0,0.144779,0.694211,0.221961,42.17165,348.9945,13.46926,0,False,False
54.53901,-0.023875,1.627023,0.069387,358.1021,4.163307,357.4882,0,0,0,0,0,0,0.144789,0.694162,0.221848,42.18883,349.0009,13.46182,0,False,False
54.55008,-0.023831,1.627053,0.069194,358.0603,4.170531,357.4771,0,0,0,0,0,0,0.144654,0.69404,0.221555,42.20324,349.0205,13.47795,0,False,False
54.56128,-0.023794,1.627104,0.069013,358.0297,4.16589,357.4722,0,0,0,0,0,0,0.144667,0.693939,0.221494,42.20695,349.0461,13.48151,0,False,False
54.57238,-0.023769,1.627225,0.068821,357.9689,4.166039,357.4548,0,0,0,0,0,0,0.144769,0.693932,0.221436,42.21377,349.0567,13.45318,0,False,False
54.58338,-0.023721,1.627372,0.068741,357.8733,4.170287,357.4462,0,0,0,0,0,0,0.144794,0.69388,0.221304,42.21,349.0823,13.46333,0,False,False
54.59447,-0.023665,1.62756,0.068591,357.7442,4.194901,357.4257,0,0,0,0,0,0,0.144886,0.693845,0.221309,42.20256,349.1259,13.46725,0,False,False
54.60569,-0.02356,1.627673,0.06854,357.6175,4.210829,357.4053,0,0,0,0,0,0,0.144909,0.693848,0.221264,42.21277,349.1451,13.46305,0,False,False
54.6167,-0.023476,1.627729,0.068391,357.5655,4.246708,357.4182,0,0,0,0,0,0,0.144908,0.69381,0.221107,42.23109,349.1481,13.47293,0,False,False
54.62783,-0.023386,1.627682,0.068145,357.6,4.280242,357.4218,0,0,0,0,0,0,0.144854,0.693913,0.221009,42.21624,349.1282,13.44664,0,False,False
54.63891,-0.023301,1.627754,0.067853,357.6237,4.320381,357.4124,0,0,0,0,0,0,0.144852,0.693936,0.220959,42.20709,349.1335,13.43479,0,False,False
54.64999,-0.023226,1.627821,0.06768,357.5917,4.338868,357.3784,0,0,0,0,0,0,0.144894,0.693978,0.220864,42.17883,349.164,13.36795,0,False,False
54.66117,-0.023134,1.627871,0.067502,357.5396,4.367106,357.341,0,0,0,0,0,0,0.14492,0.693988,0.22078,42.16407,349.1852,13.3326,0,False,False
54.67233,-0.023109,1.627871,0.067255,357.4944,4.414159,357.3225,0,0,0,0,0,0,0.145018,0.694138,0.22082,42.14767,349.2061,13.3238,0,False,False
54.68349,-0.023031,1.627842,0.067118,357.491,4.435255,357.3077,0,0,0,0,0,0,0.145058,0.694188,0.220761,42.13951,349.205,13.33669,0,False,False
54.69454,-0.022972,1.627739,0.06693,357.5335,4.461061,357.314,0,0,0,0,0,0,0.145108,0.694162,0.22078,42.14936,349.2036,13.33539,0,False,False
54.70549,-0.022852,1.627624,0.066755,357.6044,4.47126,357.315,0,0,0,0,0,0,0.145257,0.694268,0.220835,42.15581,349.2171,13.33942,0,False,False
54.71666,-0.022815,1.62744,0.066517,357.6956,4.501978,357.3039,0,0,0,0,0,0,0.145287,0.694287,0.220757,42.14951,349.2315,13.35049,0,False,False
54.72773,-0.022752,1.627228,0.066308,357.8022,4.519425,357.2878,0,0,0,0,0,0,0.145337,0.694312,0.220735,42.13982,349.2359,13.35617,0,False,False
54.73903,-0.022763,1.627069,0.066134,357.8839,4.52226,357.272,0,0,0,0,0,0,0.145367,0.694286,0.220643,42.1251,349.2447,13.3787,0,False,False
54.74997,-0.022721,1.626977,0.065967,357.931,4.543983,357.2585,0,0,0,0,0,0,0.14533,0.694282,0.22063,42.1085,349.2467,13.37703,0,False,False
54.76117,-0.022744,1.62698,0.065753,357.9286,4.564428,357.2292,0,0,0,0,0,0,0.145393,0.694309,0.220583,42.09728,349.2588,13.40641,0,False,False
54.7723,-0.022714,1.62694,0.065602,357.9073,4.588235,357.2123,0,0,0,0,0,0,0.145415,0.694346,0.220539,42.08347,349.2468,13.40051,0,False,False
54.78321,-0.02264,1.627101,0.065481,357.8538,4.608357,357.2103,0,0,0,0,0,0,0.145447,0.694366,0.220499,42.0877,349.2546,13.39818,0,False,False
54.79446,-0.022577,1.627198,0.065397,357.7685,4.641707,357.199,0,0,0,0,0,0,0.145602,0.694459,0.220449,42.09054,349.2711,13.4087,0,False,False
54.80566,-0.022565,1.627245,0.065295,357.7335,4.676202,357.205,0,0,0,0,0,0,0.145626,0.694505,0.220391,42.08603,349.2689,13.41699,0,False,False
54.8167,-0.022531,1.627264,0.06514,357.6998,4.6991,357.1841,0,0,0,0,0,0,0.145529,0.694502,0.220307,42.05692,349.2628,13.4326,0,False,False
54.8279,-0.022439,1.627287,0.065009,357.6832,4.734625,357.1688,0,0,0,0,0,0,0.145479,0.694421,0.220282,42.03848,349.2509,13.4163,0,False,False
54.83959,-0.022407,1.627221,0.064902,357.6975,4.753795,357.1624,0,0,0,0,0,0,0.145508,0.694487,0.220239,42.01537,349.247,13.37788,0,False,False
54.84995,-0.022372,1.627042,0.064717,357.7882,4.780012,357.1632,0,0,0,0,0,0,0.145558,0.694505,0.220166,42.01045,349.2677,13.36448,0,False,False
54.86156,-0.022359,1.626954,0.064561,357.8738,4.788278,357.1646,0,0,0,0,0,0,0.14558,0.694487,0.219971,42.012,349.2864,13.35489,0,False,False
54.87222,-0.022388,1.626885,0.06446,357.945,4.795322,357.1721,0,0,0,0,0,0,0.145597,0.694444,0.219925,42.02229,349.3012,13.35479,0,False,False
54.88353,-0.022397,1.62691,0.064356,357.9518,4.795016,357.1628,0,0,0,0,0,0,0.145607,0.6944,0.219634,42.04501,349.3282,13.38444,0,False,False
54.8945,-0.022337,1.626994,0.064356,357.9426,4.794436,357.1362,0,0,0,0,0,0,0.145642,0.694371,0.21958,42.06194,349.317,13.3742,0,False,False
54.90543,-0.02237,1.627041,0.064319,357.9023,4.800905,357.1324,0,0,0,0,0,0,0.145717,0.694357,0.219364,42.10062,349.3285,13.37222,0,False,False
54.91659,-0.022377,1.627051,0.064263,357.8865,4.798178,357.1318,0,0,0,0,0,0,0.145705,0.694292,0.21924,42.13803,349.3231,13.35278,0,False,False
54.92768,-0.022396,1.627018,0.064227,357.8997,4.79563,357.1403,0,0,0,0,0,0,0.145744,0.694313,0.219193,42.14919,349.3315,13.36399,0,False,False
54.93894,-0.022428,1.62701,0.064123,357.9047,4.793644,357.141,0,0,0,0,0,0,0.145718,0.694335,0.218975,42.15551,349.3651,13.38387,0,False,False
54.94987,-0.022469,1.626958,0.063996,357.9206,4.792842,357.1558,0,0,0,0,0,0,0.145771,0.694384,0.218978,42.12541,349.4,13.38063,0,False,False
54.96108,-0.022482,1.626892,0.063906,357.9668,4.796437,357.1515,0,0,0,0,0,0,0.145785,0.694457,0.21886,42.09059,349.4334,13.38186,0,False,False
54.97226,-0.022505,1.626822,0.063836,358.009,4.790641,357.1704,0,0,0,0,0,0,0.145859,0.69445,0.21883,42.02958,349.4696,13.3901,0,False,False
54.98316,-0.022537,1.626718,0.063774,358.0486,4.785949,357.1856,0,0,0,0,0,0,0.145896,0.694499,0.218844,41.99499,349.5121,13.37105,0,False,False
54.9944,-0.022566,1.626653,0.063727,358.0927,4.785146,357.2027,0,0,0,0,0,0,0.145983,0.694516,0.218793,41.97038,349.5366,13.35957,0,False,False
55.00544,-0.022645,1.626505,0.063639,358.1522,4.788552,357.2135,0,0,0,0,0,0,0.146035,0.694488,0.218699,41.9789,349.558,13.37285,0,False,False
55.01654,-0.022671,1.6264,0.063609,358.1957,4.778884,357.2228,0,0,0,0,0,0,0.146083,0.694455,0.2186,41.98344,349.5753,13.38952,0,False,False
55.02773,-0.022734,1.626236,0.063578,358.2731,4.762494,357.2302,0,0,0,0,0,0,0.146119,0.694351,0.218634,42.01077,349.5938,13.40007,0,False,False
55.03899,-0.022795,1.626097,0.063557,358.3445,4.757204,357.2291,0,0,0,0,0,0,0.146137,0.694252,0.218576,42.04327,349.5937,13.38337,0,False,False
55.04978,-0.022812,1.626009,0.063511,358.3985,4.748205,357.2314,0,0,0,0,0,0,0.145971,0.694207,0.218407,42.0569,349.5727,13.34177,0,False,False
55.06103,-0.022806,1.625932,0.063473,358.4337,4.733817,357.2213,0,0,0,0,0,0,0.145983,0.694123,0.218406,42.05685,349.5805,13.3198,0,False,False
55.07206,-0.022832,1.625878,0.063396,358.4867,4.74034,357.2135,0,0,0,0,0,0,0.145962,0.694128,0.218369,42.05543,349.585,13.28133,0,False,False
55.08323,-0.022873,1.62584,0.063348,358.5089,4.735242,357.2083,0,0,0,0,0,0,0.14593,0.694153,0.218449,42.03663,349.611,13.25432,0,False,False
55.09431,-0.022861,1.625836,0.063282,358.5339,4.740251,357.1963,0,0,0,0,0,0,0.14594,0.694188,0.218486,42.01536,349.6535,13.27742,0,False,False
55.10538,-0.022863,1.625801,0.063189,358.5435,4.755983,357.1867,0,0,0,0,0,0,0.14598,0.694353,0.218422,41.97186,349.6784,13.2769,0,False,False
55.1166,-0.02285,1.625806,0.063083,358.5658,4.774179,357.1624,0,0,0,0,0,0,0.145969,0.694439,0.218523,41.93814,349.6984,13.28669,0,False,False
55.12768,-0.022825,1.625783,0.062975,358.5675,4.79763,357.1541,0,0,0,0,0,0,0.145913,0.694505,0.218503,41.89835,349.6999,13.28852,0,False,False
55.13878,-0.02281,1.625765,0.062884,358.5775,4.829072,357.1483,0,0,0,0,0,0,0.145923,0.694587,0.218608,41.87021,349.6911,13.29207,0,False,False
55.14975,-0.022733,1.625765,0.062798,358.5692,4.839314,357.1395,0,0,0,0,0,0,0.145909,0.694611,0.218708,41.85424,349.6778,13.30493,0,False,False
55.16109,-0.022697,1.625808,0.062657,358.5592,4.866163,357.1451,0,0,0,0,0,0,0.145953,0.694722,0.218702,41.84909,349.6538,13.28694,0,False,False
55.17208,-0.022666,1.625826,0.06248,358.5281,4.880424,357.1274,0,0,0,0,0,0,0.145909,0.694639,0.218586,41.85394,349.6472,13.29147,0,False,False
55.18308,-0.022641,1.625851,0.06234,358.5197,4.900063,357.1222,0,0,0,0,0,0,0.145829,0.694577,0.218535,41.88277,349.6541,13.29093,0,False,False
55.19423,-0.022696,1.625812,0.062183,358.5194,4.924507,357.1155,0,0,0,0,0,0,0.145807,0.694463,0.218461,41.89777,349.6672,13.31755,0,False,False
55.20539,-0.022675,1.625844,0.062053,358.5013,4.926932,357.1056,0,0,0,0,0,0,0.145799,0.694489,0.218432,41.90337,349.7,13.33443,0,False,False
55.21654,-0.022666,1.625853,0.061943,358.4786,4.929918,357.0974,0,0,0,0,0,0,0.145824,0.694536,0.218468,41.90834,349.7002,13.32098,0,False,False
55.22754,-0.022634,1.625871,0.061873,358.4732,4.938717,357.0855,0,0,0,0,0,0,0.14578,0.694575,0.218519,41.90556,349.6864,13.29328,0,False,False
55.23868,-0.022574,1.625835,0.06177,358.459,4.941959,357.0639,0,0,0,0,0,0,0.14578,0.694665,0.218416,41.8853,349.6572,13.29096,0,False,False
55.24984,-0.022551,1.625839,0.061699,358.4588,4.947982,357.0597,0,0,0,0,0,0,0.14575,0.694669,0.218443,41.86132,349.6289,13.30032,0,False,False
55.26098,-0.02252,1.625889,0.061653,358.4623,4.956604,357.0511,0,0,0,0,0,0,0.145683,0.694709,0.218433,41.83774,349.6141,13.28751,0,False,False
55.27213,-0.022496,1.625881,0.061552,358.46,4.961245,357.0213,0,0,0,0,0,0,0.145582,0.694595,0.21831,41.81515,349.6088,13.26605,0,False,False
55.28303,-0.022432,1.625856,0.06152,358.4849,4.968867,356.9948,0,0,0,0,0,0,0.145554,0.69458,0.218263,41.80688,349.6333,13.24682,0,False,False
55.29437,-0.02243,1.625821,0.061501,358.5077,4.991329,356.9551,0,0,0,0,0,0,0.145552,0.694601,0.218248,41.80674,349.6502,13.22922,0,False,False
55.30536,-0.022379,1.625847,0.061494,358.5269,5.003169,356.9292,0,0,0,0,0,0,0.145584,0.694611,0.218257,41.82808,349.6727,13.22436,0,False,False
55.31644,-0.022293,1.625771,0.061479,358.5295,5.026998,356.8966,0,0,0,0,0,0,0.145597,0.694587,0.218158,41.83768,349.6889,13.21623,0,False,False
55.32751,-0.022229,1.625704,0.061458,358.5707,5.035095,356.8819,0,0,0,0,0,0,0.145566,0.69452,0.217997,41.86627,349.6901,13.20572,0,False,False
55.33863,-0.022166,1.625638,0.061417,358.6179,5.050532,356.8755,0,0,0,0,0,0,0.145519,0.694539,0.217947,41.86161,349.689,13.2186,0,False,False
55.34971,-0.022171,1.625543,0.061406,358.6815,5.077977,356.8653,0,0,0,0,0,0,0.145478,0.694485,0.217969,41.85738,349.6915,13.20617,0,False,False
55.3609,-0.022124,1.625468,0.061408,358.7338,5.098069,356.8647,0,0,0,0,0,0,0.145416,0.694511,0.217958,41.84861,349.6884,13.19855,0,False,False
55.37197,-0.022078,1.625291,0.061351,358.7824,5.130891,356.8436,0,0,0,0,0,0,0.145397,0.694562,0.217946,41.83253,349.6698,13.17833,0,False,False
55.38311,-0.022085,1.625165,0.061291,358.8318,5.14164,356.8423,0,0,0,0,0,0,0.145334,0.694606,0.217925,41.81919,349.657,13.18368,0,False,False
55.39423,-0.022055,1.625145,0.061263,358.8923,5.151833,356.8296,0,0,0,0,0,0,0.145258,0.694624,0.217933,41.81117,349.6611,13.18801,0,False,False
55.40522,-0.022005,1.625081,0.061262,358.9252,5.174348,356.8139,0,0,0,0,0,0,0.14523,0.694608,0.217939,41.80879,349.6674,13.18575,0,False,False
55.41657,-0.021946,1.625014,0.061209,358.9577,5.182067,356.8035,0,0,0,0,0,0,0.145208,0.694715,0.217926,41.80805,349.6751,13.1875,0,False,False
55.4275,-0.021863,1.625001,0.061197,358.9796,5.203412,356.7836,0,0,0,0,0,0,0.145214,0.694732,0.217913,41.80083,349.6883,13.19917,0,False,False
55.43865,-0.021782,1.624965,0.061076,359.012,5.209322,356.7495,0,0,0,0,0,0,0.145193,0.694727,0.217909,41.78572,349.696,13.21287,0,False,False
55.44969,-0.021683,1.624888,0.060977,359.0431,5.230073,356.7038,0,0,0,0,0,0,0.145245,0.694622,0.217989,41.78779,349.6922,13.17226,0,False,False
55.46101,-0.021598,1.624851,0.060864,359.0807,5.244764,356.6635,0,0,0,0,0,0,0.145196,0.694675,0.218011,41.78444,349.6757,13.15091,0,False,False
55.4722,-0.021515,1.624779,0.060732,359.1142,5.266504,356.6134,0,0,0,0,0,0,0.14509,0.694743,0.217992,41.78568,349.6514,13.14784,0,False,False
55.48322,-0.021439,1.624751,0.060615,359.1245,5.301837,356.5763,0,0,0,0,0,0,0.144948,0.694697,0.217938,41.78714,349.6268,13.15505,0,False,False
55.49428,-0.021309,1.624738,0.060526,359.1162,5.32482,356.5114,0,0,0,0,0,0,0.144784,0.694725,0.217925,41.79304,349.6105,13.16903,0,False,False
55.50521,-0.021234,1.624739,0.060377,359.1238,5.378857,356.4375,0,0,0,0,0,0,0.144687,0.694662,0.217869,41.7949,349.5923,13.18297,0,False,False
55.51638,-0.021101,1.624745,0.06021,359.1499,5.425134,356.3715,0,0,0,0,0,0,0.144588,0.694724,0.217816,41.80517,349.5677,13.1938,0,False,False
55.52748,-0.020949,1.624676,0.060036,359.1858,5.479289,356.2727,0,0,0,0,0,0,0.144407,0.694702,0.217707,41.81348,349.53,13.19602,0,False,False
55.53859,-0.020816,1.62462,0.059826,359.2603,5.535337,356.2029,0,0,0,0,0,0,0.144252,0.694841,0.217662,41.84237,349.4707,13.19951,0,False,False
55.54958,-0.020662,1.624497,0.059646,359.335,5.601254,356.1289,0,0,0,0,0,0,0.144036,0.694882,0.217598,41.88516,349.3921,13.21163,0,False,False
55.56077,-0.020484,1.624357,0.059469,359.4031,5.650173,356.0598,0,0,0,0,0,0,0.143862,0.694902,0.21754,41.93733,349.319,13.23379,0,False,False
55.57193,-0.020346,1.624272,0.05928,359.4843,5.725267,355.989,0,0,0,0,0,0,0.143632,0.694878,0.217493,41.98882,349.226,13.28961,0,False,False
55.58302,-0.020228,1.624219,0.059124,359.5499,5.784725,355.9305,0,0,0,0,0,0,0.143376,0.69493,0.21754,42.02569,349.1185,13.33585,0,False,False
55.59409,-0.020151,1.624122,0.058935,359.6466,5.846765,355.8748,0,0,0,0,0,0,0.143153,0.694926,0.21765,42.04249,349.0089,13.37716,0,False,False
55.6053,-0.020102,1.624001,0.058705,359.7359,5.887065,355.8335,0,0,0,0,0,0,0.14275,0.695036,0.217767,42.05092,348.8712,13.42102,0,False,False
55.61634,-0.020032,1.623851,0.058482,359.8189,5.922034,355.7879,0,0,0,0,0,0,0.142409,0.69506,0.217919,42.05738,348.7192,13.44792,0,False,False
55.62739,-0.019976,1.623715,0.058244,359.8998,5.93039,355.7559,0,0,0,0,0,0,0.141944,0.695144,0.21801,42.05573,348.5325,13.4978,0,False,False
55.6385,-0.019937,1.623609,0.058039,359.9815,5.948053,355.7091,0,0,0,0,0,0,0.141603,0.695151,0.218188,42.06697,348.3759,13.54531,0,False,False
55.64958,-0.019954,1.62349,0.057782,0.064974,5.934919,355.6621,0,0,0,0,0,0,0.14104,0.695175,0.218406,42.08578,348.2107,13.5936,0,False,False
55.66067,-0.019966,1.623352,0.057541,0.150086,5.90992,355.6118,0,0,0,0,0,0,0.140558,0.6952,0.218645,42.11322,348.046,13.62122,0,False,False
55.67189,-0.020052,1.623235,0.057232,0.26436,5.850064,355.5669,0,0,0,0,0,0,0.139964,0.695228,0.218872,42.14733,347.8852,13.67429,0,False,False
55.68291,-0.020104,1.623115,0.056969,0.350198,5.781273,355.5219,0,0,0,0,0,0,0.139403,0.695342,0.219176,42.15129,347.714,13.72204,0,False,False
55.69409,-0.02023,1.622968,0.056677,0.418684,5.698642,355.472,0,0,0,0,0,0,0.138844,0.695436,0.219395,42.12519,347.5707,13.78671,0,False,False
55.70518,-0.020398,1.622871,0.056393,0.513872,5.602326,355.4159,0,0,0,0,0,0,0.138263,0.695635,0.219735,42.08744,347.4364,13.85244,0,False,False
55.71631,-0.020535,1.622759,0.05613,0.604861,5.487633,355.3485,0,0,0,0,0,0,0.137701,0.695787,0.219984,42.05882,347.3125,13.91179,0,False,False
55.72737,-0.020708,1.622641,0.055871,0.705448,5.378043,355.2938,0,0,0,0,0,0,0.137355,0.69617,0.220455,42.01314,347.2038,13.96831,0,False,False
55.73845,-0.020886,1.622525,0.055595,0.790025,5.268034,355.2333,0,0,0,0,0,0,0.136735,0.696308,0.220659,41.97475,347.0831,14.00445,0,False,False
55.74959,-0.021084,1.622398,0.055279,0.879333,5.152809,355.174,0,0,0,0,0,0,0.136152,0.696573,0.220823,41.94548,346.9424,14.02185,0,False,False
55.76077,-0.021275,1.622239,0.055004,0.963809,5.070208,355.1196,0,0,0,0,0,0,0.135411,0.69662,0.221178,41.92437,346.8058,14.04329,0,False,False
55.77176,-0.021465,1.622053,0.054661,1.074273,4.988903,355.0642,0,0,0,0,0,0,0.134903,0.696717,0.221253,41.91855,346.662,14.00547,0,False,False
55.78297,-0.021601,1.621873,0.054346,1.199631,4.915029,355.025,0,0,0,0,0,0,0.134281,0.696697,0.221492,41.89211,346.5267,14.10796,0,False,False
55.794,-0.021764,1.621647,0.053964,1.334762,4.864816,354.9795,0,0,0,0,0,0,0.133758,0.696815,0.221597,41.88593,346.4017,14.17357,0,False,False
55.80512,-0.021934,1.621371,0.053613,1.4856,4.8357,354.9186,0,0,0,0,0,0,0.133481,0.696876,0.221578,41.89226,346.3117,14.18493,0,False,False
55.81618,-0.022094,1.621105,0.053268,1.662268,4.828886,354.8822,0,0,0,0,0,0,0.133141,0.697012,0.221571,41.89777,346.1982,14.33251,0,False,False
55.82731,-0.022205,1.6208,0.052957,1.830762,4.811203,354.8456,0,0,0,0,0,0,0.132958,0.69714,0.221838,41.92359,346.1221,14.31121,0,False,False
55.83839,-0.02232,1.62053,0.052662,2.017891,4.818529,354.806,0,0,0,0,0,0,0.132567,0.697407,0.222047,41.92443,346.0157,14.351,0,False,False
55.84958,-0.022439,1.620315,0.052413,2.193974,4.836206,354.7592,0,0,0,0,0,0,0.132313,0.697553,0.222225,41.92704,345.8916,14.51724,0,False,False
55.86062,-0.022538,1.620036,0.05213,2.346859,4.865177,354.7203,0,0,0,0,0,0,0.131812,0.697668,0.222507,41.93022,345.8044,14.5718,0,False,False
55.87169,-0.022646,1.61971,0.05186,2.502728,4.912477,354.6617,0,0,0,0,0,0,0.131733,0.697914,0.222695,41.95121,345.7692,14.51557,0,False,False
55.88285,-0.022729,1.619461,0.0516,2.620607,4.962167,354.6113,0,0,0,0,0,0,0.131586,0.698155,0.222925,41.91868,345.7455,14.62181,0,False,False
55.89416,-0.022781,1.619322,0.051432,2.722743,5.038326,354.5751,0,0,0,0,0,0,0.131539,0.69843,0.223096,41.87538,345.7414,14.65207,0,False,False
55.90512,-0.022774,1.619182,0.051154,2.810071,5.112516,354.53,0,0,0,0,0,0,0.13154,0.698743,0.22337,41.81238,345.7709,14.58369,0,False,False
55.91614,-0.022789,1.618993,0.050947,2.912129,5.195289,354.5201,0,0,0,0,0,0,0.131496,0.699073,0.223617,41.75479,345.7666,14.66983,0,False,False
55.92735,-0.022782,1.618797,0.050748,3.039602,5.279171,354.5292,0,0,0,0,0,0,0.131641,0.699406,0.223893,41.68311,345.814,14.629,0,False,False
55.93834,-0.022813,1.618606,0.050511,3.150534,5.354954,354.5326,0,0,0,0,0,0,0.131623,0.699727,0.224248,41.59141,345.8547,14.69595,0,False,False
55.9495,-0.022841,1.618414,0.050308,3.230286,5.431505,354.5424,0,0,0,0,0,0,0.131703,0.699999,0.224479,41.49529,345.9588,14.6791,0,False,False
55.96062,-0.022897,1.618279,0.050063,3.31353,5.525692,354.5289,0,0,0,0,0,0,0.131801,0.700362,0.224786,41.40392,346.0456,14.69842,0,False,False
55.97169,-0.022927,1.618169,0.049912,3.365223,5.612193,354.482,0,0,0,0,0,0,0.131916,0.700691,0.224986,41.29027,346.182,14.69731,0,False,False
55.98286,-0.022919,1.618108,0.049778,3.403205,5.684125,354.4263,0,0,0,0,0,0,0.132087,0.701008,0.22516,41.17303,346.3126,14.75386,0,False,False
55.99408,-0.022839,1.618084,0.04964,3.411821,5.778779,354.4033,0,0,0,0,0,0,0.132342,0.701245,0.225362,41.08565,346.4013,14.74389,0,False,False
56.005,-0.022799,1.618078,0.04951,3.420474,5.882967,354.3784,0,0,0,0,0,0,0.132517,0.701363,0.225284,41.0496,346.4894,14.72071,0,False,False
56.0161,-0.022709,1.618035,0.049301,3.426946,5.981462,354.3922,0,0,0,0,0,0,0.132649,0.701567,0.225209,41.00729,346.5627,14.75801,0,False,False
56.02729,-0.02266,1.618046,0.049108,3.426217,6.09079,354.4012,0,0,0,0,0,0,0.132856,0.701571,0.224982,41.00742,346.6389,14.70855,0,False,False
56.03829,-0.022602,1.618076,0.048965,3.415919,6.19528,354.4054,0,0,0,0,0,0,0.133106,0.701572,0.224726,41.04789,346.7003,14.72998,0,False,False
56.0494,-0.022504,1.618122,0.048834,3.401289,6.309972,354.4025,0,0,0,0,0,0,0.133393,0.701685,0.224388,41.05951,346.799,14.73678,0,False,False
56.06062,-0.022408,1.618163,0.04869,3.393746,6.421455,354.3853,0,0,0,0,0,0,0.13369,0.701657,0.22407,41.06973,346.8831,14.8145,0,False,False
56.07166,-0.022281,1.618149,0.048567,3.378328,6.516104,354.3765,0,0,0,0,0,0,0.134283,0.701531,0.223913,41.11287,347.0355,14.82321,0,False,False
56.08285,-0.022115,1.618172,0.048476,3.377087,6.606908,354.3781,0,0,0,0,0,0,0.134726,0.701361,0.223677,41.18171,347.1922,14.79411,0,False,False
56.09407,-0.022004,1.618113,0.048379,3.348695,6.704515,354.3781,0,0,0,0,0,0,0.135008,0.701157,0.223257,41.23759,347.3484,14.76371,0,False,False
56.10536,-0.021945,1.618032,0.048199,3.344142,6.786974,354.3661,0,0,0,0,0,0,0.135255,0.700914,0.222914,41.24877,347.4782,14.7292,0,False,False
56.11612,-0.021857,1.618062,0.048122,3.351125,6.87361,354.3328,0,0,0,0,0,0,0.13554,0.700886,0.222646,41.25837,347.5971,14.70971,0,False,False
56.1272,-0.02176,1.618046,0.048077,3.332421,6.950437,354.2962,0,0,0,0,0,0,0.135794,0.700882,0.222311,41.23021,347.7025,14.67797,0,False,False
56.13823,-0.021693,1.617987,0.047936,3.339264,7.025102,354.2651,0,0,0,0,0,0,0.136132,0.700836,0.22205,41.21166,347.8434,14.64058,0,False,False
56.1495,-0.021541,1.617965,0.047856,3.340732,7.088731,354.2278,0,0,0,0,0,0,0.136458,0.70081,0.221794,41.20393,347.9693,14.58205,0,False,False
56.1605,-0.021409,1.61794,0.047882,3.341028,7.165036,354.1968,0,0,0,0,0,0,0.136854,0.700584,0.221524,41.20388,348.0823,14.5268,0,False,False
56.17161,-0.021339,1.617888,0.047892,3.338861,7.235056,354.1665,0,0,0,0,0,0,0.13735,0.700604,0.221095,41.22881,348.1744,14.5154,0,False,False
56.18271,-0.021314,1.617837,0.047827,3.344134,7.313092,354.1317,0,0,0,0,0,0,0.137622,0.700628,0.2207,41.29292,348.2679,14.53801,0,False,False
56.19388,-0.021277,1.617829,0.047769,3.349678,7.380224,354.0894,0,0,0,0,0,0,0.137952,0.700503,0.220329,41.35796,348.3337,14.56456,0,False,False
56.20497,-0.021238,1.617818,0.047743,3.35499,7.457296,354.0701,0,0,0,0,0,0,0.138081,0.700442,0.220096,41.41073,348.413,14.57296,0,False,False
56.216,-0.021209,1.61782,0.047712,3.374049,7.52358,354.0744,0,0,0,0,0,0,0.138296,0.700315,0.219875,41.4457,348.4713,14.54056,0,False,False
56.2272,-0.021173,1.617771,0.047691,3.365113,7.587044,354.0947,0,0,0,0,0,0,0.138532,0.700327,0.219772,41.45879,348.4918,14.50661,0,False,False
56.23832,-0.021158,1.617767,0.047652,3.380285,7.630355,354.1105,0,0,0,0,0,0,0.138617,0.700313,0.21972,41.45554,348.48,14.4788,0,False,False
56.2494,-0.021156,1.617781,0.04764,3.380899,7.667418,354.1144,0,0,0,0,0,0,0.138672,0.7003,0.21974,41.43684,348.4877,14.49498,0,False,False
56.26057,-0.021213,1.617818,0.047613,3.398041,7.698822,354.1253,0,0,0,0,0,0,0.138804,0.700319,0.219821,41.4301,348.5148,14.52249,0,False,False
56.27157,-0.021264,1.617801,0.047595,3.386234,7.706232,354.1329,0,0,0,0,0,0,0.138833,0.70035,0.219926,41.43318,348.5304,14.5359,0,False,False
56.28278,-0.021327,1.617817,0.047582,3.375613,7.712739,354.1447,0,0,0,0,0,0,0.138824,0.700271,0.220084,41.459,348.5526,14.54986,0,False,False
56.29386,-0.02142,1.617834,0.04755,3.371813,7.703825,354.1667,0,0,0,0,0,0,0.138792,0.700245,0.22016,41.45749,348.5497,14.58617,0,False,False
56.30484,-0.021491,1.617846,0.047566,3.360545,7.687095,354.1883,0,0,0,0,0,0,0.13863,0.700299,0.220353,41.44917,348.5255,14.63513,0,False,False
56.31599,-0.021558,1.617947,0.047571,3.357676,7.674284,354.1969,0,0,0,0,0,0,0.138571,0.700469,0.220632,41.43147,348.4847,14.66928,0,False,False
56.32716,-0.021639,1.617946,0.047592,3.346102,7.663436,354.1926,0,0,0,0,0,0,0.138357,0.700564,0.220886,41.39726,348.4132,14.72187,0,False,False
56.3382,-0.021697,1.617962,0.047597,3.327338,7.655637,354.2021,0,0,0,0,0,0,0.138145,0.700663,0.221179,41.375,348.3116,14.72858,0,False,False
56.34932,-0.021748,1.617982,0.047568,3.31328,7.637146,354.2278,0,0,0,0,0,0,0.137913,0.700729,0.221393,41.35124,348.2364,14.75216,0,False,False
56.36049,-0.021772,1.618024,0.047507,3.304456,7.609083,354.2455,0,0,0,0,0,0,0.137742,0.700786,0.22165,41.33479,348.1564,14.76757,0,False,False
56.37156,-0.021803,1.618038,0.047459,3.293367,7.588696,354.2877,0,0,0,0,0,0,0.137467,0.700858,0.221885,41.33593,348.0746,14.78574,0,False,False
56.38259,-0.021839,1.618079,0.047403,3.265509,7.567679,354.2965,0,0,0,0,0,0,0.137263,0.700883,0.222115,41.33208,348.004,14.78725,0,False,False
56.39383,-0.021881,1.618122,0.047323,3.235198,7.543542,354.2947,0,0,0,0,0,0,0.137002,0.700979,0.222313,41.32166,347.9429,14.80045,0,False,False
56.40498,-0.021896,1.618183,0.047238,3.212962,7.531538,354.287,0,0,0,0,0,0,0.136848,0.701011,0.22245,41.30905,347.8843,14.80284,0,False,False
56.41596,-0.021887,1.618217,0.047149,3.175101,7.506176,354.2683,0,0,0,0,0,0,0.13667,0.701047,0.22269,41.30182,347.8282,14.80188,0,False,False
56.42703,-0.021906,1.618264,0.047089,3.148522,7.494456,354.268,0,0,0,0,0,0,0.136519,0.701095,0.222865,41.2957,347.773,14.77989,0,False,False
56.4382,-0.021886,1.618294,0.046974,3.122861,7.471615,354.2786,0,0,0,0,0,0,0.136313,0.701172,0.223078,41.27426,347.718,14.77747,0,False,False
56.44928,-0.021855,1.618315,0.046907,3.095755,7.456735,354.2854,0,0,0,0,0,0,0.136111,0.70116,0.223133,41.25982,347.6639,14.7703,0,False,False
56.46068,-0.021842,1.618326,0.04683,3.068271,7.443034,354.2918,0,0,0,0,0,0,0.136001,0.701246,0.223275,41.24031,347.6271,14.76932,0,False,False
56.47149,-0.021846,1.618346,0.046722,3.054422,7.436059,354.2971,0,0,0,0,0,0,0.135929,0.701307,0.223429,41.21697,347.5868,14.79934,0,False,False
56.48277,-0.021826,1.618353,0.046552,3.035409,7.410946,354.2877,0,0,0,0,0,0,0.135862,0.701364,0.223419,41.21239,347.5524,14.85691,0,False,False
56.49376,-0.021813,1.61837,0.04644,3.021478,7.412789,354.274,0,0,0,0,0,0,0.135834,0.701313,0.223608,41.24134,347.5419,14.86392,0,False,False
56.5049,-0.021791,1.618358,0.04637,3.007364,7.389287,354.2636,0,0,0,0,0,0,0.13581,0.701268,0.223666,41.27412,347.5383,14.86334,0,False,False
56.51595,-0.021761,1.6184,0.046327,2.985189,7.372221,354.2428,0,0,0,0,0,0,0.135767,0.701126,0.223821,41.3075,347.5281,14.84015,0,False,False
56.5271,-0.021762,1.618373,0.046233,2.955436,7.365859,354.2279,0,0,0,0,0,0,0.135752,0.701026,0.223843,41.33256,347.5187,14.85364,0,False,False
56.53809,-0.021755,1.618389,0.046147,2.942962,7.349397,354.2155,0,0,0,0,0,0,0.135654,0.700995,0.223923,41.33543,347.5131,14.86372,0,False,False
56.54932,-0.021772,1.618375,0.046026,2.910167,7.333475,354.22,0,0,0,0,0,0,0.135589,0.701035,0.22395,41.32603,347.4873,14.85487,0,False,False
56.56033,-0.02179,1.618473,0.045957,2.878216,7.336614,354.2298,0,0,0,0,0,0,0.135463,0.700958,0.224082,41.31801,347.4678,14.84405,0,False,False
56.57143,-0.021776,1.618472,0.045902,2.840267,7.321208,354.2458,0,0,0,0,0,0,0.135355,0.700948,0.224102,41.28937,347.4576,14.83135,0,False,False
56.58271,-0.02173,1.618531,0.045844,2.810716,7.314224,354.2623,0,0,0,0,0,0,0.13532,0.701006,0.224159,41.2846,347.4578,14.8277,0,False,False
56.59365,-0.021724,1.61858,0.045762,2.774192,7.314283,354.2859,0,0,0,0,0,0,0.135286,0.701175,0.224228,41.26616,347.4443,14.79588,0,False,False
56.60484,-0.021724,1.618644,0.045739,2.752632,7.308464,354.2928,0,0,0,0,0,0,0.135212,0.701183,0.224264,41.26408,347.4143,14.79671,0,False,False
56.61604,-0.021711,1.618679,0.045664,2.725169,7.316403,354.2902,0,0,0,0,0,0,0.13523,0.701141,0.224187,41.23625,347.3979,14.80046,0,False,False
56.62701,-0.021692,1.618719,0.045618,2.702381,7.318774,354.2922,0,0,0,0,0,0,0.135237,0.701159,0.224145,41.2168,347.3869,14.80666,0,False,False
56.63812,-0.021675,1.618733,0.045526,2.689361,7.325394,354.2988,0,0,0,0,0,0,0.135196,0.701184,0.224082,41.20422,347.3634,14.81401,0,False,False
56.64923,-0.021664,1.618742,0.045396,2.693477,7.338738,354.304,0,0,0,0,0,0,0.135204,0.701204,0.224036,41.1947,347.3432,14.81501,0,False,False
56.66036,-0.021641,1.618731,0.045329,2.669035,7.351861,354.3083,0,0,0,0,0,0,0.135135,0.701143,0.223941,41.17809,347.3222,14.82216,0,False,False
56.67136,-0.02162,1.618773,0.045277,2.65459,7.354113,354.2997,0,0,0,0,0,0,0.135138,0.701157,0.223822,41.18317,347.3053,14.82412,0,False,False
56.68249,-0.021604,1.618795,0.045245,2.635587,7.366413,354.2835,0,0,0,0,0,0,0.135081,0.701173,0.223951,41.18458,347.2912,14.8098,0,False,False
56.69366,-0.021593,1.618818,0.045178,2.62672,7.390693,354.2568,0,0,0,0,0,0,0.135163,0.701102,0.223816,41.19931,347.3134,14.82166,0,False,False
56.705,-0.02153,1.618834,0.045113,2.622614,7.396029,354.2404,0,0,0,0,0,0,0.135219,0.701086,0.223692,41.20938,347.3293,14.80762,0,False,False
56.71599,-0.021488,1.618811,0.04502,2.628413,7.402538,354.2386,0,0,0,0,0,0,0.135302,0.701091,0.223592,41.23508,347.3532,14.81352,0,False,False
56.72699,-0.021453,1.61879,0.044921,2.649662,7.403979,354.2568,0,0,0,0,0,0,0.135367,0.701065,0.223234,41.27254,347.3694,14.79496,0,False,False
56.73803,-0.021427,1.618752,0.044866,2.664081,7.418871,354.2694,0,0,0,0,0,0,0.135433,0.701012,0.223234,41.30354,347.3762,14.77873,0,False,False
56.74919,-0.021393,1.618765,0.044782,2.680467,7.425569,354.2812,0,0,0,0,0,0,0.135488,0.700986,0.223115,41.33667,347.3802,14.79313,0,False,False
56.76023,-0.021368,1.618812,0.04472,2.684122,7.436049,354.2818,0,0,0,0,0,0,0.135635,0.701116,0.222865,41.35823,347.3755,14.78167,0,False,False
56.77134,-0.021306,1.618768,0.04463,2.678702,7.435057,354.2736,0,0,0,0,0,0,0.135734,0.701136,0.22284,41.37864,347.3858,14.79282,0,False,False
56.78256,-0.021321,1.618738,0.044503,2.6781,7.435695,354.2591,0,0,0,0,0,0,0.135589,0.701094,0.22282,41.36386,347.3779,14.78253,0,False,False
56.79355,-0.021327,1.618703,0.044368,2.665396,7.441927,354.2468,0,0,0,0,0,0,0.135514,0.701061,0.222707,41.34053,347.3681,14.77754,0,False,False
56.80472,-0.021304,1.618729,0.044229,2.669643,7.446587,354.2358,0,0,0,0,0,0,0.135468,0.701103,0.222688,41.31516,347.3582,14.78377,0,False,False
56.81586,-0.021301,1.61874,0.044137,2.666459,7.452236,354.2273,0,0,0,0,0,0,0.135449,0.701205,0.222715,41.27807,347.3369,14.78926,0,False,False
56.82692,-0.021285,1.618711,0.044025,2.650698,7.457044,354.2098,0,0,0,0,0,0,0.135362,0.701278,0.22279,41.25593,347.3205,14.79543,0,False,False
56.83797,-0.021234,1.61873,0.04393,2.678073,7.452101,354.2076,0,0,0,0,0,0,0.135443,0.701287,0.222824,41.24245,347.3228,14.81273,0,False,False
56.84914,-0.021196,1.618657,0.043829,2.680532,7.455557,354.213,0,0,0,0,0,0,0.135349,0.701314,0.222737,41.24613,347.315,14.82275,0,False,False
56.86031,-0.021165,1.618663,0.043683,2.694768,7.456057,354.2289,0,0,0,0,0,0,0.135353,0.70131,0.222652,41.24431,347.3152,14.82399,0,False,False
56.87135,-0.021153,1.618646,0.043568,2.705954,7.459888,354.2339,0,0,0,0,0,0,0.135401,0.701262,0.222599,41.26721,347.3069,14.83012,0,False,False
56.88245,-0.021102,1.618678,0.043488,2.713962,7.459631,354.2299,0,0,0,0,0,0,0.135515,0.701385,0.222503,41.27754,347.3081,14.8485,0,False,False
56.89357,-0.02104,1.618691,0.043425,2.725657,7.46426,354.2043,0,0,0,0,0,0,0.135527,0.701382,0.22245,41.28936,347.3055,14.85525,0,False,False
56.90467,-0.020985,1.61865,0.043344,2.73715,7.459843,354.1926,0,0,0,0,0,0,0.135433,0.701295,0.22244,41.28484,347.2792,14.85929,0,False,False
56.91583,-0.020964,1.618635,0.043291,2.735792,7.462,354.1856,0,0,0,0,0,0,0.13537,0.701235,0.222424,41.27856,347.2498,14.87246,0,False,False
56.92686,-0.020923,1.618653,0.043243,2.740468,7.449335,354.2042,0,0,0,0,0,0,0.135315,0.701233,0.222385,41.27229,347.2134,14.87787,0,False,False
56.93797,-0.020884,1.618686,0.04318,2.74826,7.45025,354.2266,0,0,0,0,0,0,0.135249,0.701306,0.222384,41.27198,347.2012,14.88089,0,False,False
56.94901,-0.0209,1.6187,0.043076,2.733219,7.446963,354.2444,0,0,0,0,0,0,0.135263,0.701308,0.222366,41.27594,347.2024,14.84482,0,False,False
56.96025,-0.020945,1.618681,0.043055,2.723446,7.462759,354.255,0,0,0,0,0,0,0.13502,0.701216,0.22263,41.27129,347.2117,14.85504,0,False,False
56.97138,-0.020963,1.618673,0.042955,2.717113,7.471405,354.2523,0,0,0,0,0,0,0.134988,0.701233,0.222614,41.26291,347.2261,14.86652,0,False,False
56.98241,-0.02096,1.618696,0.042958,2.715676,7.485534,354.2362,0,0,0,0,0,0,0.135054,0.701261,0.222357,41.24747,347.2362,14.88177,0,False,False
56.99359,-0.020941,1.618701,0.042934,2.695649,7.5138,354.2256,0,0,0,0,0,0,0.135106,0.70141,0.222324,41.23283,347.2487,14.90209,0,False,False
57.0046,-0.020951,1.618689,0.042934,2.700378,7.532937,354.2182,0,0,0,0,0,0,0.134974,0.701402,0.222473,41.2182,347.2707,14.89612,0,False,False
57.0158,-0.020968,1.618696,0.042885,2.717016,7.541074,354.2087,0,0,0,0,0,0,0.134957,0.70141,0.222329,41.20892,347.2782,14.89948,0,False,False
57.0268,-0.02098,1.61866,0.042822,2.714715,7.549159,354.2121,0,0,0,0,0,0,0.134939,0.701344,0.222283,41.20394,347.2867,14.89637,0,False,False
57.03799,-0.020971,1.618662,0.042767,2.73583,7.554721,354.2184,0,0,0,0,0,0,0.134989,0.701252,0.2222,41.23003,347.2839,14.89045,0,False,False
57.04918,-0.020978,1.618631,0.042709,2.754054,7.551041,354.2078,0,0,0,0,0,0,0.135097,0.701203,0.221907,41.26393,347.2878,14.89866,0,False,False
57.06015,-0.021012,1.618622,0.042684,2.765702,7.566502,354.2183,0,0,0,0,0,0,0.135086,0.700992,0.221831,41.28059,347.2947,14.90306,0,False,False
57.07119,-0.021031,1.618565,0.042598,2.766926,7.562386,354.2125,0,0,0,0,0,0,0.135146,0.700913,0.221725,41.30509,347.2975,14.90202,0,False,False
57.08241,-0.021067,1.618544,0.042565,2.775883,7.562565,354.1946,0,0,0,0,0,0,0.135152,0.700921,0.221773,41.31926,347.3186,14.89046,0,False,False
57.09358,-0.021065,1.618565,0.042502,2.772991,7.554976,354.1924,0,0,0,0,0,0,0.1353,0.701006,0.221763,41.33043,347.3348,14.87896,0,False,False
57.10451,-0.021078,1.618554,0.042483,2.771039,7.552177,354.1902,0,0,0,0,0,0,0.135278,0.701005,0.22175,41.34826,347.3612,14.87221,0,False,False
57.11577,-0.021077,1.618557,0.042408,2.774407,7.531706,354.199,0,0,0,0,0,0,0.135322,0.700992,0.221741,41.36411,347.3697,14.86707,0,False,False
57.12678,-0.021097,1.618579,0.042359,2.774813,7.524294,354.2305,0,0,0,0,0,0,0.135305,0.700892,0.221674,41.37112,347.4045,14.8938,0,False,False
57.13793,-0.02112,1.618634,0.042325,2.766129,7.508396,354.2427,0,0,0,0,0,0,0.135228,0.701014,0.221676,41.36541,347.4068,14.89587,0,False,False
57.14928,-0.021161,1.618655,0.042254,2.763552,7.510135,354.2502,0,0,0,0,0,0,0.13521,0.701062,0.221726,41.36193,347.4047,14.8908,0,False,False
57.16019,-0.021145,1.61872,0.042191,2.720636,7.499384,354.2721,0,0,0,0,0,0,0.135106,0.700992,0.22171,41.33484,347.3943,14.89104,0,False,False
57.17117,-0.021173,1.618746,0.042147,2.680586,7.505072,354.2854,0,0,0,0,0,0,0.134984,0.701031,0.221661,41.29229,347.366,14.89983,0,False,False
57.18236,-0.02114,1.618793,0.042125,2.675174,7.513228,354.2993,0,0,0,0,0,0,0.134858,0.701079,0.221683,41.2601,347.3329,14.9044,0,False,False
57.19359,-0.021171,1.618836,0.042099,2.672354,7.527349,354.3017,0,0,0,0,0,0,0.134799,0.701118,0.221783,41.24213,347.3174,14.89206,0,False,False
57.20454,-0.021114,1.618888,0.042118,2.648936,7.532276,354.3026,0,0,0,0,0,0,0.134706,0.701154,0.221798,41.22047,347.2984,14.88871,0,False,False
57.2156,-0.021092,1.618916,0.042114,2.622297,7.549283,354.3101,0,0,0,0,0,0,0.134594,0.701136,0.221738,41.22316,347.2771,14.87348,0,False,False
57.22682,-0.021015,1.618923,0.042121,2.611225,7.554749,354.3154,0,0,0,0,0,0,0.134564,0.701161,0.221625,41.21982,347.2767,14.86018,0,False,False
57.23783,-0.020963,1.618924,0.042123,2.594279,7.579103,354.3193,0,0,0,0,0,0,0.134561,0.701024,0.221435,41.22783,347.2643,14.83835,0,False,False
57.24915,-0.020943,1.618895,0.042161,2.598244,7.61207,354.3259,0,0,0,0,0,0,0.134544,0.700968,0.221345,41.24228,347.2729,14.83076,0,False,False
57.26112,-0.020901,1.618849,0.042156,2.630515,7.649512,354.3387,0,0,0,0,0,0,0.134485,0.700884,0.221271,41.27793,347.2778,14.82841,0,False,False
57.27121,-0.020835,1.618803,0.042138,2.679804,7.682973,354.3448,0,0,0,0,0,0,0.134369,0.700844,0.221189,41.30199,347.2972,14.8294,0,False,False
57.28243,-0.020786,1.618733,0.042149,2.710507,7.717347,354.3397,0,0,0,0,0,0,0.134411,0.700762,0.221147,41.32339,347.3071,14.83161,0,False,False
57.29336,-0.02074,1.618622,0.042153,2.75903,7.742007,354.3449,0,0,0,0,0,0,0.134448,0.700891,0.221,41.32603,347.3181,14.8425,0,False,False
57.30457,-0.02071,1.618548,0.042118,2.79861,7.755701,354.3354,0,0,0,0,0,0,0.134403,0.700889,0.221218,41.32817,347.3263,14.82964,0,False,False
57.31565,-0.020664,1.618503,0.042101,2.832017,7.757959,354.3524,0,0,0,0,0,0,0.13444,0.70094,0.22125,41.32003,347.321,14.80106,0,False,False
57.32669,-0.020659,1.618448,0.042096,2.85871,7.755231,354.3621,0,0,0,0,0,0,0.134392,0.700932,0.22127,41.3085,347.3243,14.78454,0,False,False
57.33778,-0.020679,1.618382,0.041998,2.859964,7.752145,354.3542,0,0,0,0,0,0,0.13443,0.700942,0.221277,41.30361,347.3256,14.77177,0,False,False
57.349,-0.020659,1.618364,0.041969,2.845505,7.741123,354.3425,0,0,0,0,0,0,0.134543,0.700818,0.221211,41.28344,347.3727,14.80291,0,False,False
57.36009,-0.0207,1.618382,0.041952,2.825752,7.741018,354.3236,0,0,0,0,0,0,0.134589,0.700826,0.221178,41.28109,347.4035,14.82233,0,False,False
57.37111,-0.02072,1.618392,0.0419,2.808769,7.723136,354.303,0,0,0,0,0,0,0.13474,0.700826,0.22111,41.26186,347.4341,14.85357,0,False,False
57.38229,-0.020729,1.618474,0.041977,2.792603,7.716586,354.3087,0,0,0,0,0,0,0.134793,0.70091,0.221162,41.24725,347.4611,14.87564,0,False,False
57.39342,-0.0207,1.618507,0.042012,2.784775,7.707915,354.3113,0,0,0,0,0,0,0.134775,0.700866,0.221087,41.23542,347.4712,14.86984,0,False,False
57.4046,-0.020717,1.61846,0.04198,2.786147,7.703711,354.3349,0,0,0,0,0,0,0.134745,0.700944,0.22104,41.24028,347.4706,14.84228,0,False,False
57.41561,-0.020687,1.618397,0.041948,2.804071,7.697413,354.3674,0,0,0,0,0,0,0.13479,0.700885,0.221009,41.25105,347.4762,14.83356,0,False,False
57.42673,-0.020685,1.618403,0.041962,2.809162,7.716791,354.3818,0,0,0,0,0,0,0.134766,0.700836,0.220897,41.27191,347.4515,14.81855,0,False,False
57.43771,-0.020675,1.618389,0.041931,2.793683,7.720805,354.3822,0,0,0,0,0,0,0.134767,0.700797,0.220809,41.2961,347.4458,14.82722,0,False,False
57.44896,-0.020697,1.618403,0.041868,2.800742,7.739351,354.3749,0,0,0,0,0,0,0.134666,0.700862,0.220737,41.30864,347.4444,14.82959,0,False,False
57.46002,-0.020772,1.618456,0.041796,2.797018,7.751255,354.368,0,0,0,0,0,0,0.134548,0.700817,0.220781,41.30544,347.4427,14.82511,0,False,False
57.47112,-0.020772,1.618431,0.041781,2.792325,7.766517,354.3752,0,0,0,0,0,0,0.134436,0.700761,0.22059,41.29258,347.4485,14.83798,0,False,False
57.48241,-0.020826,1.618431,0.041705,2.798727,7.771058,354.3974,0,0,0,0,0,0,0.134451,0.700699,0.220475,41.2889,347.4542,14.83258,0,False,False
57.49344,-0.02089,1.618529,0.041642,2.761932,7.77565,354.4133,0,0,0,0,0,0,0.134473,0.700646,0.220391,41.29692,347.467,14.8244,0,False,False
57.5046,-0.020909,1.618636,0.04168,2.689276,7.781881,354.4045,0,0,0,0,0,0,0.134465,0.700595,0.220415,41.31388,347.4787,14.8143,0,False,False
57.51556,-0.02095,1.618776,0.041726,2.626544,7.787453,354.4056,0,0,0,0,0,0,0.134458,0.700553,0.220371,41.33312,347.4865,14.82465,0,False,False
57.52684,-0.020975,1.618852,0.041772,2.57436,7.794538,354.401,0,0,0,0,0,0,0.134537,0.700615,0.220396,41.34448,347.471,14.82571,0,False,False
57.53769,-0.020959,1.618847,0.041741,2.558661,7.790859,354.4157,0,0,0,0,0,0,0.134632,0.700534,0.220386,41.33949,347.4706,14.82403,0,False,False
57.54878,-0.021009,1.618907,0.041799,2.561374,7.773187,354.4306,0,0,0,0,0,0,0.134643,0.700514,0.220349,41.33852,347.4775,14.83205,0,False,False
57.56001,-0.021069,1.618912,0.041842,2.550087,7.754239,354.4532,0,0,0,0,0,0,0.13466,0.70051,0.220436,41.32986,347.4765,14.83032,0,False,False
57.571,-0.021179,1.618954,0.041893,2.551645,7.729639,354.4876,0,0,0,0,0,0,0.134609,0.700454,0.220377,41.32875,347.482,14.85426,0,False,False
57.5823,-0.021225,1.618982,0.04196,2.524838,7.705578,354.5173,0,0,0,0,0,0,0.134593,0.700414,0.220387,41.32901,347.4876,14.86718,0,False,False
57.5933,-0.02132,1.619032,0.042016,2.519974,7.680502,354.5406,0,0,0,0,0,0,0.134598,0.7003,0.220323,41.3283,347.4991,14.89651,0,False,False
57.60432,-0.021404,1.618973,0.042084,2.513963,7.657479,354.5558,0,0,0,0,0,0,0.13464,0.7003,0.220407,41.33463,347.4919,14.90835,0,False,False
57.61566,-0.021511,1.618864,0.042101,2.592151,7.629479,354.5533,0,0,0,0,0,0,0.13454,0.70051,0.220397,41.33134,347.4651,14.89167,0,False,False
57.62663,-0.021603,1.618856,0.042163,2.647976,7.605201,354.5733,0,0,0,0,0,0,0.134481,0.700535,0.220435,41.32828,347.4513,14.89417,0,False,False
57.63763,-0.021668,1.618851,0.042244,2.675227,7.573313,354.5858,0,0,0,0,0,0,0.134455,0.700606,0.220419,41.31327,347.4318,14.88334,0,False,False
57.64885,-0.021725,1.618836,0.042328,2.66862,7.546079,354.613,0,0,0,0,0,0,0.134528,0.700622,0.220394,41.3069,347.433,14.89478,0,False,False
57.66001,-0.021734,1.618817,0.042467,2.686082,7.53679,354.6233,0,0,0,0,0,0,0.134505,0.700624,0.220398,41.31628,347.4308,14.89182,0,False,False
57.67105,-0.021724,1.618802,0.042557,2.694557,7.507898,354.6525,0,0,0,0,0,0,0.134466,0.700647,0.22032,41.32843,347.3988,14.91305,0,False,False
57.68216,-0.021784,1.618749,0.042613,2.705702,7.497512,354.6706,0,0,0,0,0,0,0.134365,0.700639,0.220281,41.34153,347.3557,14.91863,0,False,False
57.69331,-0.021811,1.61875,0.042648,2.741082,7.486136,354.6764,0,0,0,0,0,0,0.134206,0.700569,0.220312,41.34575,347.3383,14.9179,0,False,False
57.70429,-0.021834,1.618714,0.042709,2.760325,7.472018,354.6849,0,0,0,0,0,0,0.13416,0.700583,0.220362,41.33788,347.3367,14.89831,0,False,False
57.71542,-0.021922,1.618702,0.042784,2.768107,7.470218,354.6908,0,0,0,0,0,0,0.134114,0.700564,0.220455,41.32967,347.3267,14.88073,0,False,False
57.72669,-0.021962,1.618713,0.042865,2.774106,7.464931,354.7048,0,0,0,0,0,0,0.134121,0.700531,0.220502,41.30634,347.3263,14.87917,0,False,False
57.73759,-0.021969,1.618714,0.042993,2.768385,7.454534,354.72,0,0,0,0,0,0,0.134075,0.700534,0.220519,41.29252,347.3223,14.8772,0,False,False
57.74877,-0.022059,1.618729,0.043047,2.759597,7.455095,354.7126,0,0,0,0,0,0,0.134004,0.700345,0.22066,41.30418,347.3352,14.86818,0,False,False
57.75993,-0.022164,1.618752,0.043146,2.770751,7.442506,354.7119,0,0,0,0,0,0,0.134028,0.700331,0.220607,41.32399,347.3415,14.8674,0,False,False
57.77092,-0.022295,1.618803,0.043172,2.793055,7.411056,354.7144,0,0,0,0,0,0,0.134006,0.700274,0.220511,41.35062,347.3507,14.87438,0,False,False
57.78217,-0.022429,1.618788,0.043195,2.787238,7.402477,354.7289,0,0,0,0,0,0,0.134079,0.700278,0.220282,41.39647,347.3543,14.88277,0,False,False
57.79318,-0.022514,1.618797,0.043216,2.774302,7.370147,354.7481,0,0,0,0,0,0,0.134065,0.700211,0.220216,41.4315,347.349,14.87731,0,False,False
57.80433,-0.022673,1.618815,0.043219,2.759156,7.355903,354.7908,0,0,0,0,0,0,0.134054,0.700256,0.220144,41.45645,347.3227,14.89264,0,False,False
57.81549,-0.022718,1.618849,0.043286,2.737095,7.339065,354.8269,0,0,0,0,0,0,0.133902,0.700172,0.220195,41.45295,347.3385,14.92846,0,False,False
57.82653,-0.022818,1.618837,0.043292,2.696312,7.319515,354.8372,0,0,0,0,0,0,0.133877,0.700233,0.220265,41.44321,347.3369,14.93146,0,False,False
57.83756,-0.022918,1.618879,0.043363,2.678499,7.304513,354.8451,0,0,0,0,0,0,0.133883,0.700095,0.220404,41.41938,347.3286,14.94035,0,False,False
57.84869,-0.023022,1.618884,0.043381,2.66818,7.282386,354.8516,0,0,0,0,0,0,0.133832,0.700105,0.220573,41.38696,347.3123,14.93896,0,False,False
57.85988,-0.023104,1.618908,0.043483,2.679904,7.245721,354.8737,0,0,0,0,0,0,0.133795,0.70014,0.220678,41.35931,347.3118,14.95372,0,False,False
57.87091,-0.023227,1.618849,0.043593,2.682403,7.21825,354.8969,0,0,0,0,0,0,0.133686,0.700238,0.22078,41.35169,347.3048,14.94755,0,False,False
57.88219,-0.023254,1.618867,0.04373,2.669387,7.183368,354.9293,0,0,0,0,0,0,0.13364,0.700234,0.220858,41.36581,347.2917,14.96165,0,False,False
57.89332,-0.023379,1.618901,0.043835,2.659653,7.148001,354.9614,0,0,0,0,0,0,0.133622,0.700216,0.220851,41.38565,347.2699,14.98563,0,False,False
57.90432,-0.023478,1.618893,0.04391,2.657346,7.128492,354.9615,0,0,0,0,0,0,0.133459,0.700149,0.220792,41.40903,347.2387,14.98743,0,False,False
57.91535,-0.02358,1.618837,0.044043,2.658768,7.100645,354.9647,0,0,0,0,0,0,0.133374,0.699967,0.220831,41.41537,347.2329,15.01278,0,False,False
57.92643,-0.0237,1.618866,0.044142,2.675225,7.084558,354.9476,0,0,0,0,0,0,0.133422,0.700048,0.220953,41.41805,347.2211,15.00778,0,False,False
57.93752,-0.023808,1.618814,0.044215,2.678262,7.072812,354.938,0,0,0,0,0,0,0.133304,0.700061,0.221029,41.4194,347.2392,15.0118,0,False,False
57.9487,-0.02392,1.618777,0.044273,2.686856,7.056375,354.9366,0,0,0,0,0,0,0.133257,0.70004,0.221179,41.41684,347.2551,15.01411,0,False,False
57.95981,-0.024066,1.618731,0.044327,2.695164,7.031013,354.9431,0,0,0,0,0,0,0.133192,0.700038,0.221196,41.41451,347.2637,14.99068,0,False,False
57.97096,-0.02429,1.618735,0.044385,2.721261,6.995769,354.9467,0,0,0,0,0,0,0.133187,0.69988,0.221155,41.42251,347.2818,14.99153,0,False,False
57.98204,-0.024507,1.618647,0.044447,2.730354,6.956959,354.9521,0,0,0,0,0,0,0.133073,0.699818,0.221081,41.44168,347.276,15.00884,0,False,False
57.99327,-0.024733,1.618587,0.044513,2.737373,6.919163,354.9602,0,0,0,0,0,0,0.133053,0.699995,0.22095,41.47247,347.2636,15.02427,0,False,False
58.00415,-0.024996,1.61855,0.044599,2.744154,6.866843,354.9372,0,0,0,0,0,0,0.133005,0.699971,0.220978,41.51644,347.2338,15.04705,0,False,False
58.01549,-0.025268,1.618523,0.044762,2.75085,6.811038,354.9047,0,0,0,0,0,0,0.13288,0.6998,0.22088,41.56809,347.1694,15.06569,0,False,False
58.02651,-0.025592,1.618538,0.044923,2.755069,6.738244,354.8484,0,0,0,0,0,0,0.132821,0.699745,0.220943,41.61896,347.099,15.10497,0,False,False
58.03747,-0.025992,1.61853,0.045055,2.755515,6.654076,354.8024,0,0,0,0,0,0,0.132688,0.699658,0.220976,41.67536,347.0374,15.13626,0,False,False
58.0487,-0.026428,1.618504,0.04524,2.758862,6.564085,354.7785,0,0,0,0,0,0,0.132304,0.699416,0.221077,41.72141,346.957,15.17155,0,False,False
58.05977,-0.026877,1.618548,0.045388,2.763242,6.449385,354.7502,0,0,0,0,0,0,0.132053,0.699314,0.22107,41.7753,346.8899,15.22257,0,False,False
58.07079,-0.027366,1.618552,0.045549,2.753292,6.333586,354.7322,0,0,0,0,0,0,0.131775,0.699237,0.221203,41.85175,346.7928,15.25446,0,False,False
58.08213,-0.027889,1.618524,0.04565,2.746179,6.205788,354.7199,0,0,0,0,0,0,0.131639,0.69924,0.221124,41.93512,346.7016,15.32988,0,False,False
58.09313,-0.028471,1.618502,0.045745,2.765132,6.08682,354.7252,0,0,0,0,0,0,0.131266,0.699147,0.221221,42.02931,346.5704,15.38199,0,False,False
58.10412,-0.02904,1.618516,0.045855,2.786187,5.977696,354.7728,0,0,0,0,0,0,0.13084,0.699042,0.22115,42.1101,346.4346,15.43587,0,False,False
58.11535,-0.029602,1.618539,0.045901,2.814187,5.850501,354.8675,0,0,0,0,0,0,0.130281,0.698936,0.221296,42.20351,346.2803,15.5113,0,False,False
58.1265,-0.03013,1.618543,0.04598,2.84506,5.732543,354.9755,0,0,0,0,0,0,0.129768,0.698933,0.221418,42.27952,346.1163,15.54919,0,False,False
58.13749,-0.030633,1.618579,0.046067,2.848608,5.599506,355.106,0,0,0,0,0,0,0.129239,0.699139,0.221969,42.29311,345.9242,15.53199,0,False,False
58.14864,-0.03106,1.618627,0.046175,2.847722,5.47522,355.2309,0,0,0,0,0,0,0.128705,0.699302,0.222307,42.29525,345.7617,15.52382,0,False,False
58.15986,-0.031362,1.618732,0.046373,2.83433,5.381472,355.3362,0,0,0,0,0,0,0.128058,0.699469,0.222977,42.23251,345.6126,15.54716,0,False,False
58.1708,-0.031716,1.618822,0.046526,2.83138,5.297044,355.4111,0,0,0,0,0,0,0.127344,0.699745,0.22361,42.15931,345.4515,15.59224,0,False,False
58.18199,-0.031946,1.618848,0.046636,2.82075,5.2184,355.4583,0,0,0,0,0,0,0.126741,0.700041,0.224201,42.12161,345.3028,15.60047,0,False,False
58.19313,-0.032133,1.618844,0.046711,2.830136,5.155067,355.4827,0,0,0,0,0,0,0.126092,0.700265,0.224649,42.07693,345.1678,15.62158,0,False,False
58.20424,-0.032275,1.618806,0.046804,2.860404,5.092829,355.4974,0,0,0,0,0,0,0.125481,0.700627,0.225334,41.96902,345.0654,15.59687,0,False,False
58.21523,-0.03227,1.618679,0.046847,2.905098,5.04376,355.5048,0,0,0,0,0,0,0.12483,0.700956,0.225962,41.83216,344.9565,15.54808,0,False,False
58.22643,-0.032216,1.618592,0.046927,2.951596,5.00762,355.5202,0,0,0,0,0,0,0.124247,0.701311,0.226652,41.69667,344.8562,15.45373,0,False,False
58.23754,-0.032055,1.618488,0.046963,3.034136,4.966705,355.5281,0,0,0,0,0,0,0.123818,0.70164,0.227482,41.57541,344.7514,15.31342,0,False,False
58.24864,-0.031791,1.618396,0.046998,3.110219,4.956511,355.5546,0,0,0,0,0,0,0.123457,0.701939,0.228127,41.44928,344.7205,15.27239,0,False,False
58.25972,-0.031523,1.618359,0.046976,3.194402,4.93954,355.5957,0,0,0,0,0,0,0.123143,0.702138,0.228816,41.35516,344.7415,15.21678,0,False,False
58.27075,-0.031133,1.618317,0.046986,3.271527,4.942724,355.637,0,0,0,0,0,0,0.122952,0.70231,0.229427,41.29201,344.8071,15.12902,0,False,False
58.28198,-0.030574,1.618242,0.046968,3.345744,4.953719,355.6933,0,0,0,0,0,0,0.122857,0.702537,0.229914,41.20646,344.8585,15.04403,0,False,False
58.29314,-0.02993,1.618154,0.046877,3.394813,4.995811,355.7507,0,0,0,0,0,0,0.12263,0.702673,0.230516,41.13283,344.9173,14.95045,0,False,False
58.30414,-0.029197,1.618161,0.046826,3.406853,5.050167,355.8014,0,0,0,0,0,0,0.122509,0.70275,0.230986,41.04205,344.9821,14.83519,0,False,False
58.31529,-0.028363,1.618194,0.04673,3.379915,5.164685,355.8088,0,0,0,0,0,0,0.122379,0.702919,0.231442,40.95589,345.0448,14.73817,0,False,False
58.32633,-0.02754,1.618248,0.046594,3.325422,5.280415,355.7871,0,0,0,0,0,0,0.122372,0.703091,0.231928,40.82052,345.1286,14.64927,0,False,False
58.33735,-0.026594,1.618302,0.04653,3.218623,5.43586,355.6859,0,0,0,0,0,0,0.122335,0.703329,0.232361,40.65203,345.2141,14.54884,0,False,False
58.34859,-0.025656,1.618386,0.046486,3.097663,5.625096,355.5123,0,0,0,0,0,0,0.122383,0.70362,0.23271,40.47762,345.2837,14.47738,0,False,False
58.35972,-0.024745,1.618465,0.046419,3.000311,5.821133,355.3128,0,0,0,0,0,0,0.122488,0.703924,0.232884,40.25957,345.382,14.39966,0,False,False
58.37064,-0.023802,1.618616,0.04635,2.925074,6.034395,355.0987,0,0,0,0,0,0,0.122711,0.704215,0.232927,40.06024,345.489,14.2885,0,False,False
58.38213,-0.022885,1.618625,0.046279,2.883387,6.243121,354.869,0,0,0,0,0,0,0.123058,0.704513,0.232836,39.88851,345.5877,14.18631,0,False,False
58.3935,-0.021975,1.618553,0.046256,2.867997,6.455088,354.6536,0,0,0,0,0,0,0.123332,0.704681,0.232565,39.74441,345.6743,14.06557,0,False,False
58.40419,-0.021125,1.618524,0.046244,2.875143,6.62872,354.4719,0,0,0,0,0,0,0.123828,0.704733,0.231928,39.73288,345.7121,13.91322,0,False,False
58.41517,-0.020476,1.618494,0.046161,2.913314,6.801449,354.279,0,0,0,0,0,0,0.124394,0.704463,0.231002,39.80606,345.7973,13.76689,0,False,False
58.42624,-0.01989,1.618442,0.046182,2.969884,6.969423,354.0735,0,0,0,0,0,0,0.12506,0.704014,0.229914,39.95578,345.9311,13.68129,0,False,False
58.43742,-0.019325,1.618371,0.046159,3.035464,7.135398,353.8931,0,0,0,0,0,0,0.125738,0.703523,0.228598,40.16251,346.1202,13.59055,0,False,False
58.44852,-0.018863,1.618267,0.046119,3.101862,7.316726,353.7394,0,0,0,0,0,0,0.126491,0.702912,0.227452,40.36175,346.2688,13.49624,0,False,False
58.45966,-0.018474,1.618147,0.046103,3.164405,7.506918,353.6035,0,0,0,0,0,0,0.127081,0.702038,0.225976,40.63497,346.3839,13.43165,0,False,False
58.47066,-0.018249,1.618093,0.046158,3.197462,7.693315,353.4959,0,0,0,0,0,0,0.127942,0.701056,0.224796,40.98156,346.4252,13.42852,0,False,False
58.48175,-0.018078,1.618019,0.046291,3.211322,7.877527,353.3969,0,0,0,0,0,0,0.128772,0.700005,0.223451,41.34744,346.4732,13.52501,0,False,False
58.49306,-0.018042,1.618059,0.046442,3.226652,8.04312,353.3678,0,0,0,0,0,0,0.129623,0.698967,0.222194,41.68116,346.566,13.67281,0,False,False
58.50398,-0.01814,1.618094,0.046589,3.22193,8.17653,353.3319,0,0,0,0,0,0,0.130411,0.698205,0.220875,41.99416,346.6383,13.79457,0,False,False
58.5151,-0.018263,1.61814,0.046715,3.221483,8.280639,353.295,0,0,0,0,0,0,0.131333,0.697369,0.219997,42.33027,346.7549,13.92779,0,False,False
58.5262,-0.018594,1.618188,0.046904,3.234278,8.331456,353.2986,0,0,0,0,0,0,0.132108,0.696643,0.219209,42.6505,346.8581,14.03657,0,False,False
58.53728,-0.018967,1.618172,0.047087,3.25404,8.371939,353.3259,0,0,0,0,0,0,0.132829,0.696036,0.218534,42.93044,346.9718,14.10768,0,False,False
58.54845,-0.01957,1.61811,0.04727,3.279874,8.331454,353.3873,0,0,0,0,0,0,0.133208,0.695457,0.218103,43.13248,347.1032,14.19311,0,False,False
58.55947,-0.020153,1.618046,0.047463,3.317162,8.272112,353.4373,0,0,0,0,0,0,0.133864,0.695083,0.217159,43.3406,347.163,14.32114,0,False,False
58.57064,-0.020903,1.618004,0.047704,3.371491,8.167346,353.4975,0,0,0,0,0,0,0.134198,0.694838,0.217089,43.47249,347.1108,14.57551,0,False,False
58.58187,-0.021721,1.617925,0.04803,3.42577,8.029536,353.577,0,0,0,0,0,0,0.134284,0.694892,0.217001,43.56318,346.9975,14.84622,0,False,False
58.59282,-0.022545,1.617869,0.048272,3.485473,7.898304,353.6806,0,0,0,0,0,0,0.134161,0.694982,0.217143,43.57895,346.8223,15.04992,0,False,False
58.60405,-0.023452,1.617796,0.048512,3.545947,7.742599,353.8483,0,0,0,0,0,0,0.133902,0.695222,0.217704,43.57652,346.6424,15.18711,0,False,False
58.61516,-0.024351,1.617734,0.048754,3.599212,7.551518,354.0272,0,0,0,0,0,0,0.13366,0.695315,0.218031,43.60815,346.4725,15.30098,0,False,False
58.62622,-0.025244,1.617714,0.048955,3.656963,7.367136,354.2336,0,0,0,0,0,0,0.133137,0.695682,0.218814,43.57146,346.2452,15.38834,0,False,False
58.63727,-0.02613,1.617711,0.049187,3.686378,7.18167,354.4213,0,0,0,0,0,0,0.132662,0.695836,0.219561,43.57083,346.0084,15.51588,0,False,False
58.64857,-0.027022,1.617829,0.049446,3.719149,7.00666,354.6138,0,0,0,0,0,0,0.131902,0.696201,0.220485,43.53004,345.7041,15.67393,0,False,False
58.65967,-0.027788,1.617883,0.049648,3.736894,6.827644,354.8005,0,0,0,0,0,0,0.131018,0.696755,0.221601,43.47211,345.4161,15.85542,0,False,False
58.67055,-0.028509,1.617918,0.049898,3.758893,6.647755,354.9821,0,0,0,0,0,0,0.130021,0.697275,0.222629,43.37682,345.1529,15.99458,0,False,False
58.68186,-0.029144,1.617968,0.050139,3.767772,6.485518,355.1743,0,0,0,0,0,0,0.129075,0.697915,0.223879,43.22802,344.92,16.02168,0,False,False
58.69292,-0.029692,1.618011,0.050362,3.788498,6.3276,355.3787,0,0,0,0,0,0,0.128064,0.698664,0.225109,43.08574,344.7291,16.02383,0,False,False
58.704,-0.030143,1.618054,0.050529,3.823194,6.196579,355.5686,0,0,0,0,0,0,0.127031,0.69938,0.226548,42.87476,344.6037,15.93064,0,False,False
58.71506,-0.030488,1.618052,0.050727,3.857824,6.06709,355.7422,0,0,0,0,0,0,0.126047,0.700167,0.228149,42.61317,344.6095,15.7184,0,False,False
58.72612,-0.030649,1.618016,0.050921,3.892768,5.968263,355.8943,0,0,0,0,0,0,0.124991,0.700993,0.229674,42.36379,344.5872,15.54079,0,False,False
58.73725,-0.03081,1.617963,0.051047,3.934612,5.891051,356.0363,0,0,0,0,0,0,0.123989,0.701835,0.23136,42.05392,344.6548,15.2922,0,False,False
58.74839,-0.030756,1.617926,0.051227,3.971345,5.817107,356.1597,0,0,0,0,0,0,0.123038,0.702618,0.23295,41.69712,344.7083,15.09418,0,False,False
58.75958,-0.030593,1.617878,0.051418,3.995902,5.771874,356.2425,0,0,0,0,0,0,0.12198,0.703541,0.234419,41.34585,344.748,14.9055,0,False,False
58.77047,-0.030343,1.617831,0.051584,4.043198,5.730492,356.3145,0,0,0,0,0,0,0.120985,0.704331,0.235784,41.00867,344.7607,14.73736,0,False,False
58.78175,-0.029928,1.61778,0.051756,4.104551,5.713509,356.3674,0,0,0,0,0,0,0.119816,0.705397,0.23708,40.60252,344.6596,14.5921,0,False,False
58.79282,-0.029346,1.617669,0.051862,4.177356,5.713369,356.4183,0,0,0,0,0,0,0.11855,0.706255,0.238015,40.19643,344.4955,14.4498,0,False,False
58.80395,-0.028703,1.617528,0.051883,4.25989,5.738101,356.4776,0,0,0,0,0,0,0.117293,0.707211,0.239401,39.80998,344.3783,14.30567,0,False,False
58.81498,-0.027938,1.617414,0.051899,4.33708,5.785548,356.5355,0,0,0,0,0,0,0.116127,0.708096,0.240259,39.45944,344.2881,14.0862,0,False,False
58.82616,-0.027085,1.617273,0.05189,4.37869,5.865808,356.5431,0,0,0,0,0,0,0.115321,0.708619,0.240953,39.17663,344.2467,13.77166,0,False,False
58.83723,-0.026224,1.617193,0.05187,4.407441,5.957568,356.5192,0,0,0,0,0,0,0.114549,0.709446,0.241639,38.9124,344.2305,13.48789,0,False,False
58.84827,-0.025193,1.617147,0.051854,4.422991,6.089797,356.4102,0,0,0,0,0,0,0.114034,0.709893,0.24187,38.73428,344.2403,13.22909,0,False,False
58.85963,-0.024146,1.617106,0.051795,4.434565,6.222956,356.2808,0,0,0,0,0,0,0.11358,0.710429,0.241872,38.53196,344.2284,13.07967,0,False,False
58.87048,-0.023088,1.617011,0.051737,4.429998,6.393055,356.0906,0,0,0,0,0,0,0.113465,0.710708,0.241765,38.37306,344.2206,12.96079,0,False,False
58.88168,-0.022027,1.61692,0.051693,4.422629,6.569797,355.8784,0,0,0,0,0,0,0.113522,0.710737,0.241372,38.2458,344.2462,12.83055,0,False,False
58.89269,-0.020968,1.616892,0.051708,4.430293,6.746979,355.6828,0,0,0,0,0,0,0.113755,0.710862,0.240791,38.14616,344.3247,12.69328,0,False,False
58.90392,-0.0199,1.616866,0.051628,4.444212,6.951181,355.4779,0,0,0,0,0,0,0.114352,0.710791,0.240108,38.08035,344.4192,12.5612,0,False,False
58.91513,-0.01882,1.616868,0.051536,4.47902,7.136937,355.2977,0,0,0,0,0,0,0.115191,0.710549,0.239219,38.10379,344.5797,12.39783,0,False,False
58.92605,-0.017753,1.616794,0.051504,4.513605,7.330266,355.1359,0,0,0,0,0,0,0.116018,0.710237,0.238237,38.16128,344.7826,12.22126,0,False,False
58.93711,-0.016829,1.616662,0.051389,4.545393,7.528457,354.9872,0,0,0,0,0,0,0.117333,0.709454,0.237221,38.32045,345.1211,12.03667,0,False,False
58.94826,-0.015938,1.616655,0.051287,4.535918,7.718171,354.8142,0,0,0,0,0,0,0.118729,0.708734,0.235951,38.4604,345.4348,11.92422,0,False,False
58.95939,-0.015143,1.61667,0.051198,4.518856,7.906413,354.571,0,0,0,0,0,0,0.120626,0.707606,0.23422,38.70844,345.7726,12.05148,0,False,False
58.97048,-0.014415,1.616705,0.051069,4.504271,8.09983,354.3273,0,0,0,0,0,0,0.122291,0.706609,0.232487,38.92104,346.0415,12.15824,0,False,False
58.9817,-0.013809,1.616737,0.051031,4.467848,8.264112,354.0863,0,0,0,0,0,0,0.124097,0.705335,0.230711,39.25777,346.3043,12.44012,0,False,False
58.99279,-0.013347,1.616734,0.051001,4.430131,8.42296,353.8722,0,0,0,0,0,0,0.126254,0.704013,0.22885,39.62351,346.6227,12.68245,0,False,False
59.00375,-0.013094,1.616743,0.050959,4.369281,8.514665,353.6987,0,0,0,0,0,0,0.12823,0.702664,0.226964,40.00684,346.9344,12.85665,0,False,False
59.01499,-0.012931,1.616789,0.05096,4.336075,8.560007,353.5701,0,0,0,0,0,0,0.130488,0.701186,0.224819,40.42702,347.2584,13.01125,0,False,False
59.02608,-0.012866,1.616818,0.051002,4.298965,8.600526,353.4719,0,0,0,0,0,0,0.132529,0.699824,0.222903,40.83094,347.5502,13.16427,0,False,False
59.03713,-0.012977,1.616836,0.051057,4.280248,8.595225,353.3957,0,0,0,0,0,0,0.13464,0.698362,0.220768,41.25505,347.9057,13.22931,0,False,False
59.04833,-0.013089,1.616871,0.051155,4.272282,8.587398,353.3315,0,0,0,0,0,0,0.136754,0.697029,0.218875,41.67718,348.2771,13.32475,0,False,False
59.05944,-0.013387,1.616898,0.051251,4.257745,8.526409,353.3261,0,0,0,0,0,0,0.138892,0.695652,0.21707,42.16021,348.6846,13.40277,0,False,False
59.07049,-0.013718,1.616946,0.051381,4.25138,8.467138,353.3434,0,0,0,0,0,0,0.140795,0.694431,0.215253,42.59963,349.0779,13.55214,0,False,False
59.08155,-0.014169,1.616978,0.051529,4.223758,8.360259,353.3993,0,0,0,0,0,0,0.142731,0.693223,0.213618,43.05791,349.4631,13.716,0,False,False
59.09273,-0.014691,1.617046,0.051673,4.218451,8.263798,353.4731,0,0,0,0,0,0,0.144671,0.692167,0.212214,43.5119,349.7949,13.91628,0,False,False
59.10382,-0.015214,1.617096,0.051773,4.202021,8.151334,353.5508,0,0,0,0,0,0,0.146315,0.691304,0.211083,43.85262,350.0737,14.12155,0,False,False
59.11481,-0.015758,1.61713,0.051951,4.169525,8.022136,353.6416,0,0,0,0,0,0,0.14775,0.69047,0.210242,44.1015,350.2429,14.4221,0,False,False
59.12616,-0.016289,1.617174,0.052131,4.144207,7.892433,353.7352,0,0,0,0,0,0,0.149027,0.689699,0.209448,44.32985,350.3758,14.71752,0,False,False
59.1371,-0.016794,1.617215,0.052363,4.120324,7.722676,353.833,0,0,0,0,0,0,0.149845,0.689509,0.209523,44.50518,350.5758,14.701,0,False,False
59.14818,-0.017275,1.617272,0.052592,4.097589,7.577409,353.9284,0,0,0,0,0,0,0.150709,0.689635,0.209921,44.58685,350.857,14.50453,0,False,False
59.15933,-0.017743,1.617375,0.052819,4.099648,7.425251,354.0334,0,0,0,0,0,0,0.150999,0.689701,0.210414,44.57301,350.8102,14.74879,0,False,False
59.17044,-0.018159,1.617411,0.053056,4.085556,7.28714,354.1257,0,0,0,0,0,0,0.150876,0.690139,0.211047,44.44308,350.6591,14.89038,0,False,False
59.18148,-0.018503,1.617487,0.053326,4.063454,7.1898,354.2153,0,0,0,0,0,0,0.150942,0.69031,0.211523,44.35515,350.499,15.18601,0,False,False
59.19271,-0.018816,1.61755,0.053585,4.047927,7.10395,354.3141,0,0,0,0,0,0,0.150457,0.690966,0.212727,44.16791,350.1982,15.40282,0,False,False
59.20372,-0.019104,1.617536,0.053869,4.042856,7.052494,354.4003,0,0,0,0,0,0,0.149737,0.691397,0.213589,44.00521,349.9773,15.54285,0,False,False
59.2151,-0.019349,1.617522,0.05409,4.05743,7.006397,354.4651,0,0,0,0,0,0,0.149043,0.691839,0.214639,43.83743,349.7289,15.67166,0,False,False
59.22618,-0.019506,1.617481,0.054343,4.081985,6.987899,354.5367,0,0,0,0,0,0,0.148158,0.692488,0.21572,43.61262,349.5567,15.66007,0,False,False
59.23723,-0.019597,1.617335,0.054593,4.134513,7.00366,354.5981,0,0,0,0,0,0,0.147381,0.693203,0.216969,43.38791,349.4392,15.61117,0,False,False
59.24856,-0.019592,1.617202,0.054802,4.21876,7.014882,354.6764,0,0,0,0,0,0,0.146422,0.693992,0.218306,43.11267,349.3184,15.60103,0,False,False
59.25929,-0.019584,1.617069,0.054984,4.294436,7.046224,354.7364,0,0,0,0,0,0,0.145502,0.694613,0.219823,42.87119,349.1912,15.58379,0,False,False
59.27032,-0.019506,1.616957,0.05518,4.380879,7.102504,354.7675,0,0,0,0,0,0,0.144415,0.695343,0.221074,42.61775,349.0625,15.48166,0,False,False
59.28156,-0.019397,1.616884,0.055356,4.453347,7.16727,354.7899,0,0,0,0,0,0,0.143445,0.696101,0.222502,42.37803,348.9294,15.35125,0,False,False
59.29264,-0.019279,1.616823,0.055451,4.503201,7.252367,354.7909,0,0,0,0,0,0,0.142261,0.696893,0.223811,42.15114,348.856,15.10067,0,False,False
59.30368,-0.019087,1.616737,0.055606,4.533367,7.328295,354.79,0,0,0,0,0,0,0.140946,0.697701,0.225197,41.92081,348.7648,14.83017,0,False,False
59.31481,-0.018908,1.616699,0.055704,4.571163,7.422658,354.7772,0,0,0,0,0,0,0.139635,0.698394,0.226199,41.67521,348.6332,14.64306,0,False,False
59.32601,-0.018698,1.616668,0.05582,4.590013,7.499842,354.7722,0,0,0,0,0,0,0.138195,0.69911,0.227254,41.42091,348.393,14.50717,0,False,False
59.33694,-0.018511,1.616605,0.056009,4.593256,7.567382,354.7808,0,0,0,0,0,0,0.136872,0.69978,0.228173,41.17403,348.1701,14.42609,0,False,False
59.34822,-0.018318,1.616643,0.056106,4.576687,7.643423,354.7736,0,0,0,0,0,0,0.135431,0.700349,0.2289,40.97514,347.8544,14.38786,0,False,False
59.35929,-0.018087,1.616708,0.056236,4.563057,7.700355,354.7597,0,0,0,0,0,0,0.134005,0.700844,0.229704,40.79126,347.6167,14.28947,0,False,False
59.3703,-0.017844,1.616771,0.056332,4.519406,7.755844,354.7277,0,0,0,0,0,0,0.132873,0.701305,0.23041,40.64913,347.3753,14.16135,0,False,False
59.38144,-0.01761,1.616829,0.056458,4.471637,7.821669,354.6865,0,0,0,0,0,0,0.131707,0.701669,0.230955,40.52958,347.1332,14.05291,0,False,False
59.39264,-0.017305,1.616894,0.056583,4.440647,7.881069,354.6431,0,0,0,0,0,0,0.130695,0.70195,0.231433,40.41403,346.8603,13.99065,0,False,False
59.40376,-0.017045,1.616915,0.056646,4.401891,7.937055,354.592,0,0,0,0,0,0,0.129744,0.702267,0.231817,40.3262,346.6364,13.943,0,False,False
59.41475,-0.016777,1.616938,0.056742,4.363999,8.00925,354.5059,0,0,0,0,0,0,0.12906,0.702426,0.232053,40.24136,346.4369,13.84987,0,False,False
59.42601,-0.0165,1.617007,0.056807,4.32819,8.062136,354.4199,0,0,0,0,0,0,0.128479,0.702513,0.232158,40.20438,346.2683,13.80603,0,False,False
59.43698,-0.016237,1.61706,0.056924,4.296055,8.125477,354.3461,0,0,0,0,0,0,0.127845,0.702489,0.232065,40.16939,346.1019,13.74841,0,False,False
59.44804,-0.016027,1.6171,0.057053,4.249542,8.19368,354.2814,0,0,0,0,0,0,0.127682,0.702377,0.232027,40.20625,346.0385,13.71878,0,False,False
59.45928,-0.015767,1.61713,0.05719,4.205393,8.247954,354.2286,0,0,0,0,0,0,0.127666,0.702114,0.231725,40.2828,346.0059,13.71239,0,False,False
59.47026,-0.01555,1.617225,0.057343,4.163628,8.297986,354.1927,0,0,0,0,0,0,0.12797,0.701716,0.231526,40.41391,346.0217,13.70617,0,False,False
59.48151,-0.015349,1.617313,0.057469,4.118321,8.346119,354.1473,0,0,0,0,0,0,0.128265,0.701235,0.231244,40.62247,346.1453,13.67902,0,False,False
59.4925,-0.015162,1.617384,0.057637,4.0665,8.411951,354.1118,0,0,0,0,0,0,0.128872,0.700636,0.23096,40.83331,346.3188,13.64786,0,False,False
59.5036,-0.015035,1.617428,0.057795,4.01397,8.479022,354.087,0,0,0,0,0,0,0.129376,0.700366,0.230721,40.9816,346.4683,13.70057,0,False,False
59.51476,-0.014913,1.617534,0.058,3.956179,8.518647,354.0393,0,0,0,0,0,0,0.12992,0.699962,0.230465,41.10588,346.5632,13.78027,0,False,False
59.52589,-0.01479,1.617703,0.058277,3.846585,8.537673,354.0244,0,0,0,0,0,0,0.130422,0.699626,0.230227,41.20117,346.634,13.93019,0,False,False
59.537,-0.0147,1.617936,0.058502,3.73101,8.553081,354.0148,0,0,0,0,0,0,0.130943,0.69926,0.229846,41.2782,346.68,14.08695,0,False,False
59.54808,-0.014678,1.618159,0.05875,3.580503,8.539717,354.0263,0,0,0,0,0,0,0.131345,0.698763,0.229531,41.36834,346.722,14.19759,0,False,False
59.55937,-0.014716,1.618376,0.059005,3.427094,8.52242,354.0132,0,0,0,0,0,0,0.131872,0.698353,0.229211,41.48685,346.8044,14.26036,0,False,False
59.5702,-0.01472,1.618664,0.059286,3.276717,8.481089,354.0228,0,0,0,0,0,0,0.1324,0.697933,0.228888,41.61574,346.8998,14.3161,0,False,False
59.58149,-0.014848,1.61899,0.059583,3.101802,8.39852,354.0108,0,0,0,0,0,0,0.132925,0.697509,0.228514,41.73859,347.0078,14.35557,0,False,False
59.59258,-0.014985,1.6193,0.059886,2.91908,8.302806,354.013,0,0,0,0,0,0,0.133397,0.697129,0.22829,41.84747,347.0909,14.41425,0,False,False
59.60357,-0.015289,1.619653,0.060174,2.718337,8.149649,354.0202,0,0,0,0,0,0,0.1341,0.696878,0.227665,41.94381,347.1627,14.48855,0,False,False
59.61472,-0.015609,1.61995,0.060405,2.56095,7.963794,354.0578,0,0,0,0,0,0,0.134321,0.696644,0.227317,42.03887,347.2155,14.51107,0,False,False
59.62589,-0.016063,1.620117,0.060599,2.491628,7.705804,354.1212,0,0,0,0,0,0,0.134614,0.696457,0.227414,42.10757,347.264,14.47492,0,False,False
59.63685,-0.016559,1.620135,0.060726,2.470635,7.445608,354.1852,0,0,0,0,0,0,0.134754,0.696045,0.226986,42.14616,347.2882,14.43788,0,False,False
59.64804,-0.017166,1.620098,0.060849,2.515433,7.099207,354.2455,0,0,0,0,0,0,0.134729,0.695941,0.226737,42.18232,347.2982,14.39577,0,False,False
59.65925,-0.017815,1.620024,0.061079,2.569584,6.729958,354.2684,0,0,0,0,0,0,0.134813,0.695782,0.226196,42.20186,347.2835,14.38084,0,False,False
59.67025,-0.018477,1.619968,0.061317,2.606795,6.366263,354.2802,0,0,0,0,0,0,0.1349,0.695478,0.225832,42.24481,347.2594,14.36389,0,False,False
59.6814,-0.019206,1.619889,0.061596,2.654084,5.961136,354.2684,0,0,0,0,0,0,0.134772,0.695197,0.225455,42.30661,347.1965,14.3373,0,False,False
59.69247,-0.019905,1.61991,0.061874,2.666486,5.569158,354.2675,0,0,0,0,0,0,0.134665,0.694736,0.225124,42.41244,347.1252,14.30831,0,False,False
59.7036,-0.020661,1.619939,0.062145,2.618676,5.18051,354.2848,0,0,0,0,0,0,0.134265,0.694405,0.224898,42.56038,347.0221,14.27955,0,False,False
59.71461,-0.021326,1.620012,0.062461,2.548998,4.815617,354.2983,0,0,0,0,0,0,0.134169,0.694011,0.224621,42.68527,346.946,14.2619,0,False,False
59.72569,-0.021996,1.620058,0.062791,2.454257,4.48106,354.3405,0,0,0,0,0,0,0.133991,0.693512,0.224595,42.83869,346.864,14.2453,0,False,False
59.7369,-0.022704,1.620064,0.063074,2.402308,4.142828,354.3822,0,0,0,0,0,0,0.133582,0.693222,0.224469,42.96503,346.8016,14.2524,0,False,False
59.74794,-0.023399,1.620089,0.063332,2.380902,3.788599,354.4436,0,0,0,0,0,0,0.133285,0.692813,0.224403,43.07432,346.7201,14.25689,0,False,False
59.75908,-0.024082,1.620053,0.06362,2.384543,3.420161,354.5174,0,0,0,0,0,0,0.132698,0.692532,0.224277,43.15042,346.6182,14.25125,0,False,False
59.77057,-0.024779,1.61989,0.063873,2.435589,3.070003,354.5784,0,0,0,0,0,0,0.132248,0.692448,0.224635,43.19991,346.4657,14.2374,0,False,False
59.78138,-0.025414,1.619711,0.064186,2.566783,2.723979,354.6419,0,0,0,0,0,0,0.131714,0.692426,0.224764,43.19872,346.3122,14.26225,0,False,False
59.79239,-0.026101,1.619504,0.064454,2.657441,2.388772,354.6881,0,0,0,0,0,0,0.131128,0.692617,0.225294,43.17863,346.1487,14.30495,0,False,False
59.80355,-0.026835,1.619302,0.06464,2.767397,2.04332,354.7313,0,0,0,0,0,0,0.130504,0.692772,0.22587,43.0821,345.9633,14.34737,0,False,False
59.81471,-0.027528,1.619035,0.064866,2.881664,1.696097,354.7319,0,0,0,0,0,0,0.129784,0.69304,0.226449,42.95869,345.8087,14.41965,0,False,False
59.82581,-0.028303,1.618847,0.065067,2.987119,1.345473,354.7289,0,0,0,0,0,0,0.129167,0.693345,0.227073,42.88718,345.672,14.49271,0,False,False
59.83694,-0.028997,1.618698,0.065301,3.104018,1.000605,354.7236,0,0,0,0,0,0,0.128729,0.693689,0.227721,42.80077,345.5809,14.55968,0,False,False
59.84789,-0.029676,1.618482,0.065545,3.222733,0.665812,354.7316,0,0,0,0,0,0,0.128297,0.693997,0.228324,42.72099,345.4795,14.6414,0,False,False
59.85904,-0.030326,1.618197,0.065734,3.373582,0.339584,354.7522,0,0,0,0,0,0,0.128035,0.694264,0.229064,42.65564,345.4044,14.7265,0,False,False
59.87012,-0.030986,1.617871,0.065911,3.520494,0.042679,354.7775,0,0,0,0,0,0,0.127557,0.694573,0.229568,42.5788,345.3184,14.80254,0,False,False
59.88127,-0.031643,1.617622,0.066096,3.666107,359.7567,354.7994,0,0,0,0,0,0,0.127265,0.694931,0.230383,42.50356,345.2695,14.84833,0,False,False
59.89236,-0.032152,1.617485,0.066381,3.780418,359.4755,354.8102,0,0,0,0,0,0,0.127023,0.695329,0.231055,42.421,345.2258,14.79457,0,False,False
59.90366,-0.032706,1.617446,0.066526,3.854295,359.2369,354.8015,0,0,0,0,0,0,0.12664,0.695715,0.23174,42.31372,345.1951,14.72959,0,False,False
59.91463,-0.03311,1.617506,0.066656,3.87166,359.059,354.7883,0,0,0,0,0,0,0.126439,0.696147,0.232472,42.17224,345.1994,14.67273,0,False,False
59.92586,-0.033443,1.617532,0.066868,3.845139,358.897,354.7871,0,0,0,0,0,0,0.126201,0.696601,0.233117,42.01909,345.2043,14.63351,0,False,False
59.93672,-0.033674,1.617627,0.067069,3.771098,358.8078,354.8251,0,0,0,0,0,0,0.126178,0.697027,0.233774,41.8942,345.2291,14.61175,0,False,False
59.94801,-0.03385,1.617684,0.067247,3.695838,358.7319,354.8779,0,0,0,0,0,0,0.126155,0.697412,0.234342,41.76232,345.2986,14.60858,0,False,False
59.95889,-0.033994,1.617755,0.067427,3.63626,358.6631,354.9402,0,0,0,0,0,0,0.126043,0.697823,0.234881,41.64674,345.3517,14.58589,0,False,False
59.97005,-0.034112,1.617769,0.067567,3.608736,358.5823,354.9738,0,0,0,0,0,0,0.126099,0.698186,0.235328,41.53164,345.4858,14.58802,0,False,False
59.98119,-0.034179,1.617733,0.067618,3.63844,358.5258,354.9775,0,0,0,0,0,0,0.126232,0.698529,0.235636,41.42321,345.6,14.59057,0,False,False
59.99235,-0.034153,1.617715,0.067597,3.706395,358.4799,354.9654,0,0,0,0,0,0,0.126235,0.698889,0.235958,41.29635,345.7194,14.58673,0,False,False
60.00344,-0.034123,1.617708,0.067625,3.71939,358.4579,354.9433,0,0,0,0,0,0,0.126294,0.699158,0.236176,41.16227,345.8112,14.5523,0,False,False
60.01456,-0.033998,1.617644,0.067674,3.686937,358.4769,354.9226,0,0,0,0,0,0,0.126254,0.69939,0.236277,41.06478,345.8554,14.49168,0,False,False
60.02583,-0.033831,1.617682,0.06771,3.671783,358.5145,354.9094,0,0,0,0,0,0,0.126385,0.699542,0.236276,40.98309,345.8616,14.40927,0,False,False
60.03666,-0.03365,1.617654,0.067708,3.658621,358.5699,354.9,0,0,0,0,0,0,0.126553,0.699619,0.236085,40.92873,345.8575,14.3316,0,False,False
60.04781,-0.033476,1.617673,0.067704,3.641839,358.6168,354.8541,0,0,0,0,0,0,0.126708,0.699652,0.235758,40.90861,345.8724,14.2694,0,False,False
60.05999,-0.033316,1.617754,0.067757,3.6075,358.5849,354.8181,0,0,0,0,0,0,0.127029,0.699341,0.235362,40.88669,345.8862,14.21352,0,False,False
60.07001,-0.033278,1.617841,0.067777,3.568852,358.6002,354.7579,0,0,0,0,0,0,0.127148,0.699151,0.234644,40.94378,345.9348,14.16141,0,False,False
60.08109,-0.033249,1.617943,0.067844,3.495261,358.5683,354.7318,0,0,0,0,0,0,0.127468,0.698979,0.234132,41.00757,346.0128,14.07831,0,False,False
60.09255,-0.033245,1.617885,0.067866,3.477812,358.5555,354.6734,0,0,0,0,0,0,0.127943,0.698679,0.233414,41.12288,346.1806,14.03305,0,False,False
60.10357,-0.033233,1.617842,0.067778,3.50047,358.5495,354.6497,0,0,0,0,0,0,0.128571,0.698313,0.232693,41.23159,346.3424,14.02355,0,False,False
60.11482,-0.033196,1.617742,0.067657,3.557279,358.5293,354.6596,0,0,0,0,0,0,0.129292,0.697905,0.231928,41.33135,346.4703,14.09437,0,False,False
60.12574,-0.0332,1.617639,0.067499,3.640134,358.5345,354.6802,0,0,0,0,0,0,0.129854,0.697551,0.231184,41.42553,346.5793,14.19927,0,False,False
60.1367,-0.033127,1.617528,0.067423,3.674556,358.5543,354.7124,0,0,0,0,0,0,0.130497,0.697143,0.230386,41.51744,346.7092,14.24867,0,False,False
60.14784,-0.032995,1.61755,0.067454,3.66167,358.6174,354.7362,0,0,0,0,0,0,0.131028,0.696839,0.229528,41.611,346.8468,14.21475,0,False,False
60.15884,-0.032894,1.617627,0.067482,3.622787,358.6924,354.7575,0,0,0,0,0,0,0.131505,0.696278,0.228965,41.70539,347.0005,14.19992,0,False,False
60.16996,-0.032772,1.617638,0.067449,3.578725,358.7911,354.7675,0,0,0,0,0,0,0.132357,0.69577,0.228367,41.84895,347.149,14.14562,0,False,False
60.18126,-0.032636,1.617523,0.067473,3.585291,358.8848,354.7531,0,0,0,0,0,0,0.133063,0.695286,0.22749,41.97894,347.2525,14.09584,0,False,False
60.19217,-0.032505,1.617463,0.067378,3.658145,358.9454,354.7655,0,0,0,0,0,0,0.133701,0.694835,0.226745,42.12402,347.3352,14.11677,0,False,False
60.20348,-0.032396,1.617303,0.067304,3.763715,358.9882,354.7602,0,0,0,0,0,0,0.134451,0.694345,0.225708,42.28624,347.3869,14.16213,0,False,False
60.21447,-0.032318,1.617117,0.067233,3.840562,359.0408,354.7696,0,0,0,0,0,0,0.135002,0.693918,0.225056,42.43992,347.5057,14.23382,0,False,False
60.22556,-0.032319,1.617005,0.067237,3.890916,359.0643,354.7679,0,0,0,0,0,0,0.135548,0.693529,0.224283,42.57297,347.6525,14.297,0,False,False
60.2366,-0.032307,1.616974,0.067299,3.93309,359.0546,354.751,0,0,0,0,0,0,0.136113,0.693151,0.223845,42.66989,347.7927,14.348,0,False,False
60.24778,-0.032346,1.617059,0.067393,3.924824,359.0449,354.7243,0,0,0,0,0,0,0.136572,0.692953,0.223359,42.76752,347.9175,14.40385,0,False,False
60.25901,-0.032401,1.617044,0.067459,3.896798,359.0414,354.6854,0,0,0,0,0,0,0.136972,0.692858,0.223153,42.79466,348.0233,14.43039,0,False,False
60.27003,-0.03244,1.616979,0.067497,3.918861,359.0496,354.6604,0,0,0,0,0,0,0.137258,0.692868,0.223034,42.7935,348.0823,14.43758,0,False,False
60.28104,-0.032448,1.616912,0.067523,3.976735,359.065,354.677,0,0,0,0,0,0,0.137436,0.69291,0.222769,42.77824,348.1073,14.44604,0,False,False
60.29223,-0.03244,1.616861,0.067567,4.025802,359.0705,354.7065,0,0,0,0,0,0,0.137494,0.692924,0.222877,42.74372,348.1197,14.45249,0,False,False
60.3034,-0.032406,1.616829,0.067642,4.071493,359.0979,354.7498,0,0,0,0,0,0,0.137537,0.692975,0.222969,42.71986,348.1247,14.47085,0,False,False
60.31448,-0.03233,1.616838,0.067781,4.097927,359.1276,354.7755,0,0,0,0,0,0,0.137475,0.692995,0.223145,42.66577,348.1265,14.48153,0,False,False
60.32558,-0.032261,1.616849,0.067857,4.098581,359.1635,354.8006,0,0,0,0,0,0,0.137437,0.693044,0.223304,42.61523,348.093,14.473,0,False,False
60.33661,-0.032203,1.61683,0.067945,4.104477,359.205,354.8181,0,0,0,0,0,0,0.137241,0.693264,0.223475,42.53649,348.0365,14.46505,0,False,False
60.34771,-0.032098,1.616732,0.068013,4.130171,359.2338,354.8233,0,0,0,0,0,0,0.136867,0.69353,0.223803,42.44414,347.8972,14.47271,0,False,False
60.35872,-0.032012,1.616704,0.068064,4.186201,359.2744,354.8216,0,0,0,0,0,0,0.136376,0.693725,0.224026,42.36853,347.7682,14.52593,0,False,False
60.36992,-0.03191,1.616641,0.068145,4.216886,359.3296,354.826,0,0,0,0,0,0,0.135954,0.693855,0.22425,42.30426,347.6814,14.54243,0,False,False
60.38095,-0.031821,1.61659,0.068202,4.229108,359.3855,354.8104,0,0,0,0,0,0,0.135578,0.693884,0.224379,42.27133,347.6378,14.57512,0,False,False
60.39223,-0.03173,1.616561,0.068259,4.262817,359.4453,354.7939,0,0,0,0,0,0,0.135227,0.693809,0.224528,42.23175,347.5961,14.59114,0,False,False
60.40326,-0.03164,1.616495,0.068248,4.307082,359.4985,354.7981,0,0,0,0,0,0,0.134871,0.69386,0.22464,42.20111,347.5163,14.58979,0,False,False
60.41431,-0.031525,1.616385,0.068246,4.358636,359.5645,354.7968,0,0,0,0,0,0,0.134556,0.693998,0.224715,42.19147,347.4186,14.57802,0,False,False
60.42544,-0.03137,1.616364,0.06826,4.412364,359.6423,354.7879,0,0,0,0,0,0,0.13417,0.694057,0.225006,42.16293,347.3079,14.53924,0,False,False
60.4366,-0.031199,1.616283,0.068264,4.434305,359.7193,354.7668,0,0,0,0,0,0,0.133896,0.694116,0.225142,42.1526,347.2206,14.49245,0,False,False
60.44778,-0.031055,1.61624,0.068304,4.456415,359.8229,354.7307,0,0,0,0,0,0,0.133577,0.69423,0.22514,42.14953,347.1505,14.45586,0,False,False
60.45879,-0.030941,1.616206,0.068297,4.469831,359.8962,354.7181,0,0,0,0,0,0,0.13324,0.694293,0.225121,42.12896,347.0963,14.44229,0,False,False
60.47005,-0.030817,1.616125,0.068323,4.505823,-0.001082,354.7116,0,0,0,0,0,0,0.133176,0.694411,0.225272,42.12111,347.0337,14.45582,0,False,False
60.48112,-0.030661,1.616066,0.06833,4.533483,0.07194,354.7236,0,0,0,0,0,0,0.132832,0.694443,0.225256,42.10797,346.9654,14.46077,0,False,False
60.49205,-0.030546,1.616069,0.068345,4.564427,0.135804,354.7583,0,0,0,0,0,0,0.132607,0.69443,0.225088,42.09431,346.9018,14.42204,0,False,False
60.50331,-0.030413,1.616072,0.06829,4.562973,0.204346,354.8021,0,0,0,0,0,0,0.132494,0.694502,0.224903,42.06403,346.8572,14.37324,0,False,False
60.51434,-0.030288,1.616107,0.068311,4.562449,0.280498,354.8478,0,0,0,0,0,0,0.132416,0.694439,0.224746,42.05256,346.8556,14.41071,0,False,False
60.5254,-0.030138,1.61612,0.068294,4.576499,0.3496,354.89,0,0,0,0,0,0,0.132572,0.694274,0.224585,42.07617,346.9308,14.39121,0,False,False
60.53661,-0.029927,1.616203,0.068334,4.585941,0.416412,354.9574,0,0,0,0,0,0,0.132706,0.69429,0.224575,42.10422,346.9823,14.34854,0,False,False
60.54768,-0.029726,1.616262,0.068319,4.601997,0.492998,355.0325,0,0,0,0,0,0,0.132918,0.694129,0.224569,42.15449,347.0564,14.33077,0,False,False
60.5587,-0.02944,1.616245,0.068262,4.583398,0.562673,355.1172,0,0,0,0,0,0,0.133003,0.693978,0.224476,42.18835,347.0874,14.32099,0,False,False
60.56984,-0.029176,1.616285,0.06825,4.583108,0.64744,355.1816,0,0,0,0,0,0,0.133109,0.693908,0.224443,42.22391,347.1514,14.35045,0,False,False
60.58103,-0.028923,1.616272,0.068214,4.534233,0.760477,355.2323,0,0,0,0,0,0,0.133261,0.693858,0.224413,42.23214,347.1999,14.35692,0,False,False
60.59213,-0.028595,1.616342,0.068267,4.513317,0.887614,355.2489,0,0,0,0,0,0,0.133444,0.693842,0.224484,42.21527,347.2719,14.35252,0,False,False
60.60313,-0.028146,1.616398,0.068415,4.503538,1.012488,355.2705,0,0,0,0,0,0,0.133491,0.693741,0.224741,42.15646,347.3346,14.33429,0,False,False
60.61437,-0.02783,1.616337,0.068356,4.533405,1.145148,355.2827,0,0,0,0,0,0,0.133609,0.693765,0.22464,42.11241,347.3714,14.30619,0,False,False
60.62534,-0.02743,1.616236,0.068319,4.579763,1.258288,355.2921,0,0,0,0,0,0,0.133634,0.693787,0.224564,42.0562,347.3807,14.2487,0,False,False
60.6365,-0.027054,1.616095,0.068209,4.665573,1.362948,355.336,0,0,0,0,0,0,0.133654,0.693785,0.224469,42.02552,347.3628,14.15959,0,False,False
60.64766,-0.026606,1.615941,0.06807,4.746233,1.459267,355.3795,0,0,0,0,0,0,0.133563,0.693587,0.224351,42.01577,347.3674,14.08373,0,False,False
60.65863,-0.026154,1.615838,0.067956,4.778484,1.558511,355.4026,0,0,0,0,0,0,0.133667,0.693505,0.224227,42.05673,347.3589,14.00596,0,False,False
60.66983,-0.025712,1.615841,0.067896,4.76745,1.67216,355.379,0,0,0,0,0,0,0.133778,0.693313,0.22383,42.09932,347.3771,13.92815,0,False,False
60.68084,-0.025235,1.61593,0.067865,4.691459,1.77672,355.3112,0,0,0,0,0,0,0.133961,0.693227,0.223729,42.12395,347.4094,13.87667,0,False,False
60.69215,-0.024799,1.616167,0.0678,4.530366,1.92974,355.2056,0,0,0,0,0,0,0.134153,0.693236,0.223432,42.08336,347.521,13.89829,0,False,False
60.70313,-0.024314,1.616484,0.067715,4.376217,2.083562,355.0971,0,0,0,0,0,0,0.13438,0.693278,0.223387,41.99531,347.6525,13.93614,0,False,False
60.71425,-0.023849,1.61676,0.067662,4.216409,2.219852,355.0458,0,0,0,0,0,0,0.134618,0.693317,0.223202,41.91703,347.7458,13.95459,0,False,False
60.72532,-0.023314,1.617065,0.067479,4.015961,2.337792,355.0445,0,0,0,0,0,0,0.134789,0.693335,0.223057,41.86058,347.8109,13.90191,0,False,False
60.73642,-0.022837,1.617365,0.067243,3.839482,2.44195,355.0728,0,0,0,0,0,0,0.135104,0.693232,0.222756,41.87243,347.8202,13.77013,0,False,False
60.74751,-0.022371,1.617674,0.066928,3.632378,2.519368,355.1187,0,0,0,0,0,0,0.135267,0.692949,0.222566,41.92203,347.8083,13.64126,0,False,False
60.75872,-0.021965,1.618143,0.066685,3.342749,2.625644,355.1095,0,0,0,0,0,0,0.135446,0.692751,0.222257,41.98291,347.8232,13.55957,0,False,False
60.7699,-0.021551,1.618874,0.06648,2.945493,2.765962,355.0321,0,0,0,0,0,0,0.135645,0.692473,0.221964,42.06998,347.871,13.48228,0,False,False
60.78084,-0.021119,1.619664,0.066276,2.417322,2.906284,354.9341,0,0,0,0,0,0,0.135909,0.692228,0.221684,42.14021,347.9576,13.44379,0,False,False
60.79189,-0.0207,1.620598,0.066113,1.906327,3.04834,354.8246,0,0,0,0,0,0,0.13636,0.692089,0.221698,42.18211,348.0396,13.41298,0,False,False
60.80303,-0.020325,1.62147,0.065768,1.408261,3.185417,354.7967,0,0,0,0,0,0,0.1368,0.691908,0.221551,42.16842,348.1697,13.40402,0,False,False
60.81421,-0.019961,1.622303,0.065443,0.931652,3.300647,354.8282,0,0,0,0,0,0,0.137081,0.691746,0.221391,42.16584,348.2648,13.35776,0,False,False
60.82532,-0.019542,1.623295,0.065086,0.334289,3.413688,354.9468,0,0,0,0,0,0,0.137383,0.691559,0.221152,42.14295,348.3618,13.28409,0,False,False
60.83639,-0.019123,1.624491,0.064758,359.6162,3.519295,355.0731,0,0,0,0,0,0,0.137644,0.691333,0.221045,42.13496,348.4284,13.25327,0,False,False
60.84756,-0.018709,1.625803,0.064341,358.8216,3.640733,355.1881,0,0,0,0,0,0,0.137886,0.691142,0.220857,42.15108,348.4946,13.21723,0,False,False
60.85854,-0.018326,1.627009,0.063955,358.1066,3.748078,355.2578,0,0,0,0,0,0,0.138075,0.690973,0.220773,42.20745,348.539,13.16121,0,False,False
60.86979,-0.018037,1.628173,0.063514,357.3746,3.856187,355.3356,0,0,0,0,0,0,0.138246,0.690821,0.220586,42.27562,348.5751,13.09583,0,False,False
60.8809,-0.017749,1.629457,0.063166,356.5852,3.935246,355.419,0,0,0,0,0,0,0.138394,0.690615,0.220464,42.36669,348.5848,13.01819,0,False,False
60.89186,-0.017473,1.630846,0.062835,355.7052,4.014065,355.4946,0,0,0,0,0,0,0.138526,0.69051,0.220351,42.41397,348.5895,12.92607,0,False,False
60.90318,-0.017215,1.632262,0.062525,354.7903,4.121491,355.5448,0,0,0,0,0,0,0.138501,0.690466,0.220224,42.39739,348.535,12.81223,0,False,False
60.91411,-0.016991,1.633492,0.062197,354.0035,4.21863,355.5942,0,0,0,0,0,0,0.138524,0.690489,0.2202,42.3423,348.4763,12.75978,0,False,False
60.92547,-0.016884,1.634518,0.061807,353.3444,4.304303,355.6538,0,0,0,0,0,0,0.138521,0.690585,0.220168,42.25597,348.4097,12.69634,0,False,False
60.93652,-0.01677,1.635289,0.061486,352.7823,4.368988,355.747,0,0,0,0,0,0,0.138571,0.690648,0.220101,42.19999,348.3643,12.66127,0,False,False
60.94743,-0.01671,1.635824,0.061123,352.4219,4.386678,355.8499,0,0,0,0,0,0,0.138479,0.690542,0.21982,42.19677,348.3579,12.63809,0,False,False
60.9585,-0.016735,1.636093,0.060681,352.221,4.40184,355.9608,0,0,0,0,0,0,0.138585,0.69049,0.219624,42.22318,348.3468,12.61824,0,False,False
60.96978,-0.016658,1.636286,0.060337,352.088,4.397999,356.0492,0,0,0,0,0,0,0.1387,0.690431,0.219496,42.24604,348.3405,12.58416,0,False,False
60.98078,-0.016679,1.636315,0.060229,352.0008,4.375076,356.1213,0,0,0,0,0,0,0.13905,0.690325,0.219248,42.28161,348.3655,12.54839,0,False,False
60.99185,-0.016676,1.636336,0.060133,351.9311,4.327172,356.1602,0,0,0,0,0,0,0.139407,0.690101,0.218965,42.33957,348.4254,12.61786,0,False,False
61.00316,-0.016804,1.636147,0.060237,352.0901,4.258904,356.1643,0,0,0,0,0,0,0.139829,0.689813,0.218713,42.43519,348.4905,12.5963,0,False,False
61.01409,-0.016933,1.635872,0.060419,352.3118,4.138648,356.1505,0,0,0,0,0,0,0.14013,0.689541,0.218354,42.51427,348.5471,12.58898,0,False,False
61.02527,-0.017207,1.63534,0.060692,352.7401,3.944202,356.1577,0,0,0,0,0,0,0.140446,0.689243,0.218162,42.60526,348.6096,12.59734,0,False,False
61.03624,-0.017392,1.634775,0.061087,353.2133,3.713937,356.1864,0,0,0,0,0,0,0.140775,0.688977,0.218002,42.69592,348.6531,12.61021,0,False,False
61.04747,-0.017577,1.634282,0.061509,353.622,3.489852,356.2254,0,0,0,0,0,0,0.141105,0.688813,0.217892,42.7756,348.6841,12.59986,0,False,False
61.05848,-0.01773,1.633617,0.062119,354.0287,3.268219,356.2861,0,0,0,0,0,0,0.141306,0.688664,0.217748,42.85091,348.6867,12.62327,0,False,False
61.06955,-0.01787,1.632925,0.062713,354.4405,3.053533,356.327,0,0,0,0,0,0,0.141476,0.688445,0.21763,42.92347,348.6719,12.67621,0,False,False
61.08082,-0.018027,1.631989,0.063491,354.9654,2.852228,356.3494,0,0,0,0,0,0,0.141564,0.688221,0.217507,42.9855,348.6822,12.72007,0,False,False
61.09192,-0.01822,1.631114,0.064248,355.535,2.659575,356.3684,0,0,0,0,0,0,0.141659,0.688056,0.217583,43.04077,348.7177,12.77293,0,False,False
61.103,-0.018384,1.630271,0.065107,356.1712,2.488245,356.3462,0,0,0,0,0,0,0.141792,0.68791,0.217738,43.08445,348.7455,12.83271,0,False,False
61.11414,-0.018527,1.629403,0.066048,356.7636,2.344411,356.3603,0,0,0,0,0,0,0.141756,0.687828,0.218002,43.08662,348.747,12.91857,0,False,False
61.1253,-0.018658,1.628521,0.066998,357.33,2.213619,356.384,0,0,0,0,0,0,0.141639,0.687823,0.218227,43.04699,348.7191,12.98335,0,False,False
61.13636,-0.018789,1.62759,0.067998,357.9563,2.111064,356.4583,0,0,0,0,0,0,0.141379,0.688033,0.218604,42.97228,348.6518,12.99847,0,False,False
61.14738,-0.018953,1.626641,0.068997,358.62,2.025489,356.5545,0,0,0,0,0,0,0.141077,0.688182,0.218949,42.87712,348.5973,13.01462,0,False,False
61.15846,-0.019066,1.625542,0.069998,359.328,1.963571,356.6819,0,0,0,0,0,0,0.140667,0.688496,0.219205,42.71599,348.5352,12.99786,0,False,False
61.16959,-0.019289,1.624367,0.070896,0.073145,1.889787,356.7869,0,0,0,0,0,0,0.140268,0.688826,0.219529,42.54935,348.4478,12.9505,0,False,False
61.18082,-0.019455,1.623097,0.071872,0.893159,1.820382,356.8982,0,0,0,0,0,0,0.139863,0.689049,0.219836,42.43971,348.3759,12.90458,0,False,False
61.19194,-0.019659,1.621811,0.072906,1.758202,1.752708,357.0123,0,0,0,0,0,0,0.139522,0.689189,0.219999,42.37205,348.327,12.8644,0,False,False
61.20366,-0.019946,1.620296,0.073791,2.738059,1.693499,357.1136,0,0,0,0,0,0,0.139405,0.689254,0.219951,42.33369,348.3304,12.89137,0,False,False
61.21411,-0.020186,1.618657,0.074658,3.747787,1.618615,357.2329,0,0,0,0,0,0,0.139247,0.6893,0.219981,42.30497,348.3266,12.91831,0,False,False
61.22523,-0.020404,1.617095,0.075499,4.713849,1.555674,357.3668,0,0,0,0,0,0,0.139049,0.68933,0.219975,42.29015,348.3575,12.95829,0,False,False
61.2362,-0.02059,1.615633,0.076259,5.629085,1.505709,357.5152,0,0,0,0,0,0,0.138893,0.689415,0.220034,42.28138,348.3649,12.97028,0,False,False
61.24746,-0.020796,1.614229,0.077062,6.459647,1.475852,357.6621,0,0,0,0,0,0,0.138795,0.689429,0.219957,42.26173,348.354,12.94973,0,False,False
61.25846,-0.020957,1.612964,0.077814,7.226771,1.465177,357.8017,0,0,0,0,0,0,0.138838,0.689588,0.21987,42.2443,348.3602,12.89461,0,False,False
61.26956,-0.021186,1.611669,0.078567,8.000536,1.457107,357.9497,0,0,0,0,0,0,0.138903,0.689587,0.21969,42.23831,348.3454,12.82123,0,False,False
61.2807,-0.021433,1.610328,0.079273,8.75977,1.440624,358.1029,0,0,0,0,0,0,0.138993,0.689518,0.219537,42.26339,348.386,12.7643,0,False,False
61.29175,-0.02165,1.608985,0.079958,9.507855,1.417112,358.2507,0,0,0,0,0,0,0.139206,0.689453,0.219315,42.31026,348.433,12.70912,0,False,False
61.30286,-0.021968,1.607715,0.080528,10.25115,1.395122,358.4009,0,0,0,0,0,0,0.139506,0.689372,0.219024,42.37423,348.4977,12.67015,0,False,False
61.31404,-0.022315,1.606606,0.081116,10.87739,1.36833,358.5503,0,0,0,0,0,0,0.13978,0.689318,0.218715,42.40726,348.5735,12.65507,0,False,False
61.32517,-0.022599,1.605616,0.081663,11.45693,1.334076,358.6887,0,0,0,0,0,0,0.140169,0.689309,0.218433,42.42586,348.6696,12.6364,0,False,False
61.33617,-0.022952,1.604758,0.082221,11.95357,1.297583,358.7962,0,0,0,0,0,0,0.140586,0.689438,0.218195,42.40693,348.7903,12.58678,0,False,False
61.34733,-0.023326,1.604071,0.082885,12.42274,1.254484,358.8988,0,0,0,0,0,0,0.141059,0.689584,0.217964,42.36995,348.9305,12.52581,0,False,False
61.35851,-0.023715,1.603364,0.083427,12.79968,1.20276,358.9884,0,0,0,0,0,0,0.141594,0.689824,0.217756,42.32388,349.0701,12.52203,0,False,False
61.36946,-0.024069,1.602738,0.084137,13.16528,1.154008,359.0871,0,0,0,0,0,0,0.142131,0.689919,0.217545,42.28876,349.1918,12.51844,0,False,False
61.38067,-0.024435,1.60208,0.084711,13.53529,1.098185,359.207,0,0,0,0,0,0,0.142646,0.690133,0.217272,42.23147,349.3153,12.5496,0,False,False
61.3917,-0.024866,1.601538,0.085276,13.88943,1.018569,359.332,0,0,0,0,0,0,0.143133,0.690331,0.21707,42.19488,349.4343,12.57319,0,False,False
61.4028,-0.025202,1.600965,0.085845,14.24437,0.958415,359.4796,0,0,0,0,0,0,0.143644,0.690461,0.216737,42.16457,349.5399,12.55819,0,False,False
61.414,-0.025538,1.60043,0.086312,14.58365,0.868697,359.6157,0,0,0,0,0,0,0.144479,0.690571,0.216688,42.12646,349.6899,12.55007,0,False,False
61.42505,-0.025867,1.599938,0.086847,14.91776,0.788156,359.7483,0,0,0,0,0,0,0.145098,0.690741,0.216304,42.07403,349.8528,12.52543,0,False,False
61.43609,-0.026197,1.599448,0.087268,15.21342,0.695986,359.8518,0,0,0,0,0,0,0.145772,0.690834,0.215942,42.02085,350.0347,12.43958,0,False,False
61.44725,-0.026517,1.598994,0.087654,15.46505,0.601748,359.9325,0,0,0,0,0,0,0.146526,0.690906,0.215594,41.95804,350.2423,12.35236,0,False,False
61.45841,-0.026898,1.598645,0.088028,15.69369,0.508859,0.014325,0,0,0,0,0,0,0.147294,0.690953,0.215265,41.91665,350.4646,12.28647,0,False,False
61.46965,-0.027175,1.598437,0.088387,15.81771,0.424593,0.059571,0,0,0,0,0,0,0.148173,0.690933,0.214946,41.88728,350.7199,12.28094,0,False,False
61.48059,-0.02731,1.598462,0.08899,15.89928,0.348249,0.098695,0,0,0,0,0,0,0.14888,0.690859,0.214437,41.8829,350.9779,12.27528,0,False,False
61.49166,-0.027524,1.598585,0.089235,15.84855,0.278672,0.123163,0,0,0,0,0,0,0.149719,0.690738,0.213719,41.89104,351.2045,12.25673,0,False,False
61.5028,-0.027707,1.598813,0.089615,15.72432,0.220825,0.118454,0,0,0,0,0,0,0.150407,0.690451,0.212907,41.92966,351.4078,12.31508,0,False,False
61.51387,-0.027905,1.59933,0.089735,15.45985,0.187549,0.105952,0,0,0,0,0,0,0.151136,0.690198,0.21219,41.96579,351.6135,12.3932,0,False,False
61.52511,-0.028072,1.599846,0.089847,15.18961,0.162027,0.109582,0,0,0,0,0,0,0.151971,0.689897,0.211383,42.04921,351.8377,12.44848,0,False,False
61.53611,-0.028174,1.600484,0.089886,14.87601,0.139989,0.089705,0,0,0,0,0,0,0.152761,0.689511,0.21045,42.13175,352.0942,12.4482,0,False,False
61.54722,-0.028283,1.601143,0.089759,14.50921,0.120448,0.095476,0,0,0,0,0,0,0.15378,0.689227,0.20976,42.23096,352.3844,12.43774,0,False,False
61.55827,-0.028398,1.601817,0.089596,14.173,0.114949,0.095572,0,0,0,0,0,0,0.15464,0.688856,0.208939,42.31082,352.6676,12.47834,0,False,False
61.5695,-0.028512,1.602577,0.089337,13.75636,0.095106,0.111819,0,0,0,0,0,0,0.155592,0.688618,0.208264,42.39907,352.968,12.56821,0,False,False
61.58056,-0.028628,1.603515,0.089113,13.28078,0.077166,0.119031,0,0,0,0,0,0,0.156441,0.688096,0.207542,42.48777,353.2361,12.65775,0,False,False
61.5916,-0.028708,1.604504,0.088844,12.75511,0.059806,0.116086,0,0,0,0,0,0,0.156987,0.68774,0.206711,42.57754,353.3736,12.69999,0,False,False
61.60278,-0.028805,1.605501,0.088421,12.23169,0.045269,0.113883,0,0,0,0,0,0,0.157693,0.687424,0.206002,42.68168,353.5206,12.74883,0,False,False
61.61406,-0.028875,1.606475,0.087955,11.75322,-0.000462,0.091952,0,0,0,0,0,0,0.158138,0.686964,0.205168,42.78668,353.5894,12.78363,0,False,False
61.62491,-0.028993,1.607314,0.087336,11.29185,359.9701,0.083445,0,0,0,0,0,0,0.158582,0.686618,0.204582,42.90052,353.6177,12.81195,0,False,False
61.63624,-0.029105,1.608031,0.086695,10.88029,359.9292,0.067544,0,0,0,0,0,0,0.158859,0.686351,0.203888,43.0274,353.6544,12.84007,0,False,False
61.64733,-0.029198,1.608569,0.085988,10.53224,359.8849,0.052585,0,0,0,0,0,0,0.158929,0.685973,0.203224,43.17218,353.6129,12.85526,0,False,False
61.65835,-0.029263,1.609104,0.085279,10.23195,359.8404,0.034189,0,0,0,0,0,0,0.159237,0.685665,0.202552,43.30431,353.6157,12.87216,0,False,False
61.6694,-0.029285,1.609499,0.084536,10.01042,359.8,0.004681,0,0,0,0,0,0,0.159399,0.68541,0.202187,43.46355,353.6245,12.82031,0,False,False
61.68061,-0.02935,1.609787,0.083851,9.824183,359.7617,359.9798,0,0,0,0,0,0,0.159522,0.685223,0.201807,43.57341,353.6387,12.79742,0,False,False
61.6916,-0.029423,1.610065,0.083217,9.667545,359.7165,359.9615,0,0,0,0,0,0,0.15951,0.68495,0.201475,43.655,353.6233,12.86517,0,False,False
61.70272,-0.029477,1.610186,0.082618,9.575247,359.6896,359.9219,0,0,0,0,0,0,0.159383,0.684933,0.2014,43.68126,353.5147,12.97797,0,False,False
61.71392,-0.029485,1.610292,0.082042,9.493273,359.6567,359.8804,0,0,0,0,0,0,0.159269,0.684848,0.201634,43.70983,353.4284,13.10036,0,False,False
61.72493,-0.029509,1.610243,0.081533,9.509788,359.6462,359.8447,0,0,0,0,0,0,0.1591,0.684836,0.201793,43.73626,353.3334,13.20363,0,False,False
61.73608,-0.029517,1.610103,0.081045,9.552183,359.6249,359.7881,0,0,0,0,0,0,0.158672,0.685041,0.202359,43.69725,353.1965,13.32653,0,False,False
61.74711,-0.029477,1.609836,0.080641,9.693411,359.6239,359.7266,0,0,0,0,0,0,0.158342,0.685104,0.202632,43.67118,353.0673,13.39553,0,False,False
61.75819,-0.029439,1.609446,0.080275,9.882107,359.6247,359.6685,0,0,0,0,0,0,0.157835,0.685382,0.20332,43.56284,352.8745,13.47552,0,False,False
61.76945,-0.029415,1.609024,0.079969,10.11155,359.6385,359.6166,0,0,0,0,0,0,0.157211,0.685815,0.204007,43.41299,352.6648,13.58197,0,False,False
61.78049,-0.029322,1.608367,0.07975,10.43896,359.6677,359.5558,0,0,0,0,0,0,0.156575,0.686235,0.204879,43.23975,352.4715,13.65534,0,False,False
61.79164,-0.029245,1.607699,0.079509,10.77783,359.7095,359.5171,0,0,0,0,0,0,0.155919,0.686831,0.205667,43.04222,352.3162,13.68096,0,False,False
61.80279,-0.029127,1.606884,0.079367,11.20089,359.7458,359.4488,0,0,0,0,0,0,0.155345,0.687254,0.206537,42.876,352.1746,13.72172,0,False,False
61.81393,-0.028988,1.605946,0.079306,11.68305,359.8137,359.3929,0,0,0,0,0,0,0.154709,0.687822,0.207397,42.68822,352.1071,13.70269,0,False,False
61.82506,-0.028821,1.605033,0.0792,12.19889,359.8872,359.3304,0,0,0,0,0,0,0.154203,0.688285,0.208357,42.51711,352.0631,13.64324,0,False,False
61.83625,-0.028607,1.603994,0.079154,12.75474,359.9738,359.2663,0,0,0,0,0,0,0.153703,0.688908,0.20931,42.35411,352.0351,13.54398,0,False,False
61.84717,-0.028404,1.602948,0.079128,13.30459,0.067019,359.2115,0,0,0,0,0,0,0.153181,0.689521,0.210481,42.16901,352.0135,13.41231,0,False,False
61.85816,-0.028178,1.60189,0.079129,13.82726,0.187248,359.1601,0,0,0,0,0,0,0.152712,0.690189,0.211657,41.97654,351.9768,13.30524,0,False,False
61.86943,-0.02795,1.600951,0.079125,14.30312,0.320759,359.1044,0,0,0,0,0,0,0.15217,0.690895,0.212723,41.73482,351.941,13.24565,0,False,False
61.88044,-0.027677,1.600164,0.07916,14.69018,0.455613,359.0569,0,0,0,0,0,0,0.151465,0.691553,0.213681,41.47384,351.8759,13.17795,0,False,False
61.89162,-0.027376,1.59976,0.079242,14.91439,0.622393,358.9943,0,0,0,0,0,0,0.15081,0.692203,0.214546,41.2297,351.833,13.11327,0,False,False
61.90277,-0.027094,1.59954,0.079281,14.99183,0.803389,358.9352,0,0,0,0,0,0,0.150197,0.693009,0.215441,40.97396,351.8032,12.99386,0,False,False
61.91376,-0.026744,1.599447,0.079198,14.98341,0.967451,358.8821,0,0,0,0,0,0,0.149632,0.693703,0.216061,40.71554,351.7744,12.82408,0,False,False
61.92486,-0.026453,1.599636,0.079146,14.8446,1.136963,358.8375,0,0,0,0,0,0,0.149142,0.694345,0.216706,40.45146,351.7625,12.58127,0,False,False
61.936,-0.026185,1.599878,0.079004,14.65116,1.299808,358.8182,0,0,0,0,0,0,0.148696,0.695049,0.21744,40.19301,351.735,12.34685,0,False,False
61.94702,-0.025938,1.600422,0.078745,14.33566,1.459679,358.7952,0,0,0,0,0,0,0.148232,0.695751,0.217854,39.95087,351.7132,12.16273,0,False,False
61.95816,-0.025677,1.601054,0.078487,13.99483,1.607863,358.7838,0,0,0,0,0,0,0.147824,0.696342,0.218301,39.70285,351.7004,12.00253,0,False,False
61.96939,-0.025425,1.601621,0.078187,13.67723,1.749534,358.7769,0,0,0,0,0,0,0.14757,0.696869,0.218505,39.47186,351.7154,11.91564,0,False,False
61.98035,-0.025193,1.60221,0.07782,13.35863,1.875421,358.7454,0,0,0,0,0,0,0.147517,0.697217,0.218545,39.28909,351.7677,11.83122,0,False,False
61.99158,-0.024988,1.602801,0.07742,13.04022,1.992346,358.7165,0,0,0,0,0,0,0.147346,0.697508,0.218548,39.12633,351.8052,11.77007,0,False,False
62.00267,-0.02481,1.603306,0.077006,12.74915,2.098407,358.6664,0,0,0,0,0,0,0.147397,0.697579,0.218164,39.06754,351.8619,11.73925,0,False,False
62.01382,-0.024675,1.603808,0.076674,12.4999,2.191829,358.6275,0,0,0,0,0,0,0.147501,0.697692,0.217798,39.06716,351.9065,11.67957,0,False,False
62.02473,-0.024475,1.604148,0.076306,12.29479,2.270543,358.5845,0,0,0,0,0,0,0.147713,0.697432,0.217108,39.11302,351.9341,11.62195,0,False,False
62.03598,-0.024278,1.604504,0.075985,12.10361,2.342155,358.5265,0,0,0,0,0,0,0.148046,0.69709,0.216334,39.21748,351.9618,11.57692,0,False,False
62.04705,-0.02409,1.604702,0.075705,11.97569,2.396108,358.4471,0,0,0,0,0,0,0.14845,0.696761,0.215728,39.3345,351.9756,11.54038,0,False,False
62.05811,-0.023933,1.604874,0.075472,11.86349,2.454686,358.3643,0,0,0,0,0,0,0.148958,0.696047,0.214736,39.55876,352.0411,11.60774,0,False,False
62.06929,-0.023777,1.604943,0.075357,11.79569,2.493046,358.2613,0,0,0,0,0,0,0.149474,0.695445,0.213637,39.79578,352.1328,11.68686,0,False,False
62.08039,-0.023583,1.604995,0.07521,11.76496,2.517518,358.1518,0,0,0,0,0,0,0.150052,0.694787,0.212587,40.01522,352.2419,11.73388,0,False,False
62.09143,-0.023367,1.604862,0.075187,11.76417,2.534018,358.0284,0,0,0,0,0,0,0.150807,0.694197,0.211682,40.19783,352.3616,11.77407,0,False,False
62.10262,-0.023164,1.604728,0.075238,11.80526,2.557157,357.9255,0,0,0,0,0,0,0.151645,0.693672,0.210806,40.3617,352.5286,11.77871,0,False,False
62.11379,-0.022964,1.604524,0.075355,11.86531,2.575538,357.8076,0,0,0,0,0,0,0.152624,0.693234,0.210102,40.45475,352.7363,11.83604,0,False,False
62.12468,-0.022792,1.60425,0.075531,11.99452,2.604867,357.6917,0,0,0,0,0,0,0.153524,0.692843,0.209421,40.52326,352.9316,12.00318,0,False,False
62.13597,-0.022626,1.603914,0.075741,12.15094,2.642529,357.5864,0,0,0,0,0,0,0.154481,0.692539,0.208845,40.58048,353.1557,12.09217,0,False,False
62.14702,-0.02243,1.603454,0.076029,12.36347,2.671987,357.4874,0,0,0,0,0,0,0.155582,0.692357,0.208372,40.62788,353.4078,12.21803,0,False,False
62.15801,-0.022216,1.602959,0.076384,12.60514,2.694585,357.3955,0,0,0,0,0,0,0.156593,0.692193,0.207938,40.68125,353.6568,12.34936,0,False,False
62.16924,-0.022039,1.602431,0.076745,12.91056,2.729473,357.3214,0,0,0,0,0,0,0.157708,0.691991,0.207586,40.73747,353.8943,12.50056,0,False,False
62.18042,-0.021846,1.601876,0.077165,13.19449,2.766976,357.2627,0,0,0,0,0,0,0.158721,0.691889,0.207317,40.7787,354.1031,12.67638,0,False,False
62.19144,-0.021713,1.601332,0.077568,13.46672,2.80344,357.2142,0,0,0,0,0,0,0.1596,0.69188,0.20689,40.81198,354.2813,12.87509,0,False,False
62.20252,-0.021584,1.600869,0.077955,13.68468,2.847305,357.1848,0,0,0,0,0,0,0.160471,0.691662,0.206442,40.84945,354.4409,13.03892,0,False,False
62.21373,-0.021444,1.60056,0.07839,13.84695,2.895227,357.1719,0,0,0,0,0,0,0.161172,0.691588,0.206013,40.88445,354.5457,13.20891,0,False,False
62.22469,-0.021342,1.600374,0.078802,13.9605,2.962393,357.1849,0,0,0,0,0,0,0.16184,0.69135,0.205608,40.91037,354.6403,13.3636,0,False,False
62.23597,-0.021213,1.600198,0.079201,14.05066,3.011149,357.2086,0,0,0,0,0,0,0.162541,0.691232,0.205185,40.93932,354.749,13.52767,0,False,False
62.24695,-0.021128,1.600197,0.079524,14.06457,3.069634,357.2573,0,0,0,0,0,0,0.163142,0.691104,0.204687,40.95032,354.8355,13.66493,0,False,False
62.25806,-0.021042,1.600363,0.079853,14.03534,3.112449,357.2996,0,0,0,0,0,0,0.163732,0.691204,0.204195,40.965,354.9665,13.75745,0,False,False
62.26918,-0.020986,1.600671,0.080153,13.89116,3.145755,357.3621,0,0,0,0,0,0,0.164394,0.69112,0.203645,40.97565,355.1057,13.76383,0,False,False
62.28028,-0.020932,1.601073,0.080459,13.71412,3.165713,357.3943,0,0,0,0,0,0,0.165039,0.690984,0.203082,40.97269,355.2364,13.70709,0,False,False
62.29134,-0.020884,1.601524,0.080724,13.49683,3.160729,357.4135,0,0,0,0,0,0,0.165624,0.690828,0.20244,40.96925,355.3705,13.67669,0,False,False
62.30255,-0.020831,1.602032,0.080938,13.2426,3.161787,357.4304,0,0,0,0,0,0,0.16635,0.690665,0.201902,40.95215,355.5215,13.61634,0,False,False
62.31365,-0.020746,1.602502,0.081132,13.02636,3.159254,357.4553,0,0,0,0,0,0,0.167005,0.690524,0.201217,40.96566,355.6693,13.61953,0,False,False
62.32465,-0.020736,1.602922,0.081286,12.81335,3.144492,357.4712,0,0,0,0,0,0,0.167635,0.690218,0.200436,41.02633,355.8232,13.63594,0,False,False
62.33589,-0.020695,1.603322,0.08148,12.63214,3.120774,357.4855,0,0,0,0,0,0,0.168124,0.689912,0.199446,41.12994,355.9741,13.69001,0,False,False
62.34698,-0.020689,1.60364,0.081624,12.49383,3.086534,357.5147,0,0,0,0,0,0,0.168734,0.689479,0.198599,41.24742,356.1051,13.74494,0,False,False
62.35805,-0.020686,1.603898,0.081754,12.37706,3.039486,357.5288,0,0,0,0,0,0,0.169301,0.688978,0.19773,41.42422,356.2284,13.81216,0,False,False
62.36913,-0.020665,1.604083,0.081889,12.29069,3.002292,357.5555,0,0,0,0,0,0,0.169913,0.688449,0.196957,41.59636,356.3524,13.92774,0,False,False
62.3802,-0.020662,1.604242,0.082106,12.2255,2.958044,357.5643,0,0,0,0,0,0,0.170353,0.687897,0.196075,41.78,356.4326,14.02861,0,False,False
62.39127,-0.020631,1.604287,0.08231,12.20991,2.896494,357.5607,0,0,0,0,0,0,0.170667,0.687257,0.195253,41.94086,356.5181,14.09132,0,False,False
62.40255,-0.020652,1.604145,0.082523,12.21976,2.83656,357.5381,0,0,0,0,0,0,0.170948,0.686691,0.194464,42.12056,356.5687,14.10782,0,False,False
62.4135,-0.020646,1.604054,0.082751,12.25679,2.775507,357.5151,0,0,0,0,0,0,0.171351,0.686138,0.193705,42.2826,356.6621,14.08033,0,False,False
62.42465,-0.020618,1.603844,0.083119,12.35647,2.714454,357.479,0,0,0,0,0,0,0.171719,0.685635,0.193144,42.41889,356.7483,14.02227,0,False,False
62.43614,-0.020616,1.603556,0.083453,12.48005,2.653046,357.455,0,0,0,0,0,0,0.172088,0.685285,0.192691,42.51905,356.8349,14.01211,0,False,False
62.44809,-0.020639,1.603167,0.083913,12.68302,2.587336,357.4334,0,0,0,0,0,0,0.172362,0.684985,0.192337,42.59678,356.9062,14.00323,0,False,False
62.45807,-0.020634,1.602755,0.084381,12.93416,2.523388,357.4234,0,0,0,0,0,0,0.172553,0.684911,0.192434,42.60626,356.9371,14.0774,0,False,False
62.4692,-0.020674,1.602212,0.084767,13.19995,2.475106,357.4167,0,0,0,0,0,0,0.17275,0.684646,0.192286,42.65161,356.978,14.1493,0,False,False
62.48018,-0.020658,1.601637,0.085227,13.51225,2.408472,357.4145,0,0,0,0,0,0,0.172937,0.684492,0.192296,42.67683,357.0064,14.21279,0,False,False
62.49123,-0.02065,1.601083,0.085647,13.81002,2.365009,357.4138,0,0,0,0,0,0,0.173029,0.684504,0.19243,42.67673,357.0166,14.29406,0,False,False
62.50247,-0.020649,1.600499,0.086113,14.10815,2.316371,357.4108,0,0,0,0,0,0,0.173009,0.684414,0.192574,42.66976,356.9966,14.38801,0,False,False
62.51368,-0.020665,1.599977,0.086528,14.39622,2.276587,357.4002,0,0,0,0,0,0,0.172955,0.684501,0.192865,42.65586,356.9232,14.51495,0,False,False
62.52456,-0.020739,1.599487,0.086928,14.64885,2.246774,357.404,0,0,0,0,0,0,0.172777,0.684462,0.193089,42.63507,356.8271,14.56701,0,False,False
62.53595,-0.020748,1.599085,0.087253,14.86627,2.210533,357.4113,0,0,0,0,0,0,0.172477,0.684566,0.193558,42.58714,356.698,14.57953,0,False,False
62.54675,-0.02076,1.598753,0.087605,15.01857,2.192147,357.4314,0,0,0,0,0,0,0.172166,0.684644,0.193908,42.53851,356.5746,14.61186,0,False,False
62.55796,-0.020777,1.598483,0.087891,15.15791,2.167729,357.4657,0,0,0,0,0,0,0.171788,0.684831,0.194455,42.46645,356.4417,14.56455,0,False,False
62.56919,-0.020825,1.598395,0.088173,15.25725,2.151586,357.5173,0,0,0,0,0,0,0.171451,0.685117,0.19513,42.37181,356.3195,14.49811,0,False,False
62.58015,-0.020881,1.598319,0.088383,15.29585,2.124913,357.5645,0,0,0,0,0,0,0.171112,0.685348,0.195741,42.29707,356.2213,14.44545,0,False,False
62.59128,-0.020893,1.598287,0.088525,15.31535,2.104268,357.6018,0,0,0,0,0,0,0.170795,0.685558,0.196421,42.23288,356.1178,14.4212,0,False,False
62.60258,-0.020959,1.598369,0.088641,15.27181,2.06252,357.6396,0,0,0,0,0,0,0.170512,0.685739,0.197194,42.18458,356.0321,14.36967,0,False,False
62.61361,-0.021047,1.598473,0.088746,15.24312,2.017227,357.6574,0,0,0,0,0,0,0.170139,0.685909,0.197788,42.13224,355.9681,14.32944,0,False,False
62.6246,-0.021147,1.598629,0.088795,15.17463,1.959376,357.68,0,0,0,0,0,0,0.169805,0.686072,0.198424,42.07783,355.8789,14.2947,0,False,False
62.63568,-0.021219,1.598722,0.088815,15.11184,1.890732,357.7018,0,0,0,0,0,0,0.16933,0.686327,0.199008,42.02504,355.7953,14.29409,0,False,False
62.64677,-0.021325,1.598887,0.088832,15.03985,1.817816,357.7156,0,0,0,0,0,0,0.168776,0.686458,0.199429,41.97957,355.6963,14.28153,0,False,False
62.65785,-0.021461,1.599023,0.088779,14.97981,1.740654,357.7199,0,0,0,0,0,0,0.168372,0.686735,0.200138,41.95578,355.5872,14.24813,0,False,False
62.66892,-0.021588,1.599115,0.088724,14.91946,1.659606,357.7097,0,0,0,0,0,0,0.167615,0.686756,0.200344,41.949,355.4428,14.20997,0,False,False
62.68018,-0.021728,1.599196,0.088704,14.89402,1.59138,357.7112,0,0,0,0,0,0,0.166965,0.686679,0.200761,41.98021,355.2993,14.16951,0,False,False
62.69115,-0.021879,1.599268,0.088663,14.87073,1.508979,357.7013,0,0,0,0,0,0,0.166285,0.686651,0.201001,42.00271,355.1627,14.1405,0,False,False
62.70271,-0.021995,1.599286,0.08863,14.87709,1.446919,357.6992,0,0,0,0,0,0,0.165613,0.686603,0.201266,42.07087,355.0009,14.12687,0,False,False
62.71336,-0.022074,1.599344,0.088636,14.87803,1.392744,357.708,0,0,0,0,0,0,0.164928,0.686548,0.201556,42.12988,354.8385,14.11114,0,False,False
62.72458,-0.022168,1.599269,0.088639,14.915,1.331002,357.7086,0,0,0,0,0,0,0.164178,0.686501,0.201869,42.19381,354.6533,14.08687,0,False,False
62.73574,-0.022286,1.599159,0.088647,14.96039,1.299001,357.7086,0,0,0,0,0,0,0.163513,0.686416,0.202237,42.25246,354.4749,14.04985,0,False,False
62.74684,-0.022366,1.598985,0.088662,15.03817,1.268756,357.7138,0,0,0,0,0,0,0.162766,0.686338,0.202581,42.30949,354.2974,14.02581,0,False,False
62.75783,-0.022441,1.598796,0.088752,15.13041,1.252344,357.7269,0,0,0,0,0,0,0.161941,0.686363,0.202926,42.36184,354.0917,14.0067,0,False,False
62.76907,-0.022515,1.598618,0.088811,15.21993,1.241867,357.746,0,0,0,0,0,0,0.161151,0.686451,0.203245,42.3657,353.905,13.97072,0,False,False
62.77999,-0.022597,1.598408,0.088776,15.32752,1.250605,357.7734,0,0,0,0,0,0,0.160415,0.686568,0.203653,42.3391,353.745,13.95889,0,False,False
62.79119,-0.022651,1.598239,0.088866,15.41792,1.249757,357.7933,0,0,0,0,0,0,0.159618,0.686642,0.203987,42.31004,353.5542,13.93216,0,False,False
62.80243,-0.022678,1.598056,0.088929,15.51933,1.255318,357.8203,0,0,0,0,0,0,0.158849,0.686852,0.204468,42.24911,353.3765,13.89629,0,False,False
62.81354,-0.022745,1.597915,0.088991,15.61745,1.271507,357.8521,0,0,0,0,0,0,0.158109,0.686977,0.204744,42.17055,353.216,13.86511,0,False,False
62.82445,-0.022832,1.597708,0.088997,15.70951,1.295075,357.8616,0,0,0,0,0,0,0.157413,0.687247,0.205157,42.10112,353.0745,13.82332,0,False,False
62.83571,-0.022872,1.597581,0.08906,15.77806,1.313037,357.8776,0,0,0,0,0,0,0.156622,0.68746,0.205451,42.0255,352.9196,13.78494,0,False,False
62.84676,-0.022865,1.597524,0.089126,15.80515,1.348167,357.8961,0,0,0,0,0,0,0.155988,0.687749,0.205733,41.96938,352.7487,13.72829,0,False,False
62.85784,-0.022859,1.597571,0.089206,15.81306,1.378182,357.9234,0,0,0,0,0,0,0.15535,0.687967,0.205955,41.9265,352.6003,13.70846,0,False,False
62.86902,-0.022878,1.597589,0.089241,15.81737,1.409624,357.9392,0,0,0,0,0,0,0.154743,0.688144,0.206161,41.8843,352.4572,13.67245,0,False,False
62.88002,-0.022927,1.59761,0.089201,15.79341,1.43603,357.9621,0,0,0,0,0,0,0.154218,0.688362,0.206418,41.84837,352.3513,13.6216,0,False,False
62.8911,-0.022949,1.597639,0.089204,15.75966,1.468117,357.9903,0,0,0,0,0,0,0.153849,0.688539,0.206602,41.79288,352.278,13.56424,0,False,False
62.90236,-0.022979,1.597684,0.089192,15.73879,1.491579,358.0128,0,0,0,0,0,0,0.153503,0.688767,0.206809,41.74476,352.2151,13.54201,0,False,False
62.91336,-0.023007,1.59773,0.089173,15.70204,1.516964,358.0377,0,0,0,0,0,0,0.153328,0.688931,0.206968,41.69811,352.1972,13.50518,0,False,False
62.92447,-0.023008,1.597764,0.08916,15.67228,1.525514,358.0532,0,0,0,0,0,0,0.153294,0.689118,0.207023,41.68422,352.2141,13.44573,0,False,False
62.9356,-0.023043,1.597776,0.089089,15.64662,1.551266,358.0724,0,0,0,0,0,0,0.153323,0.689238,0.207112,41.68245,352.2336,13.47169,0,False,False
62.94675,-0.023082,1.597804,0.089069,15.62722,1.564061,358.0756,0,0,0,0,0,0,0.153307,0.689229,0.207076,41.69545,352.261,13.41406,0,False,False
62.95768,-0.023128,1.5978,0.089062,15.6192,1.563702,358.0834,0,0,0,0,0,0,0.153235,0.689153,0.206961,41.70496,352.2671,13.40742,0,False,False
62.96888,-0.02318,1.597823,0.089057,15.61526,1.565228,358.0788,0,0,0,0,0,0,0.153387,0.68902,0.206774,41.75264,352.2785,13.44259,0,False,False
62.98007,-0.023204,1.597785,0.089071,15.62828,1.565295,358.0738,0,0,0,0,0,0,0.153662,0.688866,0.206466,41.82174,352.3126,13.42636,0,False,False
62.99109,-0.023235,1.597739,0.089084,15.62994,1.557237,358.0629,0,0,0,0,0,0,0.153858,0.688697,0.206024,41.90546,352.364,13.41589,0,False,False
63.00222,-0.023247,1.597665,0.089133,15.67528,1.564923,358.0504,0,0,0,0,0,0,0.154153,0.688534,0.205713,41.99641,352.4121,13.37154,0,False,False
63.01342,-0.023319,1.597563,0.089178,15.7167,1.581539,358.0525,0,0,0,0,0,0,0.154463,0.688373,0.205328,42.0996,352.4917,13.33034,0,False,False
63.02448,-0.023296,1.59746,0.089257,15.74649,1.580492,358.0535,0,0,0,0,0,0,0.154898,0.688203,0.205035,42.18691,352.554,13.28376,0,False,False
63.03553,-0.023248,1.597426,0.089317,15.78381,1.602396,358.0472,0,0,0,0,0,0,0.155296,0.688159,0.204765,42.23927,352.6414,13.29861,0,False,False
63.04659,-0.023212,1.59734,0.089405,15.81092,1.62427,358.0368,0,0,0,0,0,0,0.155677,0.688047,0.204586,42.27116,352.7126,13.29573,0,False,False
63.05769,-0.02317,1.597296,0.089559,15.84193,1.658115,358.0286,0,0,0,0,0,0,0.156191,0.688005,0.204488,42.2697,352.7962,13.30913,0,False,False
63.06892,-0.023088,1.597244,0.089637,15.86805,1.689813,358.022,0,0,0,0,0,0,0.156574,0.687871,0.204352,42.25134,352.8998,13.32701,0,False,False
63.07999,-0.023051,1.59721,0.089777,15.88495,1.727115,358.0192,0,0,0,0,0,0,0.156992,0.687884,0.204292,42.22846,353.0115,13.3475,0,False,False
63.09096,-0.022936,1.597199,0.089907,15.8957,1.758475,358.0281,0,0,0,0,0,0,0.157365,0.687967,0.204259,42.21776,353.1204,13.36722,0,False,False
63.10229,-0.022876,1.597153,0.090058,15.91,1.790725,358.0327,0,0,0,0,0,0,0.157742,0.688004,0.204222,42.20587,353.2159,13.36414,0,False,False
63.11331,-0.022816,1.597116,0.090198,15.92019,1.820282,358.0285,0,0,0,0,0,0,0.158085,0.687988,0.204218,42.17278,353.2681,13.38938,0,False,False
63.12438,-0.022742,1.597083,0.09033,15.92544,1.849567,358.0321,0,0,0,0,0,0,0.158299,0.688072,0.204191,42.13835,353.2744,13.49185,0,False,False
63.13562,-0.022697,1.597139,0.090456,15.92859,1.8836,358.0271,0,0,0,0,0,0,0.158697,0.688028,0.204111,42.11436,353.3313,13.45026,0,False,False
63.14669,-0.022601,1.597147,0.090569,15.92303,1.900713,358.0152,0,0,0,0,0,0,0.159049,0.688004,0.204015,42.1132,353.4286,13.47654,0,False,False
63.15768,-0.022536,1.59714,0.090702,15.90679,1.926859,357.9944,0,0,0,0,0,0,0.159499,0.687977,0.203957,42.11975,353.5551,13.4755,0,False,False
63.16883,-0.022464,1.597152,0.090835,15.8985,1.955339,357.9748,0,0,0,0,0,0,0.159931,0.687859,0.203795,42.12785,353.6704,13.50135,0,False,False
63.18006,-0.022428,1.597192,0.090903,15.90813,1.973682,357.9556,0,0,0,0,0,0,0.160379,0.687786,0.20371,42.14848,353.7904,13.52153,0,False,False
63.19095,-0.022362,1.59719,0.091036,15.88365,1.999704,357.9412,0,0,0,0,0,0,0.160821,0.687795,0.20355,42.15664,353.8929,13.53449,0,False,False
63.2021,-0.022326,1.597238,0.091134,15.88246,2.011286,357.9412,0,0,0,0,0,0,0.161156,0.687679,0.203487,42.148,354,13.57031,0,False,False
63.21341,-0.022274,1.597192,0.091237,15.87525,2.028226,357.9456,0,0,0,0,0,0,0.16164,0.687652,0.203461,42.124,354.1375,13.59618,0,False,False
63.2245,-0.022206,1.59718,0.091331,15.86516,2.038104,357.9371,0,0,0,0,0,0,0.162173,0.687722,0.203454,42.10213,354.2844,13.64215,0,False,False
63.23558,-0.022147,1.597188,0.091494,15.86597,2.060565,357.9408,0,0,0,0,0,0,0.162718,0.687656,0.203474,42.07373,354.4669,13.68935,0,False,False
63.24667,-0.022078,1.597153,0.091637,15.88349,2.062339,357.9205,0,0,0,0,0,0,0.163318,0.687692,0.203592,42.06386,354.6199,13.72453,0,False,False
63.25765,-0.022005,1.597132,0.091802,15.90011,2.054358,357.8998,0,0,0,0,0,0,0.163811,0.687619,0.203617,42.04537,354.7639,13.76603,0,False,False
63.26873,-0.021943,1.597093,0.091954,15.92791,2.059319,357.8686,0,0,0,0,0,0,0.164194,0.687449,0.2036,42.03276,354.8681,13.76757,0,False,False
63.27991,-0.021861,1.597042,0.092123,15.94808,2.053372,357.8486,0,0,0,0,0,0,0.164704,0.687302,0.203584,42.02588,354.9902,13.78321,0,False,False
63.29092,-0.021799,1.597054,0.092334,15.94857,2.0508,357.8233,0,0,0,0,0,0,0.165088,0.687297,0.203526,42.04507,355.077,13.74534,0,False,False
63.30214,-0.021707,1.597034,0.09253,15.93792,2.033713,357.7951,0,0,0,0,0,0,0.16553,0.687182,0.203491,42.07258,355.1912,13.73327,0,False,False
63.31329,-0.021625,1.597054,0.092749,15.94215,2.037098,357.7875,0,0,0,0,0,0,0.166104,0.687115,0.203631,42.1025,355.3002,13.74412,0,False,False
63.32422,-0.021532,1.596993,0.092934,15.94264,2.015812,357.7537,0,0,0,0,0,0,0.166562,0.686974,0.203587,42.10943,355.4333,13.77479,0,False,False
63.33542,-0.02136,1.596964,0.093129,15.96116,2.013267,357.7214,0,0,0,0,0,0,0.167043,0.686876,0.203607,42.12698,355.5574,13.81029,0,False,False
63.34655,-0.021268,1.596908,0.093293,15.98542,2.005824,357.698,0,0,0,0,0,0,0.167567,0.686871,0.203596,42.12817,355.6906,13.84625,0,False,False
63.3576,-0.021186,1.596846,0.093464,15.99647,1.992911,357.6723,0,0,0,0,0,0,0.167991,0.686699,0.203503,42.12449,355.8049,13.90283,0,False,False
63.36872,-0.021136,1.596754,0.093604,16.02317,1.9817,357.6476,0,0,0,0,0,0,0.168375,0.686587,0.203571,42.11806,355.9021,13.93961,0,False,False
63.37993,-0.021078,1.596661,0.093739,16.04487,1.980969,357.6191,0,0,0,0,0,0,0.168775,0.686507,0.203624,42.11353,356.0058,13.9659,0,False,False
63.39082,-0.020994,1.596555,0.093825,16.0672,1.979676,357.6121,0,0,0,0,0,0,0.169003,0.686438,0.203579,42.1038,356.0804,13.9789,0,False,False
63.4021,-0.020887,1.596487,0.094002,16.08489,1.974716,357.579,0,0,0,0,0,0,0.169233,0.686262,0.203596,42.12429,356.1539,14.00648,0,False,False
63.41325,-0.020809,1.59643,0.094174,16.10419,1.980378,357.5474,0,0,0,0,0,0,0.169459,0.6862,0.203669,42.1333,356.2122,14.02803,0,False,False
63.42416,-0.020704,1.59637,0.0943,16.11399,1.979923,357.5024,0,0,0,0,0,0,0.169647,0.686062,0.203704,42.16044,356.2394,14.04802,0,False,False
63.43548,-0.020596,1.596354,0.094463,16.14134,1.986891,357.4738,0,0,0,0,0,0,0.169838,0.68599,0.203747,42.17638,356.2599,14.06058,0,False,False
63.44653,-0.020493,1.59632,0.094506,16.14441,1.99559,357.4684,0,0,0,0,0,0,0.169883,0.685839,0.203936,42.18538,356.2323,14.10727,0,False,False
63.45761,-0.020377,1.596307,0.094667,16.15068,1.995536,357.4636,0,0,0,0,0,0,0.170019,0.685749,0.204093,42.19662,356.2217,14.1428,0,False,False
63.46873,-0.020262,1.596332,0.094752,16.15507,1.995845,357.4602,0,0,0,0,0,0,0.169962,0.68579,0.204193,42.20138,356.1788,14.16207,0,False,False
63.4799,-0.020193,1.596375,0.094871,16.15203,1.999348,357.4407,0,0,0,0,0,0,0.169924,0.685716,0.204358,42.22042,356.1251,14.11724,0,False,False
63.49084,-0.020119,1.596359,0.0949,16.14224,2.012516,357.4327,0,0,0,0,0,0,0.169802,0.685775,0.204444,42.23752,356.0992,14.09624,0,False,False
63.50196,-0.020042,1.596365,0.094949,16.15974,2.027207,357.4096,0,0,0,0,0,0,0.169701,0.685647,0.204596,42.24163,356.0698,14.08505,0,False,False
63.51318,-0.019975,1.596369,0.09501,16.15391,2.034625,357.3795,0,0,0,0,0,0,0.169656,0.685616,0.204688,42.23502,356.0588,14.0901,0,False,False
63.52455,-0.019875,1.596329,0.095122,16.15902,2.042443,357.3628,0,0,0,0,0,0,0.169669,0.685521,0.204889,42.22873,356.0582,14.12357,0,False,False
63.53538,-0.019803,1.596358,0.095217,16.16759,2.044562,357.3445,0,0,0,0,0,0,0.169516,0.685441,0.205062,42.21671,356.0568,14.14435,0,False,False
63.54646,-0.019674,1.596394,0.095341,16.15569,2.057464,357.3396,0,0,0,0,0,0,0.169401,0.685437,0.205284,42.21502,356.0484,14.16441,0,False,False
63.55747,-0.01958,1.596417,0.09542,16.13662,2.080916,357.3298,0,0,0,0,0,0,0.169219,0.685436,0.205468,42.21111,356.018,14.13312,0,False,False
63.5687,-0.019429,1.596519,0.09554,16.09449,2.09594,357.3014,0,0,0,0,0,0,0.168984,0.685465,0.205711,42.21568,355.9832,14.1138,0,False,False
63.57979,-0.019331,1.596591,0.095631,16.0513,2.123296,357.29,0,0,0,0,0,0,0.168687,0.685483,0.205924,42.21256,355.9399,14.09976,0,False,False
63.59089,-0.019248,1.596667,0.095707,16.0219,2.153787,357.2737,0,0,0,0,0,0,0.168394,0.685479,0.206108,42.20906,355.8836,14.07873,0,False,False
63.60197,-0.019138,1.596726,0.095833,15.99,2.176011,357.2487,0,0,0,0,0,0,0.168,0.685538,0.206383,42.19937,355.7999,14.02387,0,False,False
63.61304,-0.019045,1.596741,0.095909,15.97313,2.193728,357.2363,0,0,0,0,0,0,0.167654,0.685559,0.206565,42.18224,355.7409,13.99009,0,False,False
63.62419,-0.018984,1.596723,0.095923,15.95841,2.218142,357.2294,0,0,0,0,0,0,0.167234,0.685736,0.206839,42.15683,355.6899,13.96255,0,False,False
63.63539,-0.018955,1.596693,0.095926,15.95809,2.238449,357.2176,0,0,0,0,0,0,0.166827,0.685763,0.206952,42.14285,355.6288,13.93159,0,False,False
63.6465,-0.018909,1.596671,0.095961,15.98851,2.248265,357.2042,0,0,0,0,0,0,0.166393,0.685797,0.207184,42.12928,355.563,13.89465,0,False,False
63.65744,-0.018891,1.596638,0.095992,16.01412,2.274744,357.2077,0,0,0,0,0,0,0.166087,0.685809,0.20735,42.11539,355.516,13.87903,0,False,False
63.66864,-0.018873,1.596593,0.096009,16.02796,2.272543,357.1915,0,0,0,0,0,0,0.165616,0.685773,0.207587,42.09212,355.4221,13.84364,0,False,False
63.67974,-0.018905,1.596527,0.095978,16.03009,2.284832,357.1865,0,0,0,0,0,0,0.165165,0.685802,0.207812,42.07553,355.3143,13.8089,0,False,False
63.69075,-0.018943,1.59655,0.095937,16.02406,2.286852,357.187,0,0,0,0,0,0,0.164743,0.685762,0.208067,42.05164,355.2351,13.78387,0,False,False
63.70197,-0.018954,1.596577,0.09597,16.00194,2.284594,357.1796,0,0,0,0,0,0,0.164351,0.68585,0.20836,42.0367,355.1441,13.7465,0,False,False
63.71308,-0.01896,1.596633,0.096018,15.98067,2.273674,357.1807,0,0,0,0,0,0,0.163912,0.685895,0.208552,42.0133,355.0644,13.72074,0,False,False
63.72415,-0.018956,1.596656,0.096038,15.92729,2.272851,357.1814,0,0,0,0,0,0,0.163448,0.685831,0.208724,41.99788,354.9991,13.69155,0,False,False
63.73531,-0.018989,1.596709,0.096049,15.90144,2.280335,357.1849,0,0,0,0,0,0,0.163152,0.685801,0.208932,41.96583,354.9415,13.66798,0,False,False
63.74642,-0.019004,1.59675,0.096034,15.87741,2.285035,357.1913,0,0,0,0,0,0,0.162761,0.685939,0.209149,41.93742,354.8803,13.64557,0,False,False
63.7575,-0.019015,1.596797,0.096021,15.85141,2.280678,357.2066,0,0,0,0,0,0,0.162391,0.68594,0.209389,41.91104,354.8398,13.63654,0,False,False
63.76856,-0.019042,1.59685,0.09597,15.8281,2.278671,357.226,0,0,0,0,0,0,0.162023,0.686006,0.209464,41.87814,354.7817,13.62923,0,False,False
63.77976,-0.019075,1.596839,0.095923,15.83041,2.277216,357.2388,0,0,0,0,0,0,0.161666,0.686186,0.209501,41.86692,354.7227,13.61015,0,False,False
63.79075,-0.019135,1.596852,0.095817,15.85683,2.285079,357.251,0,0,0,0,0,0,0.161338,0.686371,0.209597,41.85926,354.6759,13.58047,0,False,False
63.80209,-0.019153,1.596797,0.095777,15.87356,2.279584,357.2719,0,0,0,0,0,0,0.161051,0.68644,0.209675,41.84124,354.6102,13.56672,0,False,False
63.81304,-0.019185,1.596747,0.095751,15.92056,2.28203,357.2914,0,0,0,0,0,0,0.160953,0.686521,0.20977,41.83633,354.5711,13.56345,0,False,False
63.82414,-0.019206,1.596687,0.095699,15.95651,2.285493,357.2929,0,0,0,0,0,0,0.16081,0.686546,0.209833,41.8322,354.5289,13.56857,0,False,False
63.83521,-0.019223,1.596621,0.095692,16.01798,2.273217,357.3104,0,0,0,0,0,0,0.160688,0.686682,0.209808,41.83349,354.4834,13.60102,0,False,False
63.84632,-0.01928,1.596459,0.095683,16.08249,2.265725,357.326,0,0,0,0,0,0,0.160595,0.686787,0.209919,41.84705,354.4471,13.58378,0,False,False
63.85736,-0.019321,1.596294,0.095636,16.16622,2.255896,357.3341,0,0,0,0,0,0,0.160581,0.686801,0.209906,41.86224,354.4387,13.56133,0,False,False
63.86854,-0.019367,1.596098,0.095689,16.27696,2.240008,357.3494,0,0,0,0,0,0,0.160472,0.686751,0.209864,41.86389,354.4133,13.57639,0,False,False
63.8797,-0.019391,1.595907,0.095729,16.39226,2.218797,357.3547,0,0,0,0,0,0,0.160436,0.686821,0.209866,41.85847,354.3936,13.60068,0,False,False
63.89074,-0.019442,1.59568,0.09577,16.49959,2.212141,357.3774,0,0,0,0,0,0,0.160521,0.686768,0.209793,41.86957,354.3981,13.63155,0,False,False
63.90187,-0.019443,1.59555,0.095828,16.5944,2.206815,357.3976,0,0,0,0,0,0,0.160648,0.68673,0.209771,41.89282,354.412,13.59933,0,False,False
63.91304,-0.01947,1.595542,0.095901,16.61341,2.214128,357.4293,0,0,0,0,0,0,0.160802,0.686729,0.209801,41.91965,354.4356,13.54268,0,False,False
63.924,-0.019506,1.595712,0.09601,16.5114,2.227933,357.4556,0,0,0,0,0,0,0.160979,0.686698,0.209721,41.92369,354.4869,13.55914,0,False,False
63.93528,-0.019522,1.596085,0.096095,16.32888,2.256204,357.4835,0,0,0,0,0,0,0.161192,0.686637,0.209751,41.90752,354.5624,13.60736,0,False,False
63.9463,-0.019507,1.596788,0.096159,15.9404,2.292893,357.5165,0,0,0,0,0,0,0.161309,0.686581,0.209678,41.89484,354.6061,13.6267,0,False,False
63.9574,-0.019459,1.597594,0.09613,15.51841,2.366604,357.5547,0,0,0,0,0,0,0.16148,0.686576,0.209577,41.87474,354.6744,13.64188,0,False,False
63.96854,-0.019411,1.598674,0.096026,14.94803,2.479487,357.6316,0,0,0,0,0,0,0.161729,0.686621,0.209497,41.86081,354.7135,13.61744,0,False,False
63.97969,-0.01938,1.599779,0.095806,14.38363,2.573086,357.7053,0,0,0,0,0,0,0.161803,0.686691,0.209365,41.84386,354.7371,13.60516,0,False,False
63.99062,-0.019348,1.600943,0.095552,13.78477,2.658067,357.7815,0,0,0,0,0,0,0.161918,0.68673,0.209235,41.83015,354.7575,13.5933,0,False,False
64.00188,-0.019311,1.60212,0.09522,13.20631,2.733817,357.8549,0,0,0,0,0,0,0.162052,0.686815,0.209236,41.82931,354.7773,13.58525,0,False,False
64.01301,-0.019306,1.603184,0.094844,12.65909,2.804756,357.9318,0,0,0,0,0,0,0.162126,0.686813,0.208966,41.85043,354.7894,13.58733,0,False,False
64.02399,-0.019307,1.604307,0.094385,12.09728,2.861567,358.0101,0,0,0,0,0,0,0.16225,0.686895,0.208632,41.91932,354.7804,13.55585,0,False,False
64.03505,-0.019318,1.6055,0.093915,11.46475,2.910751,358.0521,0,0,0,0,0,0,0.162299,0.686764,0.20816,42.00227,354.7536,13.51847,0,False,False
64.04627,-0.019311,1.6068,0.093513,10.81785,2.957462,358.0955,0,0,0,0,0,0,0.162393,0.686554,0.207695,42.13075,354.7116,13.49823,0,False,False
64.05743,-0.019399,1.607877,0.092941,10.23872,3.0024,358.1322,0,0,0,0,0,0,0.162442,0.686217,0.207158,42.25226,354.6873,13.51699,0,False,False
64.06863,-0.01946,1.608877,0.092355,9.706914,3.021894,358.1532,0,0,0,0,0,0,0.162552,0.68599,0.206739,42.37294,354.6628,13.53628,0,False,False
64.07965,-0.019542,1.609691,0.091682,9.257294,3.040361,358.173,0,0,0,0,0,0,0.162714,0.68566,0.206238,42.48344,354.696,13.58744,0,False,False
64.09068,-0.019632,1.610383,0.091078,8.875116,3.025109,358.2164,0,0,0,0,0,0,0.162909,0.685515,0.205996,42.5681,354.7357,13.60939,0,False,False
64.10174,-0.019788,1.610866,0.090396,8.617883,3.004392,358.2488,0,0,0,0,0,0,0.163093,0.6853,0.205693,42.62809,354.7586,13.60999,0,False,False
64.11288,-0.019896,1.611253,0.089797,8.393229,2.988358,358.2666,0,0,0,0,0,0,0.163285,0.685344,0.205641,42.67275,354.778,13.59663,0,False,False
64.12405,-0.020015,1.611518,0.089266,8.245209,2.966759,358.3072,0,0,0,0,0,0,0.163516,0.685334,0.20564,42.68265,354.8182,13.59947,0,False,False
64.13513,-0.020117,1.611785,0.088753,8.097639,2.957111,358.3484,0,0,0,0,0,0,0.163667,0.685371,0.205535,42.67278,354.8344,13.65684,0,False,False
64.14621,-0.020177,1.611817,0.088313,8.055321,2.944473,358.3627,0,0,0,0,0,0,0.163764,0.685402,0.205469,42.65675,354.8651,13.71114,0,False,False
64.15726,-0.020308,1.611511,0.087902,8.136644,2.91372,358.3674,0,0,0,0,0,0,0.163977,0.685514,0.205582,42.65925,354.9107,13.76299,0,False,False
64.16855,-0.02044,1.611145,0.087472,8.304173,2.889924,358.3561,0,0,0,0,0,0,0.164129,0.685682,0.205755,42.63538,354.9418,13.82064,0,False,False
64.1796,-0.020535,1.610495,0.087166,8.654927,2.856972,358.3575,0,0,0,0,0,0,0.164358,0.68583,0.206022,42.61365,354.9722,13.87051,0,False,False
64.1907,-0.020575,1.609844,0.086918,9.040488,2.839463,358.3498,0,0,0,0,0,0,0.164483,0.685974,0.206291,42.59631,354.9787,13.89906,0,False,False
64.20177,-0.020657,1.609099,0.086758,9.458006,2.806873,358.3318,0,0,0,0,0,0,0.16458,0.686177,0.206558,42.56099,354.9697,13.91412,0,False,False
64.21293,-0.020708,1.608165,0.086644,9.956211,2.79826,358.3094,0,0,0,0,0,0,0.164586,0.686475,0.206915,42.50705,354.943,13.90578,0,False,False
64.22387,-0.020739,1.607134,0.086669,10.52221,2.802705,358.303,0,0,0,0,0,0,0.164608,0.686783,0.207316,42.43196,354.8932,13.8703,0,False,False
64.23505,-0.020747,1.605896,0.086758,11.2117,2.805736,358.2752,0,0,0,0,0,0,0.164744,0.687081,0.207815,42.36621,354.8675,13.84853,0,False,False
64.24624,-0.020742,1.604508,0.086685,11.91269,2.813323,358.2561,0,0,0,0,0,0,0.16484,0.687443,0.208379,42.27787,354.854,13.84203,0,False,False
64.25728,-0.020732,1.602869,0.086829,12.77773,2.819016,358.2462,0,0,0,0,0,0,0.164928,0.687715,0.208882,42.1885,354.8888,13.84626,0,False,False
64.26837,-0.020746,1.601179,0.086929,13.66561,2.843942,358.2429,0,0,0,0,0,0,0.165009,0.687933,0.209356,42.11812,354.9369,13.862,0,False,False
64.2794,-0.020688,1.599706,0.087092,14.4222,2.8819,358.2404,0,0,0,0,0,0,0.16517,0.688181,0.209993,42.01193,355.0132,13.90276,0,False,False
64.2907,-0.020639,1.598455,0.087323,15.06883,2.933702,358.2198,0,0,0,0,0,0,0.165323,0.688543,0.210463,41.90018,355.0735,13.92352,0,False,False
64.30168,-0.020537,1.597213,0.087497,15.66047,2.969764,358.1939,0,0,0,0,0,0,0.165535,0.688871,0.211191,41.75049,355.1573,13.9426,0,False,False
64.31279,-0.020434,1.596046,0.087695,16.23626,3.006096,358.1424,0,0,0,0,0,0,0.165872,0.689367,0.211928,41.58303,355.2271,13.94867,0,False,False
64.32396,-0.020322,1.59493,0.087911,16.8084,3.069787,358.1053,0,0,0,0,0,0,0.166086,0.689745,0.212698,41.39818,355.3322,13.97436,0,False,False
64.335,-0.020199,1.593848,0.088065,17.34171,3.122398,358.0597,0,0,0,0,0,0,0.166234,0.690033,0.213405,41.234,355.4561,14.02129,0,False,False
64.34628,-0.020122,1.592783,0.08822,17.90994,3.166713,358.0185,0,0,0,0,0,0,0.166508,0.690387,0.214141,41.08335,355.5621,14.04643,0,False,False
64.35725,-0.020008,1.591642,0.088292,18.48058,3.21186,357.9785,0,0,0,0,0,0,0.166613,0.690825,0.21467,40.95627,355.6431,14.05675,0,False,False
64.36836,-0.019855,1.590632,0.088319,19.00774,3.253563,357.9503,0,0,0,0,0,0,0.166636,0.690952,0.214852,40.85504,355.691,14.06336,0,False,False
64.37943,-0.019703,1.589785,0.088453,19.45355,3.318807,357.9429,0,0,0,0,0,0,0.166601,0.691113,0.215185,40.76733,355.7135,14.06788,0,False,False
64.39056,-0.01957,1.589419,0.088544,19.6776,3.39999,357.9532,0,0,0,0,0,0,0.166539,0.691336,0.215296,40.72337,355.6799,14.04425,0,False,False
64.4016,-0.019387,1.589404,0.088728,19.69802,3.483198,357.9362,0,0,0,0,0,0,0.166445,0.691353,0.215305,40.72348,355.6378,14.03924,0,False,False
64.41267,-0.019174,1.589984,0.08897,19.40345,3.598832,357.9114,0,0,0,0,0,0,0.166309,0.691363,0.215311,40.71533,355.5881,14.03614,0,False,False
64.42394,-0.01895,1.590602,0.089127,19.04129,3.705393,357.8723,0,0,0,0,0,0,0.166097,0.691058,0.214918,40.77036,355.5071,14.04158,0,False,False
64.43504,-0.018752,1.591564,0.089186,18.53187,3.806307,357.8451,0,0,0,0,0,0,0.165923,0.691037,0.214712,40.79489,355.459,14.03073,0,False,False
64.44606,-0.018584,1.592509,0.089162,18.02091,3.885502,357.832,0,0,0,0,0,0,0.165703,0.690938,0.214385,40.82916,355.4279,14.00739,0,False,False
64.45715,-0.018426,1.593388,0.089061,17.57655,3.966807,357.8423,0,0,0,0,0,0,0.165546,0.690696,0.213982,40.85524,355.4174,13.9807,0,False,False
64.46829,-0.018277,1.594315,0.088887,17.12159,4.023561,357.8528,0,0,0,0,0,0,0.165413,0.690438,0.21354,40.89242,355.4334,13.96028,0,False,False
64.47933,-0.018137,1.595101,0.088716,16.72113,4.074003,357.8706,0,0,0,0,0,0,0.165317,0.690169,0.213065,40.94091,355.4554,13.9701,0,False,False
64.49052,-0.018063,1.595867,0.088452,16.34009,4.119681,357.8992,0,0,0,0,0,0,0.165196,0.689843,0.212349,41.03191,355.4595,13.9683,0,False,False
64.50163,-0.017957,1.59662,0.088279,15.94124,4.157933,357.9102,0,0,0,0,0,0,0.164975,0.689409,0.211562,41.18692,355.4079,13.9783,0,False,False
64.51283,-0.017836,1.59745,0.088166,15.51583,4.18911,357.9266,0,0,0,0,0,0,0.16462,0.688909,0.210728,41.38617,355.3003,13.98314,0,False,False
64.52383,-0.017707,1.598294,0.088036,15.09587,4.191215,357.9191,0,0,0,0,0,0,0.164205,0.688268,0.209652,41.61294,355.133,13.96045,0,False,False
64.53485,-0.017622,1.59911,0.087922,14.70693,4.187639,357.9006,0,0,0,0,0,0,0.163799,0.687642,0.208685,41.84167,354.9629,13.89693,0,False,False
64.546,-0.017572,1.599895,0.08782,14.30836,4.170213,357.8863,0,0,0,0,0,0,0.163471,0.687025,0.207791,42.03667,354.8632,13.78467,0,False,False
64.55714,-0.017482,1.600813,0.087738,13.82771,4.140023,357.8586,0,0,0,0,0,0,0.163257,0.686561,0.207084,42.21482,354.8086,13.70258,0,False,False
64.56821,-0.017428,1.601785,0.087793,13.29562,4.080652,357.8305,0,0,0,0,0,0,0.163105,0.686065,0.206294,42.35001,354.7831,13.58989,0,False,False
64.57932,-0.017396,1.602694,0.08779,12.80565,4.004701,357.7845,0,0,0,0,0,0,0.162974,0.685685,0.205759,42.46476,354.7749,13.48448,0,False,False
64.59047,-0.017424,1.603464,0.087809,12.37262,3.905585,357.712,0,0,0,0,0,0,0.163043,0.685472,0.205582,42.51655,354.9113,13.29807,0,False,False
64.60165,-0.017512,1.604115,0.087821,12.02818,3.785363,357.6612,0,0,0,0,0,0,0.163125,0.685223,0.205306,42.54964,355.0259,13.22074,0,False,False
64.61263,-0.017597,1.604623,0.087849,11.73327,3.656002,357.61,0,0,0,0,0,0,0.163203,0.685186,0.205274,42.49881,355.1763,13.32773,0,False,False
64.62383,-0.017782,1.604938,0.08782,11.52962,3.482607,357.5384,0,0,0,0,0,0,0.163248,0.68524,0.205319,42.41544,355.2586,13.4435,0,False,False
64.63486,-0.017908,1.605167,0.087833,11.41619,3.288281,357.4677,0,0,0,0,0,0,0.163155,0.685223,0.205213,42.36353,355.3206,13.48444,0,False,False
64.64591,-0.018035,1.605128,0.087862,11.42514,3.113376,357.4121,0,0,0,0,0,0,0.163158,0.685348,0.205211,42.28849,355.2952,13.42644,0,False,False
64.65717,-0.018146,1.605026,0.087937,11.47777,2.946774,357.3746,0,0,0,0,0,0,0.163204,0.685462,0.205309,42.24494,355.2474,13.35846,0,False,False
64.6682,-0.018244,1.604669,0.088064,11.63591,2.789477,357.3659,0,0,0,0,0,0,0.163153,0.685375,0.205273,42.22423,355.1963,13.3225,0,False,False
64.67929,-0.018339,1.60423,0.088117,11.85862,2.658306,357.3389,0,0,0,0,0,0,0.163111,0.685444,0.20549,42.21883,355.0859,13.30978,0,False,False
64.69037,-0.018402,1.603501,0.088169,12.23525,2.523999,357.2944,0,0,0,0,0,0,0.162985,0.685453,0.20556,42.23484,354.9753,13.34627,0,False,False
64.70155,-0.018484,1.602602,0.088331,12.713,2.412339,357.2507,0,0,0,0,0,0,0.162912,0.685418,0.205638,42.25605,354.8979,13.40211,0,False,False
64.7126,-0.018593,1.601668,0.088465,13.2153,2.305224,357.2204,0,0,0,0,0,0,0.162908,0.685416,0.205773,42.26815,354.8427,13.43135,0,False,False
64.72376,-0.018634,1.600587,0.088734,13.81574,2.213114,357.2159,0,0,0,0,0,0,0.162878,0.685511,0.20598,42.273,354.8189,13.47311,0,False,False
64.73491,-0.018662,1.599518,0.089028,14.39361,2.130355,357.226,0,0,0,0,0,0,0.16295,0.685561,0.206371,42.25423,354.83,13.51993,0,False,False
64.74591,-0.018639,1.598336,0.089468,14.9957,2.091755,357.2637,0,0,0,0,0,0,0.162876,0.685606,0.206584,42.23389,354.8323,13.56551,0,False,False
64.75711,-0.018629,1.597125,0.089901,15.60876,2.069256,357.3113,0,0,0,0,0,0,0.163045,0.685769,0.207171,42.18877,354.8549,13.62008,0,False,False
64.76819,-0.018623,1.595973,0.090356,16.17432,2.08258,357.3575,0,0,0,0,0,0,0.163082,0.685864,0.20756,42.13058,354.8716,13.69083,0,False,False
64.77919,-0.018578,1.595073,0.090816,16.60907,2.135393,357.4154,0,0,0,0,0,0,0.163029,0.686026,0.207662,42.06995,354.8836,13.72614,0,False,False
64.79036,-0.018509,1.594523,0.091265,16.86709,2.210539,357.4865,0,0,0,0,0,0,0.162973,0.686096,0.208028,42.02245,354.8896,13.72759,0,False,False
64.8014,-0.018437,1.594323,0.091755,16.96979,2.281518,357.5541,0,0,0,0,0,0,0.162956,0.686225,0.208413,41.96073,354.8908,13.7011,0,False,False
64.81259,-0.018342,1.594515,0.092203,16.82618,2.377754,357.6274,0,0,0,0,0,0,0.162894,0.686368,0.208768,41.85806,354.911,13.66144,0,False,False
64.82373,-0.01827,1.594856,0.092614,16.65711,2.454872,357.6822,0,0,0,0,0,0,0.162907,0.686565,0.209328,41.72546,354.9654,13.59511,0,False,False
64.83497,-0.01822,1.595445,0.092832,16.33471,2.542691,357.7846,0,0,0,0,0,0,0.162853,0.686724,0.209703,41.56667,355.0101,13.54753,0,False,False
64.84591,-0.018154,1.596068,0.093019,15.99663,2.616282,357.8792,0,0,0,0,0,0,0.162742,0.686928,0.209985,41.43655,355.0296,13.50919,0,False,False
64.85704,-0.018118,1.597036,0.092973,15.52128,2.657854,357.9775,0,0,0,0,0,0,0.162566,0.687165,0.210083,41.34217,355.0299,13.44851,0,False,False
64.86813,-0.01811,1.598095,0.092786,15.03214,2.685899,358.035,0,0,0,0,0,0,0.162387,0.687294,0.209978,41.29134,355.0036,13.43354,0,False,False
64.8792,-0.018098,1.599049,0.092613,14.57613,2.689982,358.0812,0,0,0,0,0,0,0.162138,0.687352,0.20971,41.28778,354.9651,13.40786,0,False,False
64.89037,-0.018152,1.600052,0.092314,14.10895,2.703978,358.1125,0,0,0,0,0,0,0.16204,0.687274,0.209374,41.33549,354.9347,13.37138,0,False,False
64.90158,-0.01817,1.601005,0.092068,13.6648,2.712984,358.14,0,0,0,0,0,0,0.161896,0.687074,0.208842,41.44334,354.8997,13.29981,0,False,False
64.9128,-0.01819,1.601941,0.091767,13.16981,2.71898,358.1497,0,0,0,0,0,0,0.161672,0.686804,0.208312,41.56021,354.8439,13.21067,0,False,False
64.92392,-0.018253,1.602887,0.091466,12.68468,2.722711,358.1581,0,0,0,0,0,0,0.161503,0.686388,0.207551,41.78314,354.7598,13.10608,0,False,False
64.93499,-0.018324,1.603735,0.091218,12.25885,2.708479,358.1601,0,0,0,0,0,0,0.161346,0.685864,0.206845,42.0419,354.6661,13.04771,0,False,False
64.94577,-0.018346,1.60456,0.090941,11.87688,2.699645,358.1549,0,0,0,0,0,0,0.161295,0.685482,0.206269,42.25351,354.6127,12.99088,0,False,False
64.95692,-0.018404,1.605249,0.090641,11.53666,2.67986,358.1749,0,0,0,0,0,0,0.161387,0.684957,0.205756,42.48939,354.6295,12.94619,0,False,False
64.96809,-0.018431,1.605834,0.090399,11.24572,2.656126,358.1912,0,0,0,0,0,0,0.161684,0.684615,0.205548,42.63972,354.6958,12.94144,0,False,False
64.97909,-0.01843,1.606303,0.090098,10.974,2.623524,358.1788,0,0,0,0,0,0,0.161966,0.684392,0.20545,42.71835,354.7498,12.98814,0,False,False
64.99026,-0.018505,1.606666,0.08998,10.72101,2.584373,358.1496,0,0,0,0,0,0,0.162135,0.684192,0.205533,42.76682,354.7967,13.06077,0,False,False
65.00144,-0.018619,1.606974,0.08978,10.51374,2.526449,358.1086,0,0,0,0,0,0,0.16234,0.684154,0.205442,42.76847,354.8022,13.14153,0,False,False
65.0126,-0.018739,1.607179,0.089773,10.39416,2.464375,358.0719,0,0,0,0,0,0,0.162419,0.683951,0.205507,42.78099,354.8052,13.23337,0,False,False
65.02361,-0.018885,1.607168,0.089758,10.33763,2.39932,358.0436,0,0,0,0,0,0,0.16252,0.684101,0.205792,42.75136,354.7779,13.3625,0,False,False
65.03489,-0.01903,1.607155,0.0898,10.32117,2.331557,358.0075,0,0,0,0,0,0,0.162606,0.684227,0.206178,42.72662,354.7835,13.43937,0,False,False
65.04581,-0.01909,1.606948,0.089982,10.42467,2.273924,357.9857,0,0,0,0,0,0,0.162725,0.684425,0.206564,42.68814,354.7581,13.49207,0,False,False
65.05695,-0.01918,1.606666,0.090092,10.56922,2.211112,357.9766,0,0,0,0,0,0,0.162675,0.684714,0.207052,42.6058,354.6823,13.51088,0,False,False
65.06805,-0.019305,1.606215,0.09034,10.80261,2.161783,357.9748,0,0,0,0,0,0,0.16262,0.685061,0.207682,42.50201,354.5864,13.51573,0,False,False
65.07919,-0.019429,1.605722,0.090572,11.03226,2.130192,357.988,0,0,0,0,0,0,0.162539,0.685422,0.208268,42.38012,354.5183,13.53509,0,False,False
65.0903,-0.0195,1.605199,0.090868,11.28612,2.123596,358.0262,0,0,0,0,0,0,0.162419,0.685691,0.208667,42.26348,354.4763,13.55097,0,False,False
65.1013,-0.019558,1.604731,0.091196,11.48018,2.117065,358.0471,0,0,0,0,0,0,0.162375,0.685968,0.209167,42.16743,354.4681,13.56412,0,False,False
65.11261,-0.01959,1.604383,0.091477,11.61212,2.13543,358.0814,0,0,0,0,0,0,0.162412,0.686276,0.209686,42.07888,354.461,13.58797,0,False,False
65.12356,-0.019615,1.604212,0.091726,11.6501,2.147092,358.1186,0,0,0,0,0,0,0.162471,0.686583,0.210278,42.01134,354.4608,13.55657,0,False,False
65.13471,-0.019632,1.60425,0.09189,11.59907,2.156157,358.1502,0,0,0,0,0,0,0.162534,0.686781,0.210796,41.92488,354.5131,13.53486,0,False,False
65.14584,-0.019616,1.604583,0.09196,11.39892,2.1702,358.1817,0,0,0,0,0,0,0.162624,0.686761,0.211192,41.82642,354.6112,13.51168,0,False,False
65.15685,-0.019624,1.604952,0.092016,11.18604,2.185045,358.2197,0,0,0,0,0,0,0.162608,0.687023,0.211623,41.72404,354.6929,13.50506,0,False,False
65.16803,-0.019623,1.605481,0.091897,10.88673,2.201862,358.2434,0,0,0,0,0,0,0.162671,0.687256,0.212066,41.61446,354.7791,13.47285,0,False,False
65.17923,-0.019644,1.605935,0.091701,10.62213,2.223613,358.2845,0,0,0,0,0,0,0.162686,0.68743,0.212335,41.49922,354.842,13.47772,0,False,False
65.19021,-0.019639,1.606423,0.091413,10.35457,2.227146,358.2867,0,0,0,0,0,0,0.162655,0.687554,0.212503,41.42158,354.8756,13.47048,0,False,False
65.20129,-0.019655,1.606858,0.091081,10.1141,2.227003,358.2923,0,0,0,0,0,0,0.162713,0.687609,0.212579,41.35563,354.9177,13.47262,0,False,False
65.21243,-0.019701,1.607306,0.090709,9.918898,2.216953,358.2777,0,0,0,0,0,0,0.162533,0.687492,0.212324,41.35185,354.8917,13.45344,0,False,False
65.22349,-0.01968,1.60773,0.090305,9.723166,2.218653,358.2546,0,0,0,0,0,0,0.162418,0.687416,0.211992,41.41475,354.8682,13.41096,0,False,False
65.23477,-0.019673,1.608078,0.089962,9.549943,2.198614,358.2376,0,0,0,0,0,0,0.162355,0.687251,0.211635,41.5588,354.8046,13.32704,0,False,False
65.24586,-0.01969,1.608342,0.089584,9.414675,2.188274,358.2302,0,0,0,0,0,0,0.162158,0.686865,0.211128,41.75319,354.7102,13.27804,0,False,False
65.25685,-0.019678,1.608522,0.089208,9.313466,2.162516,358.2058,0,0,0,0,0,0,0.162057,0.686545,0.21068,41.9477,354.6275,13.2554,0,False,False
65.26794,-0.01967,1.608657,0.088865,9.238722,2.146327,358.2123,0,0,0,0,0,0,0.161977,0.686042,0.210175,42.18027,354.5443,13.23953,0,False,False
65.27898,-0.01964,1.608737,0.08854,9.185199,2.11807,358.1832,0,0,0,0,0,0,0.161996,0.685569,0.209836,42.35101,354.5224,13.1659,0,False,False
65.29023,-0.019661,1.608757,0.088283,9.187872,2.087703,358.1693,0,0,0,0,0,0,0.162099,0.685269,0.209718,42.4631,354.5622,13.0331,0,False,False
65.30142,-0.01966,1.608743,0.088152,9.168436,2.061174,358.1483,0,0,0,0,0,0,0.162297,0.6851,0.209802,42.50476,354.6422,12.96524,0,False,False
65.31242,-0.019656,1.608802,0.088041,9.104301,2.051233,358.1427,0,0,0,0,0,0,0.162412,0.684895,0.209832,42.53055,354.697,12.98438,0,False,False
65.32349,-0.019647,1.608986,0.088012,8.964546,2.058482,358.1371,0,0,0,0,0,0,0.162692,0.684921,0.210243,42.48323,354.7478,13.11876,0,False,False
65.33466,-0.019606,1.609241,0.087956,8.776634,2.058396,358.1264,0,0,0,0,0,0,0.162921,0.684875,0.210587,42.41971,354.7837,13.31403,0,False,False
65.34583,-0.019566,1.609591,0.087895,8.56838,2.073853,358.1141,0,0,0,0,0,0,0.162997,0.684979,0.210994,42.35181,354.8025,13.49496,0,False,False
65.3568,-0.019481,1.609938,0.087786,8.362988,2.091214,358.0984,0,0,0,0,0,0,0.163149,0.685104,0.211367,42.2946,354.8268,13.60032,0,False,False
65.36796,-0.019466,1.610278,0.087646,8.142897,2.127679,358.1064,0,0,0,0,0,0,0.163159,0.685352,0.211856,42.20133,354.8427,13.62538,0,False,False
65.37907,-0.01939,1.610516,0.0875,7.952671,2.148401,358.1125,0,0,0,0,0,0,0.163213,0.685726,0.21235,42.06662,354.8465,13.60204,0,False,False
65.39023,-0.019413,1.610766,0.087356,7.806502,2.176172,358.1079,0,0,0,0,0,0,0.163206,0.686046,0.21285,41.94513,354.834,13.56401,0,False,False
65.40123,-0.019376,1.610991,0.087174,7.705013,2.191542,358.1302,0,0,0,0,0,0,0.163037,0.686313,0.213311,41.80479,354.7938,13.49209,0,False,False
65.41244,-0.019367,1.611152,0.086924,7.608726,2.202577,358.1403,0,0,0,0,0,0,0.163014,0.686676,0.213817,41.70914,354.7328,13.48559,0,False,False
65.42351,-0.019319,1.611266,0.086717,7.548488,2.210736,358.1602,0,0,0,0,0,0,0.162949,0.686691,0.214133,41.68589,354.6815,13.51304,0,False,False
65.43463,-0.0193,1.611349,0.086519,7.496847,2.221281,358.1683,0,0,0,0,0,0,0.162874,0.686712,0.214387,41.66684,354.6549,13.50247,0,False,False
65.44558,-0.019239,1.611395,0.086271,7.474254,2.211968,358.1662,0,0,0,0,0,0,0.162857,0.686673,0.214574,41.7019,354.6359,13.46555,0,False,False
65.45689,-0.019218,1.611432,0.086101,7.45174,2.210689,358.1617,0,0,0,0,0,0,0.16289,0.686671,0.214775,41.74476,354.631,13.46582,0,False,False
65.46793,-0.019214,1.611505,0.086007,7.407047,2.203352,358.1451,0,0,0,0,0,0,0.162879,0.68658,0.21488,41.76707,354.6203,13.486,0,False,False
65.47903,-0.01916,1.611619,0.085875,7.328089,2.181985,358.1271,0,0,0,0,0,0,0.162905,0.686422,0.215,41.80542,354.5868,13.50871,0,False,False
65.49007,-0.019153,1.611705,0.085806,7.234263,2.177487,358.0949,0,0,0,0,0,0,0.162823,0.68632,0.214937,41.85853,354.5811,13.54705,0,False,False
65.50128,-0.019065,1.611822,0.085731,7.151004,2.15661,358.0567,0,0,0,0,0,0,0.16276,0.686192,0.215017,41.92497,354.5967,13.54776,0,False,False
65.51239,-0.019006,1.611956,0.085632,7.080656,2.147371,358.027,0,0,0,0,0,0,0.162744,0.686108,0.215091,41.96463,354.613,13.54191,0,False,False
65.52333,-0.018906,1.612078,0.085605,6.988434,2.150491,357.9988,0,0,0,0,0,0,0.162665,0.685999,0.21514,41.98123,354.6312,13.52172,0,False,False
65.53468,-0.018838,1.612216,0.085526,6.891203,2.160204,357.9805,0,0,0,0,0,0,0.162629,0.685983,0.21527,41.9768,354.6567,13.54099,0,False,False
65.54556,-0.018757,1.612392,0.085492,6.792997,2.171692,357.9449,0,0,0,0,0,0,0.162482,0.686006,0.215352,41.94497,354.6649,13.55879,0,False,False
65.55669,-0.018663,1.612575,0.085405,6.701965,2.187954,357.9227,0,0,0,0,0,0,0.162335,0.686043,0.215461,41.90235,354.6268,13.53041,0,False,False
65.56801,-0.018585,1.612693,0.085294,6.606754,2.211032,357.8826,0,0,0,0,0,0,0.162227,0.686021,0.215471,41.8784,354.6003,13.50024,0,False,False
65.57928,-0.018448,1.612742,0.08523,6.526613,2.240087,357.8557,0,0,0,0,0,0,0.162109,0.685988,0.215516,41.87112,354.5595,13.4535,0,False,False
65.59003,-0.018331,1.612821,0.085124,6.469093,2.253927,357.8287,0,0,0,0,0,0,0.161923,0.685957,0.215578,41.88175,354.5314,13.42927,0,False,False
65.60123,-0.018286,1.612853,0.085005,6.443593,2.296566,357.8133,0,0,0,0,0,0,0.161857,0.685938,0.215666,41.89672,354.4875,13.38103,0,False,False
65.61228,-0.01815,1.612833,0.084996,6.408264,2.328773,357.8134,0,0,0,0,0,0,0.161634,0.685822,0.215602,41.90881,354.4407,13.34003,0,False,False
65.6235,-0.018055,1.612841,0.084896,6.412841,2.385593,357.8123,0,0,0,0,0,0,0.16165,0.685826,0.215656,41.92377,354.3935,13.31585,0,False,False
65.63445,-0.017925,1.612853,0.084902,6.397049,2.422421,357.8109,0,0,0,0,0,0,0.161562,0.68578,0.215687,41.92945,354.3397,13.31649,0,False,False
65.64554,-0.017781,1.612924,0.084924,6.36191,2.473642,357.8058,0,0,0,0,0,0,0.161569,0.685799,0.215813,41.94214,354.3241,13.3296,0,False,False
65.65662,-0.017643,1.612953,0.084946,6.332561,2.512129,357.7853,0,0,0,0,0,0,0.161521,0.685829,0.21589,41.94534,354.3047,13.31948,0,False,False
65.66792,-0.017529,1.612998,0.084956,6.315391,2.558941,357.77,0,0,0,0,0,0,0.161603,0.685737,0.216046,41.96353,354.3238,13.32507,0,False,False
65.67891,-0.017394,1.613014,0.084988,6.286111,2.594202,357.7585,0,0,0,0,0,0,0.161681,0.685763,0.21616,41.97155,354.3574,13.33929,0,False,False
65.69007,-0.01728,1.61306,0.08501,6.278234,2.630112,357.7608,0,0,0,0,0,0,0.161817,0.685752,0.216276,41.97556,354.3855,13.35257,0,False,False
65.70228,-0.017186,1.613106,0.085018,6.255437,2.66253,357.7544,0,0,0,0,0,0,0.161892,0.685914,0.21637,41.94315,354.4147,13.36446,0,False,False
65.71233,-0.017084,1.613189,0.085037,6.213443,2.689358,357.7516,0,0,0,0,0,0,0.161926,0.685986,0.216446,41.91542,354.425,13.36809,0,False,False
65.72333,-0.01699,1.613305,0.084984,6.137584,2.719198,357.7322,0,0,0,0,0,0,0.162046,0.686059,0.21656,41.87838,354.4449,13.35462,0,False,False
65.73455,-0.016915,1.613467,0.0849,6.068975,2.738838,357.7008,0,0,0,0,0,0,0.162124,0.686099,0.216643,41.8486,354.4656,13.35031,0,False,False
65.74554,-0.016841,1.613624,0.08487,5.999425,2.752654,357.6674,0,0,0,0,0,0,0.162176,0.686125,0.216759,41.82686,354.4721,13.34495,0,False,False
65.75657,-0.016775,1.613725,0.08484,5.931249,2.769888,357.6341,0,0,0,0,0,0,0.162271,0.686171,0.216804,41.81454,354.4913,13.3162,0,False,False
65.76774,-0.016706,1.613766,0.084825,5.895526,2.784585,357.6099,0,0,0,0,0,0,0.162468,0.68616,0.216865,41.82679,354.5026,13.30708,0,False,False
65.77888,-0.016546,1.613825,0.084934,5.856573,2.802815,357.5886,0,0,0,0,0,0,0.16252,0.686115,0.216849,41.84959,354.4895,13.29604,0,False,False
65.78995,-0.016504,1.613817,0.084912,5.845554,2.813287,357.5482,0,0,0,0,0,0,0.162631,0.686116,0.216887,41.85994,354.4851,13.29799,0,False,False
65.80116,-0.016388,1.613787,0.085025,5.841887,2.821215,357.5166,0,0,0,0,0,0,0.162601,0.686101,0.216665,41.88924,354.4615,13.30237,0,False,False
65.81219,-0.0164,1.613725,0.085031,5.877092,2.85013,357.4847,0,0,0,0,0,0,0.162617,0.686009,0.216565,41.92765,354.4582,13.28798,0,False,False
65.8233,-0.016365,1.61363,0.085112,5.930304,2.866222,357.4565,0,0,0,0,0,0,0.162598,0.685865,0.216322,41.98291,354.4438,13.281,0,False,False
65.83438,-0.016315,1.613554,0.085164,5.969761,2.883851,357.4398,0,0,0,0,0,0,0.162668,0.685788,0.21634,42.03719,354.4445,13.29275,0,False,False
65.84547,-0.016243,1.613504,0.085254,6.004402,2.910132,357.4384,0,0,0,0,0,0,0.162677,0.685673,0.216208,42.08507,354.4313,13.30238,0,False,False
65.85658,-0.016257,1.613482,0.085289,5.990547,2.940739,357.4224,0,0,0,0,0,0,0.16269,0.685596,0.216064,42.12505,354.4099,13.29256,0,False,False
65.86771,-0.01619,1.61348,0.085325,5.974677,2.970348,357.3946,0,0,0,0,0,0,0.162723,0.685638,0.216039,42.15103,354.3877,13.27081,0,False,False
65.87872,-0.016106,1.613505,0.08535,5.947238,3.000025,357.3694,0,0,0,0,0,0,0.162602,0.68556,0.215801,42.1484,354.3869,13.25737,0,False,False
65.8901,-0.016064,1.613583,0.085403,5.920108,3.026439,357.3487,0,0,0,0,0,0,0.162657,0.685564,0.215783,42.14599,354.4018,13.25579,0,False,False
65.90109,-0.015996,1.613626,0.085397,5.886353,3.045143,357.33,0,0,0,0,0,0,0.162684,0.685635,0.215793,42.11921,354.434,13.26979,0,False,False
65.91216,-0.01597,1.613698,0.08543,5.841007,3.06773,357.3277,0,0,0,0,0,0,0.162782,0.685667,0.215869,42.11036,354.4677,13.26316,0,False,False
65.92331,-0.015965,1.613745,0.08542,5.795175,3.084786,357.3299,0,0,0,0,0,0,0.162771,0.685739,0.215891,42.09714,354.4891,13.25301,0,False,False
65.9343,-0.015944,1.613775,0.085412,5.764678,3.089329,357.3402,0,0,0,0,0,0,0.162789,0.685819,0.215969,42.08546,354.4954,13.24067,0,False,False
65.94559,-0.015942,1.613822,0.085397,5.738744,3.096429,357.3463,0,0,0,0,0,0,0.162788,0.68584,0.215999,42.08532,354.4853,13.23541,0,False,False
65.95651,-0.015933,1.613862,0.085414,5.714887,3.102737,357.3475,0,0,0,0,0,0,0.162802,0.685849,0.216045,42.08798,354.4654,13.23254,0,False,False
65.96763,-0.015922,1.613871,0.085422,5.705761,3.102801,357.3624,0,0,0,0,0,0,0.16283,0.685827,0.215992,42.1114,354.4327,13.21509,0,False,False
65.9788,-0.015937,1.613852,0.085437,5.691641,3.087499,357.3564,0,0,0,0,0,0,0.162785,0.685841,0.216051,42.13846,354.3827,13.18662,0,False,False
65.98981,-0.015985,1.6138,0.08541,5.694806,3.079247,357.3635,0,0,0,0,0,0,0.16279,0.685768,0.216124,42.17262,354.3323,13.16336,0,False,False
66.00102,-0.016002,1.613804,0.085417,5.68512,3.071819,357.3642,0,0,0,0,0,0,0.162841,0.685703,0.216135,42.1989,354.3175,13.16133,0,False,False
66.01221,-0.016058,1.613815,0.085376,5.654366,3.05905,357.3667,0,0,0,0,0,0,0.162843,0.685683,0.216172,42.21782,354.2864,13.15489,0,False,False
66.02316,-0.016081,1.61385,0.085395,5.629604,3.04638,357.3696,0,0,0,0,0,0,0.162848,0.6856,0.216304,42.2138,354.299,13.17933,0,False,False
66.03435,-0.016095,1.613891,0.085376,5.595245,3.039492,357.3649,0,0,0,0,0,0,0.162861,0.685703,0.216294,42.20179,354.2956,13.19838,0,False,False
66.04539,-0.016068,1.61392,0.085423,5.562401,3.004902,357.3525,0,0,0,0,0,0,0.162923,0.685759,0.216471,42.17105,354.3142,13.22045,0,False,False
66.05649,-0.016043,1.613972,0.085393,5.532462,2.996765,357.3518,0,0,0,0,0,0,0.163027,0.685791,0.216722,42.15108,354.3371,13.25292,0,False,False
66.06757,-0.016046,1.613971,0.085398,5.492066,2.985814,357.3487,0,0,0,0,0,0,0.163023,0.685884,0.216882,42.1217,354.3385,13.25234,0,False,False
66.07867,-0.016051,1.613979,0.08537,5.46793,2.973387,357.3394,0,0,0,0,0,0,0.163068,0.685997,0.217072,42.10205,354.3387,13.23617,0,False,False
66.08979,-0.016119,1.613967,0.085273,5.445327,2.967005,357.3359,0,0,0,0,0,0,0.163073,0.686027,0.217221,42.08947,354.3321,13.26206,0,False,False
66.10094,-0.016127,1.613964,0.085272,5.43898,2.958466,357.3287,0,0,0,0,0,0,0.163062,0.686066,0.217336,42.09277,354.3056,13.26084,0,False,False
66.11217,-0.016054,1.613937,0.08524,5.436548,2.944882,357.3331,0,0,0,0,0,0,0.163148,0.686081,0.217406,42.09839,354.2774,13.26383,0,False,False
66.12341,-0.016069,1.613904,0.085223,5.427902,2.940009,357.3264,0,0,0,0,0,0,0.163156,0.686108,0.217493,42.11864,354.2362,13.26797,0,False,False
66.13431,-0.016016,1.61396,0.085267,5.41522,2.932156,357.3173,0,0,0,0,0,0,0.1631,0.686139,0.217597,42.13345,354.2028,13.28511,0,False,False
66.1453,-0.016023,1.613977,0.085234,5.387478,2.942427,357.3112,0,0,0,0,0,0,0.162987,0.686143,0.21753,42.14988,354.1687,13.27797,0,False,False
66.1565,-0.015966,1.614002,0.085177,5.368162,2.944325,357.3096,0,0,0,0,0,0,0.162958,0.686088,0.217674,42.15082,354.1416,13.27531,0,False,False
66.1675,-0.0159,1.614015,0.085137,5.34933,2.950208,357.2877,0,0,0,0,0,0,0.162989,0.686036,0.217721,42.15445,354.1188,13.26217,0,False,False
66.17865,-0.015864,1.614046,0.085105,5.322978,2.955274,357.2933,0,0,0,0,0,0,0.163066,0.686093,0.217875,42.15678,354.1375,13.27733,0,False,False
66.1898,-0.015821,1.614086,0.085106,5.298727,2.968466,357.2818,0,0,0,0,0,0,0.16306,0.686038,0.217976,42.15014,354.1575,13.29365,0,False,False
66.20099,-0.015795,1.614101,0.085046,5.259722,2.973842,357.294,0,0,0,0,0,0,0.163027,0.686079,0.218005,42.1405,354.1624,13.2997,0,False,False
66.21196,-0.015782,1.614128,0.085053,5.237378,2.983139,357.2986,0,0,0,0,0,0,0.163014,0.685969,0.218118,42.1362,354.1633,13.30038,0,False,False
66.22318,-0.015705,1.614173,0.08506,5.19541,2.984323,357.2978,0,0,0,0,0,0,0.163081,0.685986,0.218268,42.13255,354.1715,13.31375,0,False,False
66.23411,-0.015666,1.614263,0.085062,5.157979,2.991652,357.3028,0,0,0,0,0,0,0.163098,0.685997,0.218383,42.13512,354.1442,13.29393,0,False,False
66.24529,-0.015615,1.614359,0.085117,5.096616,2.991351,357.2943,0,0,0,0,0,0,0.163182,0.686008,0.218579,42.13396,354.1384,13.31355,0,False,False
66.25655,-0.015592,1.614426,0.085134,5.040591,2.986929,357.2815,0,0,0,0,0,0,0.163225,0.686007,0.218713,42.13066,354.124,13.31649,0,False,False
66.26768,-0.015603,1.614446,0.085199,4.989329,2.976589,357.2649,0,0,0,0,0,0,0.16319,0.686029,0.218896,42.1277,354.1549,13.36316,0,False,False
66.27859,-0.015594,1.614514,0.085232,4.955247,2.963886,357.2444,0,0,0,0,0,0,0.163196,0.686054,0.219016,42.13713,354.1476,13.36694,0,False,False
66.28975,-0.015599,1.614535,0.085216,4.930439,2.960747,357.2246,0,0,0,0,0,0,0.163246,0.686091,0.219203,42.1499,354.1578,13.39506,0,False,False
66.30095,-0.015532,1.614581,0.085285,4.906219,2.956345,357.201,0,0,0,0,0,0,0.163271,0.686086,0.219307,42.16835,354.163,13.42281,0,False,False
66.31197,-0.015481,1.614595,0.085326,4.895002,2.943004,357.1784,0,0,0,0,0,0,0.163271,0.686092,0.219327,42.19769,354.1818,13.43676,0,False,False
66.32305,-0.015385,1.61464,0.085369,4.883186,2.942352,357.1628,0,0,0,0,0,0,0.163337,0.686102,0.219424,42.22135,354.1675,13.42839,0,False,False
66.33418,-0.015281,1.614645,0.085459,4.870509,2.948535,357.1588,0,0,0,0,0,0,0.163433,0.686047,0.219584,42.235,354.146,13.41803,0,False,False
66.3453,-0.015253,1.61464,0.085444,4.83776,2.952014,357.1488,0,0,0,0,0,0,0.163482,0.686115,0.219774,42.24333,354.1199,13.42791,0,False,False
66.3566,-0.015217,1.614688,0.085504,4.820378,2.962623,357.1497,0,0,0,0,0,0,0.163553,0.686181,0.220005,42.24227,354.0956,13.44056,0,False,False
66.36751,-0.015191,1.614768,0.085557,4.777275,2.97763,357.1353,0,0,0,0,0,0,0.163543,0.686225,0.220215,42.23719,354.0759,13.43328,0,False,False
66.37856,-0.01513,1.614821,0.085683,4.728673,2.986859,357.1266,0,0,0,0,0,0,0.163539,0.686228,0.220344,42.23395,354.0737,13.44632,0,False,False
66.3897,-0.015074,1.614928,0.08579,4.682978,3.002548,357.1188,0,0,0,0,0,0,0.163517,0.68619,0.220461,42.23118,354.0971,13.45938,0,False,False
66.40101,-0.01498,1.615018,0.085874,4.650838,3.02181,357.1286,0,0,0,0,0,0,0.163612,0.686255,0.220639,42.22318,354.1012,13.44979,0,False,False
66.41189,-0.014895,1.615059,0.085947,4.627861,3.030617,357.1151,0,0,0,0,0,0,0.163626,0.686225,0.220754,42.22648,354.1285,13.45728,0,False,False
66.4231,-0.014855,1.615049,0.086037,4.603386,3.039017,357.1216,0,0,0,0,0,0,0.163769,0.686252,0.220965,42.22139,354.1414,13.45856,0,False,False
66.43415,-0.014768,1.615043,0.086111,4.604859,3.041974,357.1137,0,0,0,0,0,0,0.163984,0.68623,0.22129,42.24128,354.1282,13.43222,0,False,False
66.44521,-0.014682,1.615022,0.086266,4.603627,3.048993,357.1082,0,0,0,0,0,0,0.16396,0.686227,0.221237,42.23688,354.1146,13.43764,0,False,False
66.45634,-0.014592,1.615055,0.086401,4.60602,3.044975,357.1042,0,0,0,0,0,0,0.164041,0.68618,0.221357,42.24696,354.0648,13.42866,0,False,False
66.46748,-0.014503,1.615078,0.086566,4.596037,3.043967,357.0984,0,0,0,0,0,0,0.163999,0.686143,0.221442,42.26313,354.0509,13.42849,0,False,False
66.47857,-0.014428,1.615105,0.086774,4.588491,3.042912,357.0841,0,0,0,0,0,0,0.163938,0.686042,0.22163,42.27949,354.0297,13.41452,0,False,False
66.48964,-0.014338,1.615138,0.086942,4.570497,3.034637,357.0628,0,0,0,0,0,0,0.163896,0.685997,0.221718,42.28213,354.0215,13.40741,0,False,False
66.50098,-0.014238,1.615162,0.087125,4.563794,3.028391,357.0339,0,0,0,0,0,0,0.163895,0.685933,0.221859,42.28549,354.0266,13.41745,0,False,False
66.51188,-0.014176,1.615219,0.087428,4.566616,3.039211,357.0188,0,0,0,0,0,0,0.163911,0.685989,0.222113,42.27895,354.021,13.4177,0,False,False
66.52312,-0.014081,1.61525,0.087658,4.577596,3.038739,356.9919,0,0,0,0,0,0,0.163882,0.686069,0.222185,42.25998,354.0286,13.39863,0,False,False
66.53405,-0.013962,1.615234,0.087884,4.591931,3.040117,356.9796,0,0,0,0,0,0,0.163833,0.68607,0.22243,42.27087,354.0302,13.36543,0,False,False
66.5452,-0.013865,1.615234,0.088116,4.626304,3.061418,356.9689,0,0,0,0,0,0,0.163807,0.686047,0.222671,42.26811,354.0346,13.35169,0,False,False
66.55633,-0.013798,1.615184,0.088276,4.624712,3.065897,356.9832,0,0,0,0,0,0,0.163657,0.685991,0.222709,42.26544,354.0212,13.33923,0,False,False
66.56738,-0.013703,1.615214,0.08842,4.617661,3.077684,356.9713,0,0,0,0,0,0,0.163455,0.68594,0.222709,42.27469,354.0012,13.32674,0,False,False
66.57851,-0.013605,1.615214,0.088576,4.603764,3.088637,356.9634,0,0,0,0,0,0,0.163336,0.685856,0.222824,42.28214,353.9779,13.30072,0,False,False
66.58961,-0.013524,1.615223,0.088703,4.569517,3.090119,356.9581,0,0,0,0,0,0,0.163239,0.685735,0.222895,42.28787,353.9522,13.27523,0,False,False
66.60076,-0.013404,1.615225,0.08889,4.556402,3.10361,356.9418,0,0,0,0,0,0,0.163095,0.685632,0.222929,42.29148,353.9427,13.26354,0,False,False
66.61184,-0.013329,1.615219,0.089024,4.545811,3.113792,356.9382,0,0,0,0,0,0,0.163065,0.68558,0.223026,42.27161,353.9668,13.26406,0,False,False
66.62299,-0.013225,1.615186,0.089197,4.539946,3.119497,356.9312,0,0,0,0,0,0,0.163025,0.685454,0.223059,42.26823,353.9737,13.2398,0,False,False
66.63396,-0.013148,1.61517,0.089353,4.553919,3.105996,356.9305,0,0,0,0,0,0,0.162987,0.685389,0.223151,42.26911,353.9878,13.22492,0,False,False
66.64512,-0.013078,1.615123,0.089523,4.582334,3.101627,356.939,0,0,0,0,0,0,0.162874,0.685266,0.223219,42.27665,354.0041,13.22993,0,False,False
66.65624,-0.013047,1.61507,0.089673,4.612765,3.094281,356.9447,0,0,0,0,0,0,0.162927,0.685189,0.223374,42.29267,354.0287,13.24287,0,False,False
66.66742,-0.01299,1.615017,0.089828,4.654315,3.088305,356.9433,0,0,0,0,0,0,0.162917,0.685018,0.223378,42.32578,354.0326,13.23673,0,False,False
66.67843,-0.012922,1.614994,0.089995,4.676204,3.075647,356.9525,0,0,0,0,0,0,0.162847,0.684919,0.22338,42.35698,354.0263,13.21512,0,False,False
66.68967,-0.012864,1.614972,0.090143,4.67554,3.066307,356.9465,0,0,0,0,0,0,0.162769,0.684821,0.223445,42.3791,353.9822,13.1747,0,False,False
66.70077,-0.012791,1.614983,0.090306,4.664123,3.048744,356.9341,0,0,0,0,0,0,0.162788,0.684781,0.223488,42.39831,353.9657,13.15141,0,False,False
66.71185,-0.012723,1.615,0.090463,4.661661,3.046191,356.9263,0,0,0,0,0,0,0.162702,0.684677,0.223465,42.40991,353.9339,13.10952,0,False,False
66.72292,-0.012653,1.615004,0.090605,4.666237,3.033683,356.9113,0,0,0,0,0,0,0.162676,0.684688,0.223488,42.40345,353.9324,13.08028,0,False,False
66.73406,-0.012583,1.615023,0.090763,4.66819,3.022952,356.9071,0,0,0,0,0,0,0.162696,0.684639,0.223518,42.38616,353.9411,13.05867,0,False,False
66.74516,-0.012525,1.61502,0.090866,4.682436,3.013685,356.9127,0,0,0,0,0,0,0.162711,0.684573,0.223549,42.38121,353.9607,13.03661,0,False,False
66.7562,-0.012489,1.615038,0.090994,4.702216,2.999885,356.917,0,0,0,0,0,0,0.162811,0.684703,0.223587,42.37795,353.9751,13.01425,0,False,False
66.76728,-0.012414,1.614977,0.091114,4.716451,2.988408,356.924,0,0,0,0,0,0,0.162858,0.684676,0.22348,42.36977,354.0078,13.02674,0,False,False
66.7784,-0.012361,1.614941,0.091215,4.744883,2.978629,356.9296,0,0,0,0,0,0,0.162901,0.684593,0.223471,42.38314,354.04,13.0278,0,False,False
66.78954,-0.012317,1.614896,0.091346,4.773231,2.968323,356.9303,0,0,0,0,0,0,0.162937,0.68452,0.223389,42.40351,354.0586,13.02174,0,False,False
66.8017,-0.012246,1.614852,0.091457,4.800699,2.952166,356.9354,0,0,0,0,0,0,0.162953,0.684372,0.223403,42.43898,354.0558,13.01602,0,False,False
66.81202,-0.012188,1.614798,0.091505,4.809794,2.931782,356.9288,0,0,0,0,0,0,0.163019,0.684275,0.223383,42.46122,354.0444,13.00804,0,False,False
66.82285,-0.012167,1.614776,0.091609,4.827385,2.918332,356.9262,0,0,0,0,0,0,0.163057,0.684215,0.223403,42.47848,354.0328,13.00208,0,False,False
66.83412,-0.012095,1.614741,0.091704,4.847129,2.903341,356.9323,0,0,0,0,0,0,0.163287,0.68421,0.223443,42.48405,354.0201,13.00697,0,False,False
66.84504,-0.012063,1.614716,0.091797,4.869669,2.896469,356.9472,0,0,0,0,0,0,0.163335,0.684208,0.223467,42.47666,354.0119,13.02176,0,False,False
66.85622,-0.012039,1.614668,0.091886,4.887918,2.878768,356.9568,0,0,0,0,0,0,0.163465,0.684218,0.223579,42.47533,354.026,13.02872,0,False,False
66.86721,-0.012032,1.614629,0.092005,4.898143,2.871094,356.9683,0,0,0,0,0,0,0.163543,0.684096,0.223706,42.47779,354.0395,13.01372,0,False,False
66.87837,-0.01201,1.614606,0.092101,4.918069,2.859363,356.9743,0,0,0,0,0,0,0.163625,0.684111,0.223779,42.4795,354.0746,12.99041,0,False,False
66.88951,-0.011991,1.614591,0.092183,4.913692,2.852088,356.991,0,0,0,0,0,0,0.163798,0.684114,0.223837,42.46721,354.1099,12.99346,0,False,False
66.9006,-0.011922,1.614564,0.092251,4.911046,2.834632,357.0019,0,0,0,0,0,0,0.163898,0.684108,0.22403,42.45324,354.1227,13.03724,0,False,False
66.91171,-0.011918,1.614537,0.092346,4.904357,2.82468,357.0087,0,0,0,0,0,0,0.164134,0.684135,0.224047,42.43103,354.1009,13.05612,0,False,False
66.92286,-0.011923,1.614507,0.092439,4.91969,2.82042,357.0262,0,0,0,0,0,0,0.16422,0.684034,0.224146,42.41611,354.0835,13.06278,0,False,False
66.93395,-0.011923,1.614491,0.092514,4.917402,2.812113,357.0557,0,0,0,0,0,0,0.164267,0.683991,0.224212,42.42083,354.0558,13.05899,0,False,False
66.94504,-0.011909,1.614503,0.09259,4.915493,2.809023,357.0731,0,0,0,0,0,0,0.164361,0.684021,0.224233,42.42483,354.033,13.05697,0,False,False
66.95617,-0.011898,1.614523,0.092653,4.914488,2.799284,357.1034,0,0,0,0,0,0,0.164445,0.68396,0.224284,42.43938,354.02,13.04122,0,False,False
66.96732,-0.01191,1.614501,0.092753,4.90688,2.789842,357.1103,0,0,0,0,0,0,0.164418,0.683978,0.224237,42.44784,354.0307,13.03431,0,False,False
66.97842,-0.011963,1.614457,0.092765,4.88909,2.791509,357.1157,0,0,0,0,0,0,0.164511,0.683955,0.224202,42.45153,354.0605,13.06039,0,False,False
66.98965,-0.01198,1.61444,0.092829,4.904186,2.7809,357.1209,0,0,0,0,0,0,0.164625,0.683898,0.224215,42.44729,354.0928,13.10194,0,False,False
67.00066,-0.012003,1.61438,0.092914,4.919593,2.768231,357.1145,0,0,0,0,0,0,0.164685,0.683858,0.224166,42.46099,354.1156,13.12373,0,False,False
67.01165,-0.01202,1.614344,0.092934,4.93846,2.751719,357.1137,0,0,0,0,0,0,0.164701,0.683796,0.22416,42.48641,354.1231,13.12486,0,False,False
67.02274,-0.012063,1.614346,0.092977,4.967049,2.741582,357.1204,0,0,0,0,0,0,0.16472,0.683875,0.224116,42.5129,354.1099,13.12487,0,False,False
67.03392,-0.012074,1.614315,0.093011,4.972867,2.730416,357.1379,0,0,0,0,0,0,0.164725,0.683874,0.224129,42.52681,354.0893,13.13717,0,False,False
67.04509,-0.01208,1.61428,0.093046,4.980162,2.717996,357.1577,0,0,0,0,0,0,0.164798,0.684035,0.224171,42.53662,354.0503,13.1324,0,False,False
67.05614,-0.012083,1.614263,0.093111,4.988476,2.707046,357.1771,0,0,0,0,0,0,0.164763,0.684026,0.224268,42.53684,354.0276,13.13716,0,False,False
67.06721,-0.012083,1.614249,0.093122,4.992156,2.70699,357.1935,0,0,0,0,0,0,0.164707,0.684078,0.22434,42.52229,353.9688,13.1098,0,False,False
67.07827,-0.012048,1.614293,0.093172,4.989629,2.708899,357.2115,0,0,0,0,0,0,0.164701,0.684094,0.224374,42.50635,353.947,13.10132,0,False,False
67.08941,-0.01205,1.614325,0.09319,4.983037,2.713765,357.2213,0,0,0,0,0,0,0.1648,0.684126,0.22451,42.49654,353.947,13.1018,0,False,False
67.10054,-0.012066,1.614342,0.093211,4.982672,2.718104,357.2411,0,0,0,0,0,0,0.164787,0.684065,0.224576,42.488,353.9567,13.10951,0,False,False
67.11158,-0.012098,1.614383,0.093272,4.965181,2.719203,357.2607,0,0,0,0,0,0,0.164918,0.684085,0.224685,42.47567,353.9887,13.12624,0,False,False
67.1228,-0.0121,1.614409,0.093278,4.957384,2.70581,357.2638,0,0,0,0,0,0,0.164994,0.684147,0.224744,42.47001,354.0357,13.15176,0,False,False
67.13384,-0.01212,1.61441,0.093276,4.941568,2.699595,357.2767,0,0,0,0,0,0,0.165075,0.684147,0.224754,42.45768,354.0604,13.17259,0,False,False
67.14496,-0.012115,1.614418,0.093263,4.935817,2.695551,357.2872,0,0,0,0,0,0,0.165167,0.684191,0.224755,42.45991,354.0751,13.1882,0,False,False
67.15617,-0.012095,1.614424,0.093266,4.945691,2.67595,357.2892,0,0,0,0,0,0,0.165252,0.684226,0.224784,42.46202,354.0692,13.1998,0,False,False
67.16716,-0.012094,1.614376,0.093256,4.936722,2.680825,357.2983,0,0,0,0,0,0,0.165282,0.684204,0.224736,42.46444,354.0409,13.19732,0,False,False
67.17821,-0.012074,1.614393,0.093256,4.941577,2.66626,357.316,0,0,0,0,0,0,0.165335,0.684219,0.224821,42.47788,354.0129,13.18975,0,False,False
67.18944,-0.012068,1.614347,0.093308,4.944579,2.653674,357.3123,0,0,0,0,0,0,0.165323,0.684258,0.224833,42.4864,353.9709,13.16256,0,False,False
67.20058,-0.012037,1.614365,0.09331,4.949266,2.631114,357.3174,0,0,0,0,0,0,0.165341,0.684139,0.22485,42.49112,353.9579,13.15732,0,False,False
67.21156,-0.01202,1.614354,0.093325,4.938402,2.616747,357.3075,0,0,0,0,0,0,0.165385,0.684088,0.224839,42.48753,353.9589,13.18091,0,False,False
67.22277,-0.01204,1.614328,0.093301,4.936025,2.615451,357.2901,0,0,0,0,0,0,0.165475,0.684068,0.224853,42.48225,353.9658,13.18573,0,False,False
67.23382,-0.012058,1.614313,0.093263,4.930369,2.602055,357.273,0,0,0,0,0,0,0.165492,0.684094,0.224942,42.48395,353.9804,13.18949,0,False,False
67.24489,-0.012042,1.614326,0.093291,4.936882,2.604021,357.2592,0,0,0,0,0,0,0.165539,0.68412,0.224955,42.48742,354.006,13.22025,0,False,False
67.25607,-0.012012,1.61432,0.093298,4.930573,2.601536,357.253,0,0,0,0,0,0,0.165643,0.684094,0.22502,42.49773,354.0383,13.26638,0,False,False
67.26707,-0.01201,1.614381,0.093334,4.926432,2.602665,357.2657,0,0,0,0,0,0,0.165706,0.68417,0.22508,42.51423,354.063,13.29067,0,False,False
67.27822,-0.012016,1.614405,0.093313,4.92725,2.600655,357.2863,0,0,0,0,0,0,0.165725,0.684148,0.225063,42.53607,354.0487,13.28568,0,False,False
67.28941,-0.011998,1.61441,0.093321,4.927639,2.595156,357.2923,0,0,0,0,0,0,0.165749,0.684046,0.225032,42.54359,354.0333,13.2703,0,False,False
67.30043,-0.012036,1.61441,0.093344,4.926962,2.597756,357.2937,0,0,0,0,0,0,0.165736,0.68404,0.225031,42.54576,354.0093,13.27182,0,False,False
67.31166,-0.012011,1.614408,0.093335,4.938503,2.585297,357.2894,0,0,0,0,0,0,0.165715,0.684057,0.224935,42.53499,353.989,13.26339,0,False,False
67.32264,-0.012017,1.61438,0.093311,4.948717,2.577404,357.2957,0,0,0,0,0,0,0.165656,0.684076,0.224899,42.52954,353.9527,13.22898,0,False,False
67.33372,-0.012018,1.614343,0.093311,4.954711,2.566025,357.285,0,0,0,0,0,0,0.165674,0.683994,0.224877,42.5382,353.9339,13.19969,0,False,False
67.34486,-0.012007,1.614334,0.093307,4.961596,2.555843,357.293,0,0,0,0,0,0,0.165665,0.683996,0.224815,42.54022,353.9269,13.19307,0,False,False
67.35591,-0.012007,1.614317,0.093308,4.979897,2.555643,357.3041,0,0,0,0,0,0,0.165644,0.684,0.224801,42.54985,353.9381,13.21529,0,False,False
67.36726,-0.011998,1.614285,0.093293,4.968507,2.544637,357.3114,0,0,0,0,0,0,0.165623,0.683986,0.224783,42.55259,353.9452,13.22355,0,False,False
67.37828,-0.012023,1.6143,0.093316,4.981358,2.52842,357.3034,0,0,0,0,0,0,0.165664,0.683938,0.224743,42.56864,353.9584,13.23891,0,False,False
67.38943,-0.012038,1.614303,0.093303,4.975841,2.52279,357.2949,0,0,0,0,0,0,0.165661,0.6839,0.224736,42.57343,353.9849,13.25694,0,False,False
67.40044,-0.012034,1.614286,0.093323,4.985148,2.507806,357.2871,0,0,0,0,0,0,0.165623,0.683868,0.224715,42.5933,353.9919,13.25957,0,False,False
67.41145,-0.012033,1.614286,0.093305,5.004433,2.497461,357.2772,0,0,0,0,0,0,0.165622,0.683932,0.224701,42.59597,353.9945,13.2333,0,False,False
67.42279,-0.012028,1.614268,0.093292,4.999494,2.499846,357.271,0,0,0,0,0,0,0.16566,0.683989,0.224789,42.59827,353.9923,13.22284,0,False,False
67.43372,-0.011914,1.61426,0.093328,5.000106,2.507713,357.277,0,0,0,0,0,0,0.165612,0.683967,0.224786,42.60131,353.9709,13.20448,0,False,False
67.44489,-0.011872,1.614268,0.093345,4.98366,2.51342,357.2679,0,0,0,0,0,0,0.165653,0.683974,0.224818,42.60713,353.9572,13.19566,0,False,False
67.45594,-0.011823,1.614267,0.093314,4.96623,2.525048,357.2667,0,0,0,0,0,0,0.165708,0.683883,0.224795,42.61546,353.944,13.17766,0,False,False
67.46722,-0.011813,1.614271,0.093278,4.957821,2.534803,357.2685,0,0,0,0,0,0,0.165642,0.683855,0.224736,42.61702,353.9486,13.17115,0,False,False
67.47814,-0.011805,1.614247,0.093248,4.966475,2.554786,357.256,0,0,0,0,0,0,0.165606,0.683868,0.224772,42.61551,353.9513,13.16039,0,False,False
67.48927,-0.011827,1.614247,0.09324,4.985205,2.541711,357.2398,0,0,0,0,0,0,0.165513,0.683811,0.224753,42.61155,353.9554,13.1624,0,False,False
67.50044,-0.011767,1.61428,0.093279,4.971143,2.562935,357.2343,0,0,0,0,0,0,0.165419,0.6837,0.224811,42.60529,353.9649,13.17647,0,False,False
67.51152,-0.011753,1.61428,0.093343,4.981955,2.582992,357.2432,0,0,0,0,0,0,0.165381,0.683689,0.22485,42.60119,353.9573,13.18057,0,False,False
67.52261,-0.011721,1.61425,0.093368,5.001634,2.590642,357.2257,0,0,0,0,0,0,0.165367,0.683718,0.224897,42.5936,353.9561,13.17302,0,False,False
67.53374,-0.01167,1.614226,0.093445,5.002886,2.60073,357.2152,0,0,0,0,0,0,0.16532,0.683699,0.224872,42.60215,353.962,13.16648,0,False,False
67.54478,-0.011653,1.614257,0.093459,5.019866,2.617835,357.2077,0,0,0,0,0,0,0.165356,0.68376,0.224945,42.60563,353.9831,13.17233,0,False,False
67.55586,-0.011639,1.614247,0.093506,5.02997,2.618732,357.1917,0,0,0,0,0,0,0.165344,0.683874,0.224869,42.61558,353.9772,13.14807,0,False,False
67.56711,-0.011653,1.614236,0.093533,5.034573,2.634024,357.1981,0,0,0,0,0,0,0.165297,0.683814,0.22492,42.62646,353.9689,13.14098,0,False,False
67.57807,-0.011651,1.614238,0.093561,5.020673,2.634821,357.2038,0,0,0,0,0,0,0.165221,0.683819,0.224888,42.62613,353.9629,13.14028,0,False,False
67.58919,-0.011677,1.614242,0.093572,5.019142,2.643257,357.2081,0,0,0,0,0,0,0.165144,0.683785,0.224869,42.62321,353.9415,13.13526,0,False,False
67.60032,-0.011739,1.614271,0.09355,5.027957,2.644507,357.2227,0,0,0,0,0,0,0.165097,0.68382,0.22489,42.61796,353.9328,13.12669,0,False,False
67.61152,-0.011798,1.614278,0.093535,5.020221,2.641767,357.2188,0,0,0,0,0,0,0.165,0.683786,0.224894,42.60872,353.9311,13.10117,0,False,False
67.62266,-0.01184,1.614304,0.093536,4.993848,2.638301,357.2142,0,0,0,0,0,0,0.164921,0.683733,0.224815,42.61248,353.942,13.09567,0,False,False
67.63377,-0.011898,1.614438,0.093547,4.90272,2.626229,357.2083,0,0,0,0,0,0,0.164892,0.683769,0.224787,42.60678,353.9567,13.10568,0,False,False
67.6449,-0.011943,1.614665,0.093608,4.78464,2.629516,357.2101,0,0,0,0,0,0,0.164907,0.68374,0.224836,42.61217,353.9634,13.11257,0,False,False
67.6563,-0.011976,1.614927,0.093629,4.62602,2.615743,357.2044,0,0,0,0,0,0,0.165012,0.683723,0.224976,42.63886,353.9563,13.10232,0,False,False
67.6672,-0.012023,1.615172,0.093577,4.462289,2.600163,357.1939,0,0,0,0,0,0,0.165047,0.683674,0.224961,42.65272,353.9449,13.08087,0,False,False
67.67801,-0.012128,1.615522,0.093525,4.30625,2.590036,357.2012,0,0,0,0,0,0,0.165023,0.683646,0.224941,42.66229,353.9486,13.06169,0,False,False
67.68932,-0.012185,1.615841,0.093449,4.108562,2.572755,357.2118,0,0,0,0,0,0,0.164975,0.683606,0.22496,42.65681,353.9758,13.0597,0,False,False
67.70039,-0.012241,1.616137,0.093346,3.905019,2.566503,357.2091,0,0,0,0,0,0,0.165009,0.683557,0.2249,42.64811,353.9987,13.06305,0,False,False
67.71162,-0.012307,1.61647,0.093244,3.685196,2.562805,357.1958,0,0,0,0,0,0,0.164981,0.683552,0.224813,42.6452,354.037,13.05901,0,False,False
67.72253,-0.012372,1.616841,0.09309,3.472454,2.555163,357.1835,0,0,0,0,0,0,0.164928,0.683492,0.224633,42.65469,354.0568,13.04368,0,False,False
67.73361,-0.012455,1.617197,0.093021,3.272939,2.550574,357.1721,0,0,0,0,0,0,0.164856,0.683441,0.224543,42.67915,354.0422,13.03607,0,False,False
67.7449,-0.012546,1.617459,0.092908,3.113451,2.5441,357.1705,0,0,0,0,0,0,0.1648,0.683421,0.22445,42.72332,354.0105,13.02977,0,False,False
67.75586,-0.012581,1.617641,0.092799,3.01029,2.532296,357.1829,0,0,0,0,0,0,0.164798,0.683326,0.224457,42.76981,353.9967,13.02494,0,False,False
67.76691,-0.012692,1.617763,0.092647,2.950922,2.507297,357.1979,0,0,0,0,0,0,0.164757,0.683393,0.224333,42.82311,353.9596,12.99989,0,False,False
67.77802,-0.012779,1.6178,0.092538,2.897452,2.475808,357.2263,0,0,0,0,0,0,0.164642,0.683224,0.224181,42.87476,353.9308,12.96646,0,False,False
67.78914,-0.012873,1.617799,0.092447,2.903634,2.45619,357.2488,0,0,0,0,0,0,0.164541,0.683177,0.22414,42.90773,353.9023,12.95542,0,False,False
67.80033,-0.012972,1.617728,0.092364,2.937023,2.444555,357.2752,0,0,0,0,0,0,0.164432,0.683048,0.223994,42.92129,353.8867,12.95718,0,False,False
67.81162,-0.013101,1.617615,0.092309,3.014748,2.416767,357.2902,0,0,0,0,0,0,0.164394,0.683004,0.224049,42.93813,353.8622,12.95796,0,False,False
67.82246,-0.01319,1.617354,0.092329,3.184262,2.39453,357.2993,0,0,0,0,0,0,0.164333,0.683015,0.224164,42.94614,353.8429,12.95839,0,False,False
67.83369,-0.013297,1.616965,0.092425,3.413999,2.37109,357.3002,0,0,0,0,0,0,0.16432,0.683005,0.224308,42.9427,353.8438,12.98688,0,False,False
67.84464,-0.013413,1.616531,0.092564,3.669466,2.35392,357.2966,0,0,0,0,0,0,0.164319,0.683024,0.2244,42.9485,353.8427,13.00978,0,False,False
67.85585,-0.013486,1.61602,0.092782,3.995468,2.338327,357.3015,0,0,0,0,0,0,0.164221,0.68304,0.224488,42.93808,353.8575,13.04766,0,False,False
67.86691,-0.013567,1.615453,0.092973,4.329216,2.325408,357.2959,0,0,0,0,0,0,0.164191,0.683174,0.224686,42.92452,353.8482,13.05721,0,False,False
67.87804,-0.013662,1.614797,0.093184,4.706757,2.324468,357.3042,0,0,0,0,0,0,0.164083,0.683403,0.224894,42.9053,353.8441,13.06948,0,False,False
67.88914,-0.01374,1.614272,0.093472,5.020065,2.345183,357.3292,0,0,0,0,0,0,0.164127,0.683522,0.225207,42.88418,353.8367,13.09001,0,False,False
67.90023,-0.01379,1.613955,0.093771,5.207267,2.378352,357.3589,0,0,0,0,0,0,0.164118,0.683763,0.225584,42.84844,353.8162,13.12891,0,False,False
67.91142,-0.013766,1.613728,0.0941,5.303986,2.399826,357.3748,0,0,0,0,0,0,0.164189,0.684051,0.22608,42.79347,353.8102,13.07966,0,False,False
67.92248,-0.013815,1.613669,0.094347,5.34749,2.443323,357.3958,0,0,0,0,0,0,0.164278,0.684297,0.226577,42.69538,353.8507,13.00128,0,False,False
67.93359,-0.013889,1.613629,0.094461,5.348069,2.482609,357.4257,0,0,0,0,0,0,0.164362,0.684583,0.227095,42.57374,353.9114,12.98521,0,False,False
67.94464,-0.01396,1.613607,0.094578,5.345169,2.511657,357.4424,0,0,0,0,0,0,0.164429,0.684906,0.22757,42.45018,353.9716,12.96892,0,False,False
67.9558,-0.014065,1.61374,0.094689,5.290586,2.523877,357.4855,0,0,0,0,0,0,0.164502,0.685167,0.227926,42.30182,354.0583,12.97378,0,False,False
67.96688,-0.014175,1.613902,0.094801,5.21909,2.538384,357.5287,0,0,0,0,0,0,0.164569,0.685394,0.228305,42.20432,354.1161,12.98164,0,False,False
67.9779,-0.014305,1.614178,0.094782,5.109044,2.533007,357.5676,0,0,0,0,0,0,0.164654,0.685548,0.228532,42.12902,354.1859,13.0198,0,False,False
67.98915,-0.014397,1.614428,0.094767,4.984803,2.499935,357.6096,0,0,0,0,0,0,0.164796,0.685753,0.228755,42.09284,354.2315,13.04433,0,False,False
68.0002,-0.014507,1.614688,0.094799,4.888291,2.482701,357.6617,0,0,0,0,0,0,0.164823,0.685873,0.22882,42.07378,354.2659,13.06889,0,False,False
68.01132,-0.01464,1.614969,0.094679,4.773524,2.442287,357.7038,0,0,0,0,0,0,0.164853,0.685698,0.228663,42.14665,354.2461,13.04283,0,False,False
68.02245,-0.01479,1.615199,0.094543,4.656836,2.410201,357.7312,0,0,0,0,0,0,0.164713,0.685647,0.228444,42.19357,354.2252,13.05096,0,False,False
68.03357,-0.014919,1.615417,0.094376,4.546423,2.361351,357.7331,0,0,0,0,0,0,0.164584,0.685418,0.228066,42.31659,354.1398,13.05359,0,False,False
68.04456,-0.015108,1.615627,0.094184,4.438613,2.319116,357.7318,0,0,0,0,0,0,0.164339,0.685206,0.227672,42.43549,354.0343,13.0615,0,False,False
68.05567,-0.015215,1.615812,0.094031,4.332649,2.276864,357.7449,0,0,0,0,0,0,0.164195,0.684981,0.227301,42.55522,353.9432,13.06207,0,False,False
68.06688,-0.015358,1.615964,0.09391,4.242621,2.242584,357.7333,0,0,0,0,0,0,0.164023,0.684693,0.226948,42.66506,353.8431,13.04472,0,False,False
68.0779,-0.015405,1.61609,0.093875,4.182635,2.205567,357.7267,0,0,0,0,0,0,0.163924,0.68453,0.226635,42.74433,353.7904,13.02668,0,False,False
68.08907,-0.01549,1.616195,0.093817,4.128194,2.170066,357.7432,0,0,0,0,0,0,0.163817,0.684342,0.226308,42.80936,353.7576,12.97957,0,False,False
68.10021,-0.015592,1.616251,0.093747,4.089082,2.149796,357.7445,0,0,0,0,0,0,0.163769,0.684213,0.226099,42.89092,353.7306,12.95406,0,False,False
68.11124,-0.015633,1.616229,0.093779,4.074299,2.127324,357.7305,0,0,0,0,0,0,0.163745,0.684087,0.225922,42.93074,353.746,12.9674,0,False,False
68.12243,-0.015621,1.616228,0.09384,4.099721,2.117757,357.7113,0,0,0,0,0,0,0.163677,0.684076,0.22571,42.95602,353.7749,12.99674,0,False,False
68.13349,-0.015662,1.616098,0.093917,4.177707,2.110062,357.687,0,0,0,0,0,0,0.16365,0.684003,0.225554,42.95444,353.8044,13.04019,0,False,False
68.14458,-0.015684,1.615937,0.09401,4.278356,2.100994,357.6707,0,0,0,0,0,0,0.163663,0.683962,0.225548,42.95381,353.8208,13.05418,0,False,False
68.15568,-0.015725,1.615664,0.094073,4.438931,2.083623,357.6391,0,0,0,0,0,0,0.163676,0.683987,0.225484,42.92044,353.8596,13.04461,0,False,False
68.16677,-0.015756,1.615359,0.094194,4.578604,2.05116,357.6264,0,0,0,0,0,0,0.163647,0.684,0.225512,42.88045,353.8791,12.97733,0,False,False
68.17785,-0.015816,1.615209,0.094311,4.685642,2.010998,357.619,0,0,0,0,0,0,0.163596,0.684035,0.225505,42.8576,353.879,12.92769,0,False,False
68.18903,-0.015866,1.615146,0.094467,4.772277,1.963047,357.6045,0,0,0,0,0,0,0.163479,0.68415,0.22545,42.82448,353.8617,12.91183,0,False,False
68.2001,-0.015921,1.615096,0.094628,4.788608,1.934462,357.5775,0,0,0,0,0,0,0.163401,0.684059,0.225321,42.80846,353.8676,12.93129,0,False,False
68.21124,-0.015918,1.615135,0.094788,4.754866,1.940055,357.555,0,0,0,0,0,0,0.163323,0.684123,0.225342,42.79971,353.8818,12.94848,0,False,False
68.22236,-0.015861,1.615219,0.094923,4.707339,1.989108,357.5379,0,0,0,0,0,0,0.163338,0.684119,0.225377,42.79184,353.9207,12.94488,0,False,False
68.23351,-0.015713,1.615297,0.095058,4.629076,2.095051,357.5487,0,0,0,0,0,0,0.163315,0.684123,0.22542,42.77065,353.9701,12.93748,0,False,False
68.24462,-0.015506,1.615346,0.095186,4.577603,2.25105,357.5774,0,0,0,0,0,0,0.163402,0.684063,0.225502,42.75326,354.0186,12.93355,0,False,False
68.25575,-0.015328,1.615365,0.095189,4.552056,2.42873,357.6372,0,0,0,0,0,0,0.163328,0.684109,0.225486,42.71593,354.0739,12.93355,0,False,False
68.26678,-0.015003,1.615462,0.095217,4.519918,2.666378,357.703,0,0,0,0,0,0,0.163273,0.684112,0.225436,42.70022,354.0847,12.92974,0,False,False
68.27785,-0.014596,1.615589,0.095254,4.482248,2.957456,357.7809,0,0,0,0,0,0,0.163269,0.684048,0.225343,42.70607,354.0895,12.9359,0,False,False
68.28896,-0.014097,1.615657,0.0953,4.422446,3.365026,357.8694,0,0,0,0,0,0,0.163246,0.683993,0.225243,42.72314,354.0854,12.93555,0,False,False
68.30025,-0.013579,1.615695,0.095239,4.413101,3.780339,357.9412,0,0,0,0,0,0,0.16319,0.683777,0.225219,42.77756,354.0657,12.92884,0,False,False
68.3113,-0.012953,1.615673,0.09501,4.470382,4.239978,358.0241,0,0,0,0,0,0,0.163149,0.683727,0.225042,42.84855,354.0508,12.93593,0,False,False
68.3224,-0.012369,1.615533,0.09468,4.573291,4.704975,358.1078,0,0,0,0,0,0,0.163157,0.683725,0.224935,42.90908,354.056,12.94738,0,False,False
68.33353,-0.011799,1.615467,0.094523,4.660503,5.125447,358.1718,0,0,0,0,0,0,0.163075,0.683653,0.224768,42.95052,354.0393,12.95599,0,False,False
68.34448,-0.011301,1.615378,0.094319,4.73463,5.477269,358.1981,0,0,0,0,0,0,0.163089,0.683675,0.224799,42.97898,354.0104,12.98591,0,False,False
68.35563,-0.010801,1.61533,0.094169,4.79855,5.792163,358.2204,0,0,0,0,0,0,0.16303,0.683743,0.224789,42.98965,353.9601,12.98984,0,False,False
68.36672,-0.010347,1.61528,0.094035,4.85908,6.059925,358.1942,0,0,0,0,0,0,0.163064,0.68395,0.224981,43.00759,353.9256,12.94193,0,False,False
68.37798,-0.009927,1.615323,0.093978,4.862099,6.326163,358.1458,0,0,0,0,0,0,0.163045,0.683987,0.225045,43.00965,353.9177,12.91179,0,False,False
68.38896,-0.009541,1.615494,0.094026,4.768822,6.55008,358.0738,0,0,0,0,0,0,0.163088,0.68411,0.225258,43.00566,353.914,12.91678,0,False,False
68.40004,-0.009242,1.61562,0.094018,4.658078,6.692365,358.0224,0,0,0,0,0,0,0.163081,0.684135,0.225359,42.98571,353.9586,12.99079,0,False,False
68.4112,-0.009039,1.615682,0.093968,4.583402,6.789177,357.9733,0,0,0,0,0,0,0.163114,0.684192,0.22555,42.94097,353.998,13.08149,0,False,False
68.42223,-0.00894,1.615711,0.093943,4.522008,6.79722,357.9007,0,0,0,0,0,0,0.163133,0.684287,0.225833,42.89327,354.0215,13.09858,0,False,False
68.43339,-0.00889,1.615717,0.093899,4.484916,6.700144,357.8414,0,0,0,0,0,0,0.163189,0.684364,0.226111,42.83673,354.0517,13.06484,0,False,False
68.44444,-0.009025,1.615706,0.09378,4.502075,6.562573,357.7635,0,0,0,0,0,0,0.163311,0.684524,0.22639,42.77455,354.1035,13.02809,0,False,False
68.45551,-0.00912,1.615735,0.09373,4.5091,6.397082,357.6631,0,0,0,0,0,0,0.163411,0.684643,0.226614,42.67815,354.2,12.99329,0,False,False
68.4667,-0.009343,1.615727,0.093712,4.490464,6.18003,357.5823,0,0,0,0,0,0,0.163555,0.684729,0.226881,42.59343,354.3041,12.9892,0,False,False
68.47778,-0.009558,1.615696,0.093734,4.465998,5.953239,357.5066,0,0,0,0,0,0,0.163678,0.684804,0.227042,42.54321,354.3842,13.02484,0,False,False
68.489,-0.009818,1.615714,0.093775,4.469092,5.703309,357.4521,0,0,0,0,0,0,0.163766,0.68492,0.227285,42.49798,354.434,13.02895,0,False,False
68.5,-0.010157,1.61561,0.093824,4.481201,5.450534,357.422,0,0,0,0,0,0,0.163714,0.685116,0.227431,42.47872,354.437,13.02833,0,False,False
68.51122,-0.010481,1.615494,0.093821,4.548906,5.195605,357.4085,0,0,0,0,0,0,0.163662,0.685013,0.227437,42.50769,354.4018,13.00354,0,False,False
68.52224,-0.010816,1.61535,0.093854,4.656225,4.918692,357.397,0,0,0,0,0,0,0.163553,0.685028,0.227428,42.51807,354.3916,12.9676,0,False,False
68.53325,-0.011148,1.6152,0.093876,4.753513,4.6402,357.3995,0,0,0,0,0,0,0.163576,0.684889,0.227405,42.56255,354.3698,12.92802,0,False,False
68.54442,-0.01146,1.615038,0.093938,4.822703,4.394255,357.3951,0,0,0,0,0,0,0.163535,0.684816,0.227465,42.58806,354.3511,12.90108,0,False,False
68.55554,-0.011755,1.614849,0.094025,4.923337,4.145071,357.4063,0,0,0,0,0,0,0.163424,0.684699,0.227386,42.60497,354.3257,12.86492,0,False,False
68.56677,-0.012088,1.614595,0.094134,5.033077,3.912048,357.3936,0,0,0,0,0,0,0.163312,0.68464,0.227402,42.60481,354.3124,12.83767,0,False,False
68.57799,-0.012375,1.614383,0.094257,5.147281,3.699648,357.41,0,0,0,0,0,0,0.163242,0.684588,0.227348,42.57163,354.3015,12.80605,0,False,False
68.58907,-0.012653,1.614376,0.09439,5.166692,3.531596,357.4455,0,0,0,0,0,0,0.163167,0.684639,0.227304,42.53275,354.3096,12.77289,0,False,False
68.59985,-0.01285,1.61446,0.094542,5.111034,3.390558,357.4779,0,0,0,0,0,0,0.163181,0.684632,0.227258,42.50053,354.3296,12.73171,0,False,False
68.61103,-0.012984,1.614769,0.094745,4.93111,3.292016,357.5225,0,0,0,0,0,0,0.163285,0.684665,0.227387,42.47838,354.3595,12.70603,0,False,False
68.62228,-0.013105,1.615274,0.094885,4.603985,3.214009,357.5465,0,0,0,0,0,0,0.163205,0.684592,0.227174,42.46311,354.3896,12.68886,0,False,False
68.63332,-0.013208,1.615904,0.094944,4.208357,3.144892,357.5585,0,0,0,0,0,0,0.163235,0.68451,0.227075,42.45469,354.4146,12.66306,0,False,False
68.64449,-0.013346,1.616509,0.094944,3.866425,3.066921,357.5694,0,0,0,0,0,0,0.163243,0.684489,0.226834,42.43216,354.4314,12.65417,0,False,False
68.65549,-0.013493,1.617015,0.094744,3.535067,2.980661,357.5893,0,0,0,0,0,0,0.1632,0.684424,0.226655,42.41251,354.4304,12.63633,0,False,False
68.66664,-0.013634,1.617479,0.094529,3.27918,2.88775,357.61,0,0,0,0,0,0,0.163216,0.684359,0.22645,42.41163,354.4383,12.60998,0,False,False
68.67789,-0.013772,1.617837,0.094242,3.065543,2.791318,357.6359,0,0,0,0,0,0,0.163282,0.684307,0.226172,42.42335,354.4735,12.54082,0,False,False
68.68877,-0.013851,1.618132,0.093918,2.912961,2.708651,357.6568,0,0,0,0,0,0,0.16331,0.684213,0.225952,42.4497,354.4843,12.47701,0,False,False
68.69988,-0.013997,1.618305,0.093651,2.77129,2.63581,357.6644,0,0,0,0,0,0,0.163234,0.684016,0.225606,42.49179,354.4548,12.51615,0,False,False
68.71104,-0.014059,1.618423,0.093356,2.732396,2.583187,357.6642,0,0,0,0,0,0,0.163225,0.683706,0.225073,42.56284,354.4197,12.51768,0,False,False
68.72212,-0.014146,1.618493,0.093057,2.694982,2.528828,357.671,0,0,0,0,0,0,0.163171,0.68342,0.224641,42.67782,354.336,12.51359,0,False,False
68.73316,-0.01419,1.618456,0.092832,2.738942,2.503998,357.6705,0,0,0,0,0,0,0.163131,0.68317,0.224129,42.82466,354.2502,12.48732,0,False,False
68.74439,-0.014201,1.618365,0.092666,2.808748,2.478998,357.6643,0,0,0,0,0,0,0.163275,0.682899,0.223809,42.96592,354.1841,12.5056,0,False,False
68.75545,-0.014134,1.61818,0.09255,2.923389,2.465136,357.6575,0,0,0,0,0,0,0.163324,0.682667,0.223462,43.11222,354.1518,12.51381,0,False,False
68.7666,-0.014109,1.617958,0.09249,3.04165,2.463036,357.6306,0,0,0,0,0,0,0.163302,0.682502,0.223153,43.19952,354.1319,12.53158,0,False,False
68.77776,-0.01407,1.617624,0.092478,3.222596,2.49105,357.6208,0,0,0,0,0,0,0.163378,0.682384,0.223063,43.27002,354.1518,12.52972,0,False,False
68.78872,-0.013965,1.617324,0.092517,3.369961,2.532649,357.6224,0,0,0,0,0,0,0.163562,0.682409,0.223156,43.2811,354.2004,12.50915,0,False,False
68.79996,-0.013786,1.61707,0.092679,3.495599,2.609681,357.6239,0,0,0,0,0,0,0.163664,0.682485,0.223293,43.27647,354.253,12.51038,0,False,False
68.81097,-0.013648,1.616889,0.092829,3.585279,2.705509,357.6345,0,0,0,0,0,0,0.163836,0.682693,0.223617,43.17583,354.2832,12.61132,0,False,False
68.82213,-0.013483,1.61668,0.092927,3.667277,2.821554,357.6241,0,0,0,0,0,0,0.163919,0.682837,0.223795,43.08329,354.2591,12.73405,0,False,False
68.83318,-0.013205,1.616447,0.093035,3.793598,2.964349,357.5914,0,0,0,0,0,0,0.164014,0.683068,0.224211,42.97044,354.2468,12.84027,0,False,False
68.84425,-0.01286,1.616141,0.093098,3.928419,3.143402,357.5404,0,0,0,0,0,0,0.164182,0.683445,0.224598,42.85151,354.28,12.8345,0,False,False
68.85535,-0.012441,1.615926,0.093175,4.06682,3.393371,357.4745,0,0,0,0,0,0,0.164248,0.683715,0.225,42.75644,354.3273,12.83524,0,False,False
68.86652,-0.011915,1.615785,0.093194,4.160826,3.669867,357.4181,0,0,0,0,0,0,0.164277,0.68412,0.225344,42.65361,354.3702,12.8383,0,False,False
68.87756,-0.011336,1.61563,0.093189,4.240632,3.964222,357.3679,0,0,0,0,0,0,0.164367,0.684364,0.225705,42.56512,354.4056,12.88271,0,False,False
68.88876,-0.010744,1.615505,0.093147,4.32384,4.281626,357.3136,0,0,0,0,0,0,0.164298,0.684719,0.225944,42.48595,354.4055,12.90594,0,False,False
68.8998,-0.010165,1.615347,0.093014,4.400658,4.597342,357.2645,0,0,0,0,0,0,0.164487,0.684846,0.226171,42.43453,354.3936,12.88833,0,False,False
68.9109,-0.009608,1.615217,0.092877,4.472063,4.881863,357.2083,0,0,0,0,0,0,0.16448,0.684994,0.226265,42.4035,354.369,12.8649,0,False,False
68.92195,-0.009097,1.615151,0.092758,4.545306,5.150754,357.1637,0,0,0,0,0,0,0.16459,0.685118,0.226466,42.3727,354.3617,12.85325,0,False,False
68.93315,-0.008591,1.615061,0.092614,4.585975,5.410468,357.1055,0,0,0,0,0,0,0.164569,0.685066,0.226442,42.38158,354.3323,12.84002,0,False,False
68.94425,-0.008134,1.614993,0.092491,4.637218,5.65913,357.077,0,0,0,0,0,0,0.164491,0.685099,0.22628,42.39866,354.3083,12.8449,0,False,False
68.95538,-0.007673,1.614956,0.092377,4.670222,5.922026,357.1018,0,0,0,0,0,0,0.164406,0.685041,0.226117,42.44071,354.2813,12.86448,0,False,False
68.96649,-0.00726,1.614923,0.092287,4.715749,6.188484,357.1403,0,0,0,0,0,0,0.164326,0.684873,0.225986,42.51609,354.2602,12.89746,0,False,False
68.97749,-0.006885,1.614922,0.092239,4.754261,6.442922,357.2073,0,0,0,0,0,0,0.164297,0.684781,0.225765,42.58645,354.244,12.92021,0,False,False
68.9887,-0.006505,1.614903,0.092204,4.776871,6.702772,357.2975,0,0,0,0,0,0,0.164277,0.684511,0.225526,42.67205,354.2543,12.96802,0,False,False
68.99978,-0.006154,1.61488,0.092224,4.807541,6.960122,357.3764,0,0,0,0,0,0,0.164243,0.684394,0.2254,42.74446,354.2716,12.98623,0,False,False
69.01086,-0.005855,1.61487,0.092223,4.827439,7.227294,357.4858,0,0,0,0,0,0,0.164167,0.684296,0.225201,42.78593,354.269,12.98228,0,False,False
69.02316,-0.005568,1.614829,0.092277,4.84703,7.465726,357.6036,0,0,0,0,0,0,0.164045,0.684219,0.225089,42.80921,354.2605,12.97326,0,False,False
69.03319,-0.005312,1.614804,0.092347,4.871799,7.686251,357.7375,0,0,0,0,0,0,0.163991,0.684204,0.225116,42.80728,354.2422,12.94805,0,False,False
69.04411,-0.005115,1.614821,0.092414,4.888464,7.872922,357.8769,0,0,0,0,0,0,0.163806,0.684282,0.225159,42.75906,354.2074,12.88208,0,False,False
69.0554,-0.004946,1.614889,0.092476,4.885067,8.074474,358.0416,0,0,0,0,0,0,0.163631,0.684346,0.225112,42.72228,354.1799,12.83932,0,False,False
69.06634,-0.004787,1.615013,0.092653,4.84398,8.260528,358.209,0,0,0,0,0,0,0.163546,0.6844,0.225002,42.65084,354.1465,12.79496,0,False,False
69.07739,-0.004699,1.615082,0.092774,4.806586,8.449945,358.3427,0,0,0,0,0,0,0.163497,0.684415,0.224978,42.5965,354.1469,12.75832,0,False,False
69.08867,-0.004624,1.615213,0.092955,4.761156,8.647275,358.5068,0,0,0,0,0,0,0.163424,0.684485,0.224919,42.55557,354.1313,12.69329,0,False,False
69.09995,-0.004614,1.615363,0.093124,4.695841,8.829544,358.6933,0,0,0,0,0,0,0.16336,0.684592,0.224855,42.54551,354.1226,12.64849,0,False,False
69.11085,-0.004796,1.615575,0.093299,4.611489,8.992976,358.9249,0,0,0,0,0,0,0.163447,0.68455,0.22462,42.56321,354.1452,12.65322,0,False,False
69.122,-0.005039,1.615828,0.093392,4.531774,9.089471,359.2406,0,0,0,0,0,0,0.163452,0.684512,0.224457,42.61382,354.148,12.65234,0,False,False
69.13307,-0.005417,1.616124,0.093428,4.444035,9.192424,359.6227,0,0,0,0,0,0,0.163441,0.684307,0.224224,42.6522,354.1664,12.64059,0,False,False
69.14414,-0.005999,1.616465,0.093426,4.330377,9.294203,0.138079,0,0,0,0,0,0,0.163534,0.684253,0.224019,42.71396,354.1795,12.62176,0,False,False
69.15585,-0.006681,1.616783,0.0934,4.23586,9.397239,0.72878,0,0,0,0,0,0,0.163497,0.684211,0.223767,42.75627,354.1876,12.60286,0,False,False
69.16644,-0.007598,1.617061,0.093318,4.138573,9.493936,1.473821,0,0,0,0,0,0,0.163524,0.684202,0.2236,42.77779,354.1713,12.57769,0,False,False
69.17754,-0.008637,1.617332,0.093245,4.048347,9.542648,2.311168,0,0,0,0,0,0,0.163388,0.68414,0.223471,42.78854,354.107,12.52344,0,False,False
69.18871,-0.010149,1.617565,0.093046,3.983671,9.480057,3.388208,0,0,0,0,0,0,0.163392,0.684103,0.223464,42.81232,354.0498,12.42116,0,False,False
69.19968,-0.01196,1.617787,0.092788,3.954354,9.289493,4.595788,0,0,0,0,0,0,0.163237,0.683979,0.223377,42.80964,353.9616,12.32909,0,False,False
69.21084,-0.014235,1.617956,0.092561,3.943474,8.960218,6.014551,0,0,0,0,0,0,0.16312,0.683823,0.223283,42.80908,353.8916,12.2576,0,False,False
69.22184,-0.017059,1.618136,0.09241,3.925145,8.426629,7.684014,0,0,0,0,0,0,0.162949,0.683609,0.223292,42.78644,353.8144,12.18274,0,False,False
69.23309,-0.019987,1.618163,0.092361,3.891072,7.838552,9.383478,0,0,0,0,0,0,0.16289,0.683434,0.223341,42.74445,353.7912,12.11538,0,False,False
69.24416,-0.023291,1.618174,0.092399,3.855865,7.128467,11.16977,0,0,0,0,0,0,0.162702,0.683265,0.223342,42.71484,353.7827,12.04493,0,False,False
69.25531,-0.02643,1.618086,0.09254,3.789118,6.384902,12.79462,0,0,0,0,0,0,0.162645,0.683048,0.223397,42.68494,353.8152,11.95675,0,False,False
69.26637,-0.029686,1.617646,0.092723,3.785233,5.537808,14.29373,0,0,0,0,0,0,0.162462,0.682919,0.223308,42.66522,353.7903,11.84053,0,False,False
69.27747,-0.03259,1.6172,0.092835,3.855458,4.654601,15.50926,0,0,0,0,0,0,0.162251,0.682997,0.223258,42.66283,353.7273,11.70658,0,False,False
69.28854,-0.035135,1.61661,0.092933,3.98936,3.737477,16.41402,0,0,0,0,0,0,0.162096,0.68306,0.22316,42.66629,353.6366,11.60617,0,False,False
69.29961,-0.037243,1.61605,0.09295,4.190159,2.768753,16.82355,0,0,0,0,0,0,0.16192,0.683505,0.222957,42.68798,353.3959,11.55097,0,False,False
69.31085,-0.039016,1.615543,0.093048,4.442528,1.835766,17.05957,0,0,0,0,0,0,0.161799,0.683989,0.222735,42.7117,353.2212,11.46272,0,False,False
69.32188,-0.040301,1.615097,0.093067,4.683361,0.909568,16.79204,0,0,0,0,0,0,0.161752,0.684549,0.222714,42.75078,353.0728,11.32547,0,False,False
69.33329,-0.041579,1.614747,0.093032,4.851493,0.095759,16.42505,0,0,0,0,0,0,0.161719,0.685158,0.222491,42.74232,352.92,11.22255,0,False,False
69.3442,-0.042467,1.614378,0.09297,5.00083,359.456,15.76648,0,0,0,0,0,0,0.161692,0.685698,0.222315,42.71936,352.7889,11.12365,0,False,False
69.35549,-0.043094,1.614054,0.092888,5.167412,358.8968,15.06816,0,0,0,0,0,0,0.161806,0.686253,0.222126,42.65382,352.6445,11.10256,0,False,False
69.36621,-0.043449,1.613938,0.092704,5.321127,358.4649,14.35418,0,0,0,0,0,0,0.162116,0.6866,0.222016,42.61891,352.5258,11.17564,0,False,False
69.37735,-0.043541,1.613761,0.092602,5.46141,358.1102,13.63252,0,0,0,0,0,0,0.162628,0.686874,0.222054,42.60612,352.4189,11.29732,0,False,False
69.38855,-0.043602,1.613731,0.09255,5.57757,357.7816,12.91713,0,0,0,0,0,0,0.163193,0.687057,0.221878,42.63559,352.382,11.46054,0,False,False
69.39958,-0.043475,1.613716,0.092451,5.619255,357.4747,12.24655,0,0,0,0,0,0,0.163837,0.686986,0.221629,42.69946,352.3938,11.67172,0,False,False
69.41066,-0.043302,1.613856,0.092373,5.599066,357.1927,11.60145,0,0,0,0,0,0,0.164547,0.686878,0.221393,42.78268,352.4275,11.87347,0,False,False
69.42182,-0.042861,1.614083,0.092296,5.510228,356.9898,10.97035,0,0,0,0,0,0,0.165316,0.686488,0.22098,42.92954,352.5253,12.12822,0,False,False
69.43294,-0.042397,1.614303,0.092148,5.426602,356.822,10.36618,0,0,0,0,0,0,0.166288,0.6861,0.220757,43.11447,352.6486,12.41698,0,False,False
69.44402,-0.041604,1.614545,0.091895,5.312998,356.7961,9.739026,0,0,0,0,0,0,0.167144,0.685892,0.22046,43.26567,352.76,12.67756,0,False,False
69.45508,-0.040617,1.614828,0.091683,5.212822,356.7858,9.092439,0,0,0,0,0,0,0.168119,0.685467,0.220215,43.42419,352.9575,12.9601,0,False,False
69.4664,-0.039641,1.615058,0.091381,5.086821,356.763,8.414215,0,0,0,0,0,0,0.169014,0.685189,0.220174,43.54978,353.1954,13.23245,0,False,False
69.47738,-0.038247,1.615479,0.0912,4.913139,356.7834,7.673503,0,0,0,0,0,0,0.169912,0.684966,0.220185,43.62777,353.4291,13.45785,0,False,False
69.48849,-0.036897,1.615855,0.090988,4.719432,356.8723,6.895238,0,0,0,0,0,0,0.170575,0.684788,0.220181,43.69102,353.6026,13.63095,0,False,False
69.49957,-0.035308,1.616272,0.09083,4.522555,357.0332,6.080969,0,0,0,0,0,0,0.171255,0.684738,0.220348,43.71287,353.7349,13.73831,0,False,False
69.51072,-0.033645,1.616489,0.090641,4.369294,357.2243,5.255875,0,0,0,0,0,0,0.171626,0.684728,0.220543,43.69537,353.8445,13.81918,0,False,False
69.52177,-0.031929,1.616674,0.090445,4.246618,357.4638,4.404565,0,0,0,0,0,0,0.171806,0.684612,0.22081,43.67641,353.9101,13.9022,0,False,False
69.53289,-0.030171,1.616833,0.090337,4.155027,357.6679,3.517126,0,0,0,0,0,0,0.171898,0.684639,0.221149,43.62672,353.9379,13.93178,0,False,False
69.54401,-0.028532,1.616959,0.090129,4.078382,357.8347,2.639243,0,0,0,0,0,0,0.171982,0.684702,0.221325,43.59955,353.9735,13.96003,0,False,False
69.55509,-0.026769,1.617025,0.089975,4.042038,358.0059,1.732584,0,0,0,0,0,0,0.171804,0.684801,0.221565,43.55246,353.9176,13.90888,0,False,False
69.56621,-0.025003,1.617056,0.089865,4.012991,358.1644,0.856412,0,0,0,0,0,0,0.171445,0.68484,0.221793,43.49473,353.8731,13.85831,0,False,False
69.57737,-0.023295,1.617042,0.089717,3.955597,358.326,-0.002623,0,0,0,0,0,0,0.171263,0.684985,0.222188,43.42104,353.851,13.82465,0,False,False
69.58858,-0.021552,1.617088,0.089653,3.875472,358.5288,359.1554,0,0,0,0,0,0,0.170701,0.685174,0.222498,43.32608,353.8292,13.76188,0,False,False
69.59953,-0.019823,1.617024,0.089604,3.795671,358.7751,358.407,0,0,0,0,0,0,0.170143,0.68529,0.222897,43.22981,353.8329,13.70472,0,False,False
69.61061,-0.018147,1.61694,0.089512,3.749927,359.0609,357.7586,0,0,0,0,0,0,0.169531,0.685275,0.223216,43.15112,353.8451,13.64259,0,False,False
69.62179,-0.016622,1.616765,0.089377,3.777257,359.369,357.2035,0,0,0,0,0,0,0.168946,0.685271,0.223665,43.08446,353.8543,13.5353,0,False,False
69.6329,-0.015224,1.616548,0.089182,3.881109,359.7107,356.8296,0,0,0,0,0,0,0.168266,0.685181,0.223929,43.0008,353.8764,13.44148,0,False,False
69.6439,-0.013933,1.616346,0.08901,3.985167,0.059822,356.5479,0,0,0,0,0,0,0.167511,0.68509,0.224376,42.90808,353.912,13.29185,0,False,False
69.6551,-0.012796,1.61619,0.088925,4.09572,0.435059,356.4655,0,0,0,0,0,0,0.166843,0.68494,0.224905,42.7914,353.9962,13.15614,0,False,False
69.66623,-0.011782,1.616128,0.088802,4.145646,0.848939,356.4655,0,0,0,0,0,0,0.166071,0.684815,0.225345,42.67593,354.1033,13.02103,0,False,False
69.67722,-0.010931,1.616142,0.088748,4.151859,1.264377,356.6691,0,0,0,0,0,0,0.165379,0.684621,0.22587,42.55955,354.1815,12.87727,0,False,False
69.68842,-0.010275,1.61623,0.088683,4.136915,1.658433,356.9988,0,0,0,0,0,0,0.164412,0.684497,0.226289,42.44777,354.2361,12.71339,0,False,False
69.6995,-0.009666,1.616316,0.088616,4.104719,2.031598,357.3234,0,0,0,0,0,0,0.163439,0.684237,0.226581,42.35389,354.2014,12.53318,0,False,False
69.71061,-0.00918,1.616371,0.088656,4.083588,2.337799,357.7646,0,0,0,0,0,0,0.162194,0.68406,0.226643,42.26559,354.1256,12.34354,0,False,False
69.72172,-0.008819,1.616403,0.088576,4.094177,2.591564,358.1595,0,0,0,0,0,0,0.160897,0.683921,0.226752,42.19144,354.0031,12.13574,0,False,False
69.733,-0.008545,1.616346,0.08873,4.126491,2.766747,358.5453,0,0,0,0,0,0,0.159647,0.683893,0.226765,42.12428,353.8903,11.93034,0,False,False
69.7439,-0.008422,1.616248,0.088729,4.185238,2.898709,358.8561,0,0,0,0,0,0,0.158439,0.683811,0.22662,42.08405,353.6983,11.74399,0,False,False
69.75506,-0.008421,1.616095,0.088765,4.306887,2.948287,359.0656,0,0,0,0,0,0,0.157348,0.683713,0.226437,42.04366,353.4859,11.55903,0,False,False
69.76613,-0.008487,1.615905,0.088875,4.444119,2.96178,359.203,0,0,0,0,0,0,0.15629,0.683789,0.226287,41.98232,353.2759,11.34911,0,False,False
69.77719,-0.008546,1.615709,0.088977,4.547083,2.953188,359.2697,0,0,0,0,0,0,0.155401,0.683865,0.226023,41.93379,353.1076,11.14712,0,False,False
69.78829,-0.008638,1.615538,0.089113,4.671979,2.89341,359.2837,0,0,0,0,0,0,0.15471,0.684003,0.225649,41.89087,352.9565,11.00043,0,False,False
69.79948,-0.008694,1.615374,0.089224,4.759689,2.857981,359.2874,0,0,0,0,0,0,0.154217,0.684087,0.225289,41.83372,352.8182,10.95846,0,False,False
69.81053,-0.0088,1.615215,0.089363,4.876378,2.784911,359.2487,0,0,0,0,0,0,0.154084,0.684093,0.224733,41.81953,352.7498,10.86315,0,False,False
69.82178,-0.008951,1.614923,0.089486,5.015022,2.714036,359.2041,0,0,0,0,0,0,0.153989,0.684003,0.224416,41.82852,352.7103,10.76867,0,False,False
69.83281,-0.009136,1.614524,0.089636,5.194051,2.589161,359.1198,0,0,0,0,0,0,0.154431,0.683883,0.223882,41.8935,352.8034,10.7713,0,False,False
69.84383,-0.009348,1.614117,0.089717,5.409049,2.45593,359.056,0,0,0,0,0,0,0.15521,0.683649,0.223488,42.02269,353.0148,10.81538,0,False,False
69.855,-0.009554,1.613665,0.08991,5.631399,2.292547,358.9707,0,0,0,0,0,0,0.155752,0.683515,0.223128,42.12223,353.151,10.79799,0,False,False
69.86607,-0.009735,1.613162,0.090009,5.870543,2.154292,358.8899,0,0,0,0,0,0,0.15653,0.683219,0.222752,42.24929,353.3248,10.79177,0,False,False
69.87713,-0.009799,1.612747,0.090294,6.116002,2.031698,358.8075,0,0,0,0,0,0,0.15732,0.683043,0.222409,42.35538,353.4923,10.80362,0,False,False
69.88839,-0.009931,1.612147,0.090467,6.403141,1.942345,358.726,0,0,0,0,0,0,0.158246,0.682783,0.222113,42.45564,353.5936,10.91322,0,False,False
69.89939,-0.010088,1.611524,0.090622,6.728435,1.869855,358.6377,0,0,0,0,0,0,0.159125,0.682559,0.221759,42.54361,353.6344,11.04736,0,False,False
69.91056,-0.010227,1.610795,0.090842,7.141546,1.8023,358.5514,0,0,0,0,0,0,0.159882,0.682329,0.221485,42.60305,353.6135,11.30882,0,False,False
69.92172,-0.01037,1.609916,0.091047,7.611369,1.762117,358.4715,0,0,0,0,0,0,0.160519,0.682102,0.221186,42.61914,353.5991,11.61209,0,False,False
69.93283,-0.010425,1.609044,0.091295,8.10894,1.728676,358.4136,0,0,0,0,0,0,0.161148,0.682101,0.221024,42.63654,353.6109,11.89858,0,False,False
69.94392,-0.010421,1.608261,0.091598,8.59512,1.753311,358.4205,0,0,0,0,0,0,0.161782,0.682037,0.220729,42.68515,353.6701,12.10495,0,False,False
69.9551,-0.010418,1.607617,0.091944,8.960892,1.788382,358.4362,0,0,0,0,0,0,0.162427,0.68208,0.220604,42.73373,353.7351,12.26946,0,False,False
69.96603,-0.010403,1.607184,0.092252,9.178122,1.863911,358.517,0,0,0,0,0,0,0.162905,0.682092,0.220484,42.78453,353.7682,12.37674,0,False,False
69.97709,-0.010409,1.606896,0.092598,9.318151,1.939968,358.5773,0,0,0,0,0,0,0.163365,0.68208,0.220344,42.83041,353.7818,12.47482,0,False,False
69.98831,-0.010334,1.606789,0.092837,9.343194,2.023917,358.6346,0,0,0,0,0,0,0.163754,0.682028,0.220278,42.83852,353.7538,12.54978,0,False,False
69.99947,-0.010325,1.606745,0.093038,9.354913,2.106198,358.6676,0,0,0,0,0,0,0.163834,0.682121,0.220183,42.78573,353.7208,12.5774,0,False,False
70.01043,-0.010288,1.606809,0.09314,9.308313,2.219817,358.7173,0,0,0,0,0,0,0.164124,0.682177,0.22019,42.73459,353.7397,12.59047,0,False,False
70.02159,-0.010187,1.607004,0.093208,9.221103,2.301255,358.7659,0,0,0,0,0,0,0.164308,0.682362,0.220295,42.61538,353.7972,12.52717,0,False,False
70.03265,-0.010108,1.607167,0.093212,9.147041,2.386698,358.8185,0,0,0,0,0,0,0.164539,0.682603,0.220386,42.49994,353.8806,12.48567,0,False,False
70.04383,-0.009994,1.607361,0.093214,9.024276,2.469675,358.8332,0,0,0,0,0,0,0.164718,0.68285,0.220386,42.35521,353.9995,12.40359,0,False,False
70.05484,-0.009914,1.607589,0.093183,8.907321,2.537172,358.8285,0,0,0,0,0,0,0.164855,0.682976,0.220264,42.27523,354.0694,12.36988,0,False,False
70.06606,-0.009807,1.607882,0.093175,8.761281,2.58779,358.7831,0,0,0,0,0,0,0.164871,0.682926,0.219994,42.24916,354.128,12.35879,0,False,False
70.07706,-0.009702,1.608171,0.093197,8.631218,2.638917,358.7325,0,0,0,0,0,0,0.164921,0.68285,0.219644,42.28189,354.1835,12.32268,0,False,False
70.08825,-0.009624,1.608386,0.093064,8.483389,2.685402,358.6545,0,0,0,0,0,0,0.164871,0.682712,0.219082,42.34359,354.267,12.27065,0,False,False
70.0994,-0.009486,1.60863,0.093016,8.353085,2.731121,358.5858,0,0,0,0,0,0,0.164796,0.682688,0.218726,42.40725,354.3064,12.20576,0,False,False
70.11058,-0.009377,1.608868,0.092892,8.224506,2.773894,358.5297,0,0,0,0,0,0,0.164615,0.682369,0.217966,42.53798,354.3391,12.0955,0,False,False
70.12154,-0.009244,1.60916,0.092737,8.063681,2.815257,358.4723,0,0,0,0,0,0,0.164576,0.682083,0.217508,42.64929,354.3958,11.9747,0,False,False
70.13258,-0.009107,1.609484,0.092668,7.870937,2.883869,358.4424,0,0,0,0,0,0,0.164523,0.681755,0.217024,42.71859,354.4843,11.89809,0,False,False
70.14373,-0.008905,1.60993,0.092561,7.594305,2.963502,358.3624,0,0,0,0,0,0,0.164543,0.681571,0.216619,42.74096,354.5923,11.85215,0,False,False
70.15508,-0.008631,1.610454,0.092502,7.304499,3.053099,358.2655,0,0,0,0,0,0,0.164611,0.681542,0.21621,42.72763,354.7079,11.81696,0,False,False
70.1662,-0.008339,1.610964,0.092363,7.000099,3.152,358.1325,0,0,0,0,0,0,0.164691,0.681449,0.215883,42.71957,354.8118,11.75731,0,False,False
70.17721,-0.00802,1.611481,0.092226,6.685188,3.265834,358.0131,0,0,0,0,0,0,0.164817,0.681477,0.215518,42.69074,354.9483,11.69899,0,False,False
70.18824,-0.007674,1.611959,0.092131,6.350946,3.365503,357.8691,0,0,0,0,0,0,0.164987,0.681462,0.215247,42.66942,355.069,11.65509,0,False,False
70.19927,-0.007361,1.612443,0.091999,6.016977,3.46062,357.7265,0,0,0,0,0,0,0.165365,0.681459,0.215164,42.65881,355.2847,11.61822,0,False,False
70.21036,-0.007043,1.612933,0.091854,5.701747,3.556089,357.5634,0,0,0,0,0,0,0.165653,0.68139,0.214992,42.67373,355.4667,11.56791,0,False,False
70.2217,-0.006763,1.613337,0.091694,5.393083,3.633273,357.3796,0,0,0,0,0,0,0.166043,0.681357,0.214864,42.69468,355.6423,11.53399,0,False,False
70.23256,-0.0065,1.613689,0.091548,5.144064,3.697074,357.184,0,0,0,0,0,0,0.166394,0.681286,0.214745,42.71742,355.777,11.50215,0,False,False
70.24374,-0.006117,1.613986,0.09154,4.940099,3.730133,356.9733,0,0,0,0,0,0,0.166653,0.681216,0.214577,42.74047,355.8648,11.52864,0,False,False
70.25489,-0.005897,1.614208,0.091405,4.775073,3.761934,356.7638,0,0,0,0,0,0,0.166869,0.68105,0.214505,42.74908,355.9496,11.53287,0,False,False
70.26603,-0.005726,1.614272,0.091052,4.670521,3.792047,356.5572,0,0,0,0,0,0,0.167143,0.680982,0.21445,42.74748,355.9835,11.55325,0,False,False
70.27706,-0.005492,1.614292,0.090848,4.611572,3.830505,356.3706,0,0,0,0,0,0,0.167243,0.681025,0.214407,42.72952,355.9589,11.59576,0,False,False
70.28808,-0.005276,1.614148,0.090641,4.637314,3.871406,356.2161,0,0,0,0,0,0,0.167442,0.681041,0.214358,42.72138,355.9392,11.62884,0,False,False
70.29919,-0.005043,1.613961,0.090504,4.732839,3.913589,356.0907,0,0,0,0,0,0,0.167575,0.68106,0.214408,42.71749,355.9253,11.6584,0,False,False
70.31044,-0.00477,1.613679,0.090428,4.853066,3.95594,355.9841,0,0,0,0,0,0,0.167793,0.681212,0.214598,42.71677,355.9115,11.63696,0,False,False
70.32152,-0.004546,1.613269,0.090436,5.055851,4.009543,355.8994,0,0,0,0,0,0,0.168002,0.681307,0.214852,42.70993,355.9399,11.64558,0,False,False
70.33256,-0.004329,1.612734,0.090457,5.347648,4.042012,355.8045,0,0,0,0,0,0,0.168124,0.681421,0.215049,42.68716,355.9658,11.69693,0,False,False
70.34364,-0.00414,1.611964,0.090529,5.776937,4.075462,355.7544,0,0,0,0,0,0,0.168255,0.68148,0.215346,42.65723,355.9706,11.78567,0,False,False
70.35482,-0.003923,1.611146,0.090643,6.247281,4.109716,355.6848,0,0,0,0,0,0,0.168199,0.681475,0.215649,42.6321,355.952,11.86774,0,False,False
70.36584,-0.00371,1.610048,0.090785,6.846405,4.147552,355.6743,0,0,0,0,0,0,0.168293,0.681477,0.216018,42.60791,355.9072,11.9261,0,False,False
70.37701,-0.003529,1.608909,0.090996,7.508756,4.178478,355.6648,0,0,0,0,0,0,0.168212,0.681536,0.216367,42.59605,355.8419,11.98736,0,False,False
70.38815,-0.003411,1.607483,0.09117,8.302017,4.200114,355.719,0,0,0,0,0,0,0.168166,0.681494,0.216642,42.58471,355.7516,12.03996,0,False,False
70.39917,-0.00322,1.605963,0.09142,9.106838,4.213766,355.7946,0,0,0,0,0,0,0.167969,0.681522,0.217029,42.58076,355.6164,12.05833,0,False,False
70.41032,-0.003086,1.604617,0.091663,9.83067,4.271101,355.932,0,0,0,0,0,0,0.167802,0.681633,0.217546,42.5592,355.4839,12.06704,0,False,False
70.42145,-0.002887,1.603669,0.092022,10.29825,4.373668,356.1064,0,0,0,0,0,0,0.167506,0.681787,0.218084,42.53632,355.3528,12.1069,0,False,False
70.43256,-0.002626,1.603291,0.092501,10.52789,4.489359,356.2771,0,0,0,0,0,0,0.167294,0.681886,0.218839,42.48425,355.2338,12.16637,0,False,False
70.44357,-0.002409,1.603428,0.09288,10.38272,4.594295,356.3938,0,0,0,0,0,0,0.167067,0.682153,0.219628,42.40431,355.1308,12.21372,0,False,False
70.45489,-0.002171,1.603622,0.093148,10.15306,4.674833,356.4659,0,0,0,0,0,0,0.16684,0.682467,0.220498,42.26125,355.0508,12.20769,0,False,False
70.46584,-0.002029,1.603936,0.093218,9.879499,4.720849,356.4941,0,0,0,0,0,0,0.166581,0.682734,0.221178,42.08315,355.0056,12.20707,0,False,False
70.47704,-0.001937,1.604294,0.09313,9.601231,4.759192,356.5219,0,0,0,0,0,0,0.166387,0.68304,0.221982,41.83982,354.9734,12.18421,0,False,False
70.48807,-0.001875,1.604598,0.09297,9.386723,4.76125,356.55,0,0,0,0,0,0,0.166115,0.683337,0.222673,41.62441,354.9415,12.17727,0,False,False
70.49912,-0.001853,1.605132,0.092745,9.109752,4.736003,356.5774,0,0,0,0,0,0,0.165852,0.683585,0.223213,41.45226,354.8972,12.16955,0,False,False
70.51031,-0.001831,1.6057,0.092422,8.819911,4.692919,356.5869,0,0,0,0,0,0,0.165571,0.683776,0.223512,41.32558,354.8527,12.15787,0,False,False
70.52142,-0.001718,1.606485,0.09212,8.448769,4.620747,356.6155,0,0,0,0,0,0,0.165326,0.683885,0.2237,41.23246,354.8111,12.14774,0,False,False
70.53254,-0.001628,1.607237,0.091771,8.061125,4.542436,356.6281,0,0,0,0,0,0,0.165118,0.683889,0.223609,41.23782,354.7756,12.11729,0,False,False
70.54368,-0.001565,1.608097,0.091445,7.551409,4.454447,356.6287,0,0,0,0,0,0,0.165027,0.683665,0.223363,41.34244,354.7519,12.05986,0,False,False
70.55466,-0.001582,1.608918,0.090997,7.090032,4.34318,356.5936,0,0,0,0,0,0,0.164915,0.683239,0.222992,41.49463,354.7436,11.96048,0,False,False
70.56577,-0.001664,1.609761,0.090618,6.658442,4.225287,356.554,0,0,0,0,0,0,0.164916,0.682805,0.222563,41.68999,354.7487,11.88256,0,False,False
70.57695,-0.001708,1.610596,0.090183,6.216794,4.050874,356.4829,0,0,0,0,0,0,0.164733,0.682275,0.222135,41.8763,354.7486,11.86561,0,False,False
70.58806,-0.001688,1.611458,0.089921,5.777408,3.86418,356.3992,0,0,0,0,0,0,0.164743,0.681863,0.221836,42.04899,354.7255,11.82758,0,False,False
70.59907,-0.00187,1.61213,0.089435,5.372557,3.660549,356.2932,0,0,0,0,0,0,0.164669,0.681446,0.221517,42.17688,354.6976,11.77839,0,False,False
70.61026,-0.002086,1.612779,0.088962,5.015745,3.452314,356.1976,0,0,0,0,0,0,0.164733,0.681115,0.22125,42.27721,354.685,11.72218,0,False,False
70.62137,-0.00223,1.613184,0.088611,4.757058,3.221475,356.0738,0,0,0,0,0,0,0.164689,0.680796,0.220895,42.32368,354.6954,11.69284,0,False,False
70.63239,-0.00238,1.613399,0.088275,4.58874,3.000917,355.981,0,0,0,0,0,0,0.164854,0.680714,0.220835,42.30796,354.731,11.67472,0,False,False
70.64355,-0.00257,1.613467,0.087983,4.514376,2.783736,355.9081,0,0,0,0,0,0,0.165023,0.680545,0.220594,42.33273,354.7733,11.67557,0,False,False
70.65474,-0.002712,1.613408,0.087814,4.533813,2.541199,355.8216,0,0,0,0,0,0,0.165226,0.680507,0.220517,42.33901,354.8289,11.72313,0,False,False
70.6658,-0.002859,1.613353,0.087681,4.581951,2.292247,355.7273,0,0,0,0,0,0,0.16544,0.680473,0.220496,42.36045,354.8905,11.73936,0,False,False
70.67689,-0.00303,1.613044,0.087614,4.707441,2.015888,355.5961,0,0,0,0,0,0,0.165715,0.680372,0.220447,42.39267,354.9306,11.78223,0,False,False
70.688,-0.003225,1.612685,0.087688,4.858223,1.7228,355.4294,0,0,0,0,0,0,0.165853,0.680371,0.220535,42.42848,354.9614,11.75417,0,False,False
70.69911,-0.003463,1.612221,0.087834,5.101896,1.42195,355.2571,0,0,0,0,0,0,0.16586,0.680343,0.220595,42.42607,354.9639,11.74623,0,False,False
70.71022,-0.003697,1.611704,0.088081,5.369446,1.098762,355.0642,0,0,0,0,0,0,0.165934,0.680399,0.220784,42.39222,354.9312,11.77337,0,False,False
70.7214,-0.003947,1.611136,0.088321,5.666208,0.788137,354.8819,0,0,0,0,0,0,0.165955,0.680528,0.221069,42.31396,354.8929,11.82632,0,False,False
70.73242,-0.004171,1.610475,0.088614,6.02317,0.507373,354.7154,0,0,0,0,0,0,0.165957,0.680756,0.221465,42.21609,354.8723,11.88047,0,False,False
70.74352,-0.00439,1.60983,0.088916,6.351067,0.250356,354.5675,0,0,0,0,0,0,0.16594,0.680871,0.221704,42.14624,354.8599,11.90627,0,False,False
70.75467,-0.004517,1.609232,0.089351,6.658668,0.033296,354.4719,0,0,0,0,0,0,0.165926,0.681014,0.222117,42.05652,354.8705,11.93155,0,False,False
70.76575,-0.004715,1.60867,0.089683,6.965962,359.8392,354.3755,0,0,0,0,0,0,0.165931,0.681205,0.222478,41.96006,354.8796,11.97547,0,False,False
70.77682,-0.004857,1.608062,0.090106,7.268641,359.6795,354.3224,0,0,0,0,0,0,0.165913,0.681348,0.222954,41.8604,354.8922,12.00823,0,False,False
70.78806,-0.005009,1.607442,0.09051,7.561091,359.5191,354.2753,0,0,0,0,0,0,0.165893,0.681496,0.223245,41.7611,354.8985,12.00526,0,False,False
70.79906,-0.005154,1.60682,0.090864,7.899147,359.3942,354.2578,0,0,0,0,0,0,0.165853,0.681671,0.223462,41.68711,354.9221,12.00303,0,False,False
70.8103,-0.005323,1.606146,0.091207,8.270084,359.2893,354.2385,0,0,0,0,0,0,0.165911,0.681844,0.223729,41.616,354.9437,11.99233,0,False,False
70.82124,-0.00545,1.605404,0.09155,8.671975,359.2239,354.2508,0,0,0,0,0,0,0.165952,0.68191,0.223805,41.5815,354.9675,11.97241,0,False,False
70.83235,-0.005532,1.60477,0.091887,9.028502,359.1974,354.2949,0,0,0,0,0,0,0.165994,0.682051,0.223969,41.52247,354.9659,11.9717,0,False,False
70.8435,-0.005503,1.604297,0.092275,9.320491,359.2585,354.3754,0,0,0,0,0,0,0.165937,0.682072,0.223961,41.49426,354.8807,11.96476,0,False,False
70.85452,-0.005431,1.604,0.092697,9.489692,359.3628,354.4879,0,0,0,0,0,0,0.165983,0.68205,0.224038,41.44942,354.8299,11.94635,0,False,False
70.86573,-0.005302,1.603984,0.093063,9.535086,359.5713,354.6382,0,0,0,0,0,0,0.166145,0.682126,0.224164,41.4087,354.7205,11.94535,0,False,False
70.87682,-0.005069,1.604136,0.093402,9.48441,359.8242,354.8053,0,0,0,0,0,0,0.166334,0.682424,0.224483,41.22162,354.5175,12.07616,0,False,False
70.88795,-0.00479,1.604314,0.093772,9.40831,0.088077,354.9759,0,0,0,0,0,0,0.166576,0.683008,0.225169,40.84045,354.2528,12.27544,0,False,False
70.89909,-0.004457,1.604687,0.094057,9.21072,0.464207,355.1777,0,0,0,0,0,0,0.166877,0.684238,0.226513,39.93459,353.9862,12.66087,0,False,False
70.9101,-0.00416,1.604989,0.094226,9.043643,0.838144,355.3695,0,0,0,0,0,0,0.16759,0.686205,0.228528,38.69041,354.0577,13.13679,0,False,False
70.92146,-0.003743,1.605325,0.094345,8.853329,1.255636,355.5628,0,0,0,0,0,0,0.169075,0.688751,0.231356,37.15356,354.5794,13.80363,0,False,False
70.93245,-0.003321,1.605596,0.094451,8.726307,1.671357,355.7512,0,0,0,0,0,0,0.170762,0.69119,0.233888,35.71141,355.248,14.32361,0,False,False
70.94366,-0.002831,1.605909,0.094512,8.625438,2.097806,355.967,0,0,0,0,0,0,0.173773,0.695056,0.237754,33.6716,356.5652,14.70748,0,False,False
70.95465,-0.002383,1.606272,0.094602,8.501638,2.52517,356.1756,0,0,0,0,0,0,0.177091,0.69907,0.241592,31.67952,358.0072,14.87837,0,False,False
70.96564,-0.001954,1.606594,0.094686,8.361732,2.934054,356.3368,0,0,0,0,0,0,0.180328,0.702819,0.245039,29.88771,359.3826,15.0921,0,False,False
70.97675,-0.001539,1.606826,0.094786,8.252329,3.329508,356.4717,0,0,0,0,0,0,0.184888,0.706511,0.248499,28.43071,1.24653,15.15874,0,False,False
70.98779,-0.001152,1.606996,0.094915,8.221499,3.721556,356.5863,0,0,0,0,0,0,0.188562,0.709875,0.251435,27.08044,2.612414,15.41962,0,False,False
70.99892,-0.000765,1.607066,0.095039,8.238272,4.056102,356.6953,0,0,0,0,0,0,0.192469,0.712848,0.254456,25.97235,3.963543,15.98017,0,False,False
71.01003,-0.000408,1.60708,0.095189,8.318747,4.356183,356.813,0,0,0,0,0,0,0.196017,0.715561,0.257043,24.99193,5.032834,16.70175,0,False,False
71.02114,-0.00014,1.606911,0.095346,8.50915,4.610689,356.9072,0,0,0,0,0,0,0.199486,0.718027,0.259536,24.14461,6.059069,17.40947,0,False,False
71.03228,0.000066,1.606575,0.095476,8.743408,4.824822,356.9873,0,0,0,0,0,0,0.202873,0.720093,0.261814,23.57283,7.01335,17.85356,0,False,False
71.04337,0.000181,1.606045,0.095674,9.081619,4.974565,357.0352,0,0,0,0,0,0,0.206058,0.722104,0.263923,23.05007,7.951415,18.12169,0,False,False
71.05471,0.000259,1.605453,0.095887,9.484666,5.082946,357.0594,0,0,0,0,0,0,0.208902,0.723121,0.265859,23.05459,8.692582,18.20198,0,False,False
71.06557,0.000349,1.604795,0.096158,9.861796,5.160282,357.0393,0,0,0,0,0,0,0.211243,0.723938,0.267586,23.15536,9.225519,18.17696,0,False,False
71.07676,0.000341,1.604039,0.09647,10.29529,5.180077,357.0019,0,0,0,0,0,0,0.213337,0.724673,0.269328,23.25603,9.579247,18.12977,0,False,False
71.0879,0.000295,1.603301,0.0968,10.72033,5.203597,356.9706,0,0,0,0,0,0,0.215278,0.725547,0.271029,23.24976,9.90153,18.1623,0,False,False
71.09887,0.000214,1.602422,0.09717,11.18012,5.160937,356.9444,0,0,0,0,0,0,0.216402,0.726214,0.272453,23.33261,9.882393,18.1262,0,False,False
71.10999,0.000146,1.601537,0.097538,11.69762,5.11975,356.9249,0,0,0,0,0,0,0.21723,0.726372,0.273781,23.54675,9.728887,17.95948,0,False,False
71.1212,0,1.600427,0.09787,12.31532,5.026577,356.8833,0,0,0,0,0,0,0.21816,0.726562,0.27493,23.87274,9.633822,17.73586,0,False,False
71.1323,-0.0001,1.599255,0.098206,12.97522,4.941895,356.8409,0,0,0,0,0,0,0.217904,0.725509,0.275552,24.80367,9.112124,17.14626,0,False,False
71.14339,-0.000206,1.598,0.098502,13.6896,4.844269,356.7932,0,0,0,0,0,0,0.217946,0.724693,0.276069,25.64916,8.759864,16.69599,0,False,False
71.15459,-0.000304,1.596679,0.098843,14.44263,4.749508,356.7469,0,0,0,0,0,0,0.217336,0.722943,0.27607,26.96031,8.204478,16.06406,0,False,False
71.1655,-0.00039,1.595605,0.099165,15.08025,4.686619,356.6982,0,0,0,0,0,0,0.216356,0.720719,0.275616,28.55634,7.507222,15.41204,0,False,False
71.17667,-0.000423,1.594797,0.099558,15.48954,4.615541,356.6509,0,0,0,0,0,0,0.215036,0.718274,0.274729,30.26287,6.700902,14.78086,0,False,False
71.18782,-0.000455,1.594468,0.099982,15.6953,4.60342,356.6346,0,0,0,0,0,0,0.213289,0.715723,0.273396,31.93875,5.788932,14.27136,0,False,False
71.19883,-0.00045,1.59428,0.100401,15.80538,4.576761,356.5987,0,0,0,0,0,0,0.211575,0.713481,0.272169,33.48642,4.851853,13.77827,0,False,False
71.21017,-0.00042,1.594331,0.100733,15.74206,4.600828,356.5883,0,0,0,0,0,0,0.209191,0.710932,0.270244,35.08027,3.660445,13.36026,0,False,False
71.22114,-0.000368,1.594418,0.101031,15.68569,4.623551,356.596,0,0,0,0,0,0,0.207052,0.708702,0.268443,36.48724,2.487988,12.87847,0,False,False
71.23223,-0.000286,1.594735,0.101202,15.51567,4.664934,356.6461,0,0,0,0,0,0,0.204382,0.706768,0.266193,37.53297,1.14841,12.52672,0,False,False
71.24329,-0.00027,1.595233,0.101335,15.26533,4.723109,356.71,0,0,0,0,0,0,0.20194,0.70499,0.264186,38.60839,359.8512,12.05561,0,False,False
71.25464,-0.000201,1.596125,0.101446,14.80484,4.800203,356.7655,0,0,0,0,0,0,0.199229,0.703392,0.261991,39.38765,358.5059,11.72187,0,False,False
71.2655,-0.000127,1.597113,0.101527,14.2832,4.879101,356.8158,0,0,0,0,0,0,0.196538,0.702005,0.260053,40.00054,357.2726,11.43373,0,False,False
71.27662,-0.000013,1.598431,0.101581,13.60816,4.951294,356.8442,0,0,0,0,0,0,0.194106,0.700661,0.257972,40.55487,356.1488,11.15929,0,False,False
71.28777,0.000054,1.59997,0.101656,12.8036,5.00092,356.8475,0,0,0,0,0,0,0.191782,0.699543,0.256027,40.78262,355.35,11.09342,0,False,False
71.29884,0.000111,1.601418,0.101623,11.98859,5.063834,356.8519,0,0,0,0,0,0,0.189615,0.698391,0.254131,41.16759,354.503,10.92541,0,False,False
71.30988,0.000213,1.603002,0.101461,11.13286,5.100575,356.8373,0,0,0,0,0,0,0.187661,0.697239,0.252102,41.37548,354.0228,10.85148,0,False,False
71.32108,0.000283,1.604505,0.101241,10.37195,5.124719,356.8492,0,0,0,0,0,0,0.186177,0.696188,0.249937,41.5127,353.8451,10.81868,0,False,False
71.33224,0.000317,1.605828,0.100957,9.668961,5.155557,356.8631,0,0,0,0,0,0,0.184818,0.695066,0.248009,41.66525,353.8095,10.79782,0,False,False
71.34335,0.000264,1.607067,0.100705,9.020212,5.170154,356.8781,0,0,0,0,0,0,0.183718,0.693842,0.246085,41.75562,354.0383,10.85434,0,False,False
71.35443,0.00023,1.608161,0.100443,8.437998,5.150644,356.8748,0,0,0,0,0,0,0.182538,0.692686,0.243988,41.88333,354.1824,10.90267,0,False,False
71.36546,0.000117,1.609032,0.100106,7.976402,5.113941,356.8435,0,0,0,0,0,0,0.181705,0.691426,0.242026,41.96189,354.6111,11.03975,0,False,False
71.37656,0.00005,1.609731,0.099802,7.630104,5.059433,356.7887,0,0,0,0,0,0,0.180705,0.690371,0.239836,42.06215,354.9526,11.06702,0,False,False
71.38779,-0.000127,1.610122,0.099458,7.391897,4.992792,356.7344,0,0,0,0,0,0,0.179698,0.689201,0.237448,42.15171,355.2616,11.01639,0,False,False
71.3988,-0.000186,1.610485,0.099254,7.213729,4.92228,356.6929,0,0,0,0,0,0,0.178547,0.687856,0.235183,42.29332,355.4783,10.97366,0,False,False
71.40987,-0.000319,1.610619,0.099092,7.142217,4.84479,356.6531,0,0,0,0,0,0,0.177309,0.686648,0.232857,42.49412,355.5966,10.85211,0,False,False
71.42105,-0.00033,1.610725,0.099042,7.077829,4.760332,356.62,0,0,0,0,0,0,0.175904,0.685294,0.230284,42.71848,355.6659,10.72047,0,False,False
71.43218,-0.000384,1.61061,0.099047,7.124477,4.689861,356.5903,0,0,0,0,0,0,0.174157,0.683565,0.227372,43.05798,355.4833,10.5713,0,False,False
71.44329,-0.000521,1.610437,0.098982,7.222609,4.607282,356.5617,0,0,0,0,0,0,0.172334,0.682061,0.224414,43.34835,355.3279,10.48346,0,False,False
71.45435,-0.000622,1.610048,0.099021,7.438634,4.537427,356.5568,0,0,0,0,0,0,0.170463,0.680742,0.22175,43.60917,354.9821,10.42949,0,False,False
71.46543,-0.000726,1.609522,0.099124,7.727187,4.466021,356.5423,0,0,0,0,0,0,0.168409,0.67931,0.218933,43.77886,354.5787,10.41993,0,False,False
71.47665,-0.000861,1.60899,0.099216,8.025902,4.402677,356.5215,0,0,0,0,0,0,0.166575,0.678217,0.216492,43.88786,354.2097,10.41087,0,False,False
71.48766,-0.000939,1.608312,0.099475,8.41502,4.341852,356.5018,0,0,0,0,0,0,0.164681,0.677015,0.213997,44.0552,353.8939,10.31886,0,False,False
71.49877,-0.001029,1.607641,0.09963,8.751946,4.292561,356.4885,0,0,0,0,0,0,0.162997,0.675983,0.211717,44.28319,353.6747,10.02636,0,False,False
71.50996,-0.001049,1.606991,0.100025,9.092492,4.262255,356.5248,0,0,0,0,0,0,0.162642,0.675101,0.210468,44.71795,354.0422,8.264076,0,False,False
71.5211,-0.001052,1.606476,0.100526,9.364349,4.256158,356.5829,0,0,0,0,0,0,0.163089,0.674665,0.209501,45.00577,355.1148,7.163665,0,False,False
71.53213,-0.001018,1.60598,0.101013,9.598677,4.269718,356.6369,0,0,0,0,0,0,0.16359,0.674335,0.208786,45.11657,355.9783,6.916652,0,False,False
71.54325,-0.001016,1.605447,0.101524,9.830932,4.303811,356.7125,0,0,0,0,0,0,0.165392,0.674585,0.209593,44.95191,356.965,7.030196,0,False,False
71.55433,-0.001016,1.604929,0.101978,10.08905,4.332271,356.7827,0,0,0,0,0,0,0.166543,0.674542,0.209542,44.8869,357.6987,6.834325,0,False,False
71.56535,-0.00103,1.604436,0.102381,10.37268,4.355712,356.8448,0,0,0,0,0,0,0.168084,0.675122,0.210499,44.64623,358.3478,7.339332,0,False,False
71.57658,-0.001065,1.603899,0.102789,10.66354,4.380044,356.9044,0,0,0,0,0,0,0.169298,0.675787,0.211479,44.35936,358.6668,8.037412,0,False,False
71.5876,-0.001054,1.603352,0.103166,10.94265,4.38604,356.969,0,0,0,0,0,0,0.169906,0.676564,0.212335,44.07107,358.5658,8.581552,0,False,False
71.59866,-0.001098,1.603053,0.103476,11.09785,4.413248,357.0533,0,0,0,0,0,0,0.170192,0.677107,0.213032,43.81935,358.4534,8.983584,0,False,False
71.60986,-0.001071,1.602996,0.103746,11.12281,4.419144,357.1272,0,0,0,0,0,0,0.170305,0.677736,0.21376,43.55879,357.9978,9.29891,0,False,False
71.62105,-0.001115,1.60328,0.103958,10.9763,4.419299,357.2052,0,0,0,0,0,0,0.170183,0.678479,0.214555,43.3075,357.3826,9.534296,0,False,False
71.63219,-0.001181,1.60376,0.104077,10.71672,4.404253,357.2648,0,0,0,0,0,0,0.17038,0.679216,0.215457,43.12764,356.9312,9.753984,0,False,False
71.64309,-0.001253,1.604606,0.104001,10.24855,4.371278,357.2853,0,0,0,0,0,0,0.170144,0.679793,0.21603,43.01364,356.3179,9.93111,0,False,False
71.65438,-0.001355,1.605491,0.103843,9.77998,4.339415,357.29,0,0,0,0,0,0,0.170126,0.680337,0.216826,42.92333,355.769,10.11144,0,False,False
71.66535,-0.001489,1.606237,0.103518,9.369628,4.289163,357.3112,0,0,0,0,0,0,0.170046,0.680927,0.217472,42.83078,355.2606,10.47348,0,False,False
71.67662,-0.001642,1.606959,0.103089,8.999253,4.237772,357.3232,0,0,0,0,0,0,0.169858,0.681331,0.217841,42.74965,354.7844,10.83242,0,False,False
71.6875,-0.001798,1.607543,0.102603,8.706912,4.174195,357.3489,0,0,0,0,0,0,0.169731,0.68176,0.218147,42.66528,354.3934,11.08952,0,False,False
71.69869,-0.001968,1.607974,0.10209,8.491627,4.083715,357.3674,0,0,0,0,0,0,0.169779,0.682068,0.218538,42.62865,354.1017,11.22507,0,False,False
71.70983,-0.002141,1.608291,0.101634,8.346083,3.989923,357.3777,0,0,0,0,0,0,0.169874,0.682365,0.218815,42.60447,353.863,11.2804,0,False,False
71.72108,-0.002338,1.608454,0.10116,8.309329,3.87903,357.3539,0,0,0,0,0,0,0.170243,0.68245,0.219185,42.67763,353.86,11.18321,0,False,False
71.73216,-0.002542,1.608523,0.10075,8.329841,3.802086,357.3311,0,0,0,0,0,0,0.170845,0.682443,0.219314,42.79779,354.1009,11.00336,0,False,False
71.74337,-0.002713,1.608474,0.100443,8.377968,3.720881,357.3072,0,0,0,0,0,0,0.17116,0.682526,0.219461,42.87956,354.1707,10.96147,0,False,False
71.75437,-0.002864,1.608447,0.100226,8.435249,3.666991,357.2952,0,0,0,0,0,0,0.171599,0.682357,0.219597,43.0197,354.365,11.00451,0,False,False
71.76527,-0.002988,1.608319,0.100062,8.52915,3.61832,357.3317,0,0,0,0,0,0,0.17202,0.682267,0.219783,43.11863,354.4472,11.16641,0,False,False
71.77653,-0.003121,1.608117,0.099966,8.628139,3.591632,357.3743,0,0,0,0,0,0,0.172209,0.682121,0.219918,43.20833,354.4796,11.31745,0,False,False
71.7875,-0.003233,1.608107,0.100006,8.602134,3.594082,357.42,0,0,0,0,0,0,0.172107,0.681821,0.219956,43.26537,354.4291,11.51473,0,False,False
71.79857,-0.003318,1.6084,0.100096,8.406298,3.591019,357.4585,0,0,0,0,0,0,0.172096,0.681663,0.220136,43.31957,354.4076,11.62022,0,False,False
71.80968,-0.003388,1.608958,0.100235,8.054934,3.584042,357.4663,0,0,0,0,0,0,0.17189,0.681589,0.220339,43.35271,354.3808,11.62714,0,False,False
71.82103,-0.003498,1.609447,0.100272,7.761878,3.539602,357.4325,0,0,0,0,0,0,0.171629,0.681605,0.220741,43.38319,354.3503,11.64012,0,False,False
71.83202,-0.003649,1.609795,0.100183,7.53686,3.482341,357.3956,0,0,0,0,0,0,0.171219,0.681684,0.22111,43.35527,354.325,11.66997,0,False,False
71.84314,-0.003815,1.610062,0.10008,7.399491,3.415134,357.3774,0,0,0,0,0,0,0.170723,0.681817,0.221474,43.26304,354.3148,11.67743,0,False,False
71.85423,-0.004013,1.610144,0.099776,7.352497,3.32697,357.4009,0,0,0,0,0,0,0.170226,0.682057,0.221837,43.17363,354.3034,11.61619,0,False,False
71.86529,-0.004231,1.610146,0.099497,7.347249,3.251812,357.418,0,0,0,0,0,0,0.169479,0.682381,0.222061,42.98617,354.2712,11.39935,0,False,False
71.8764,-0.004417,1.610207,0.099304,7.355223,3.163538,357.4257,0,0,0,0,0,0,0.168907,0.682648,0.22235,42.87301,354.2339,11.2807,0,False,False
71.88744,-0.004613,1.610174,0.099059,7.416693,3.099801,357.4305,0,0,0,0,0,0,0.167931,0.683195,0.222393,42.72029,354.0896,11.0635,0,False,False
71.89857,-0.004824,1.610114,0.098812,7.464953,3.040828,357.4453,0,0,0,0,0,0,0.167154,0.683586,0.222427,42.62144,353.9532,10.88326,0,False,False
71.90969,-0.005009,1.610033,0.098614,7.52272,3.00498,357.489,0,0,0,0,0,0,0.166151,0.683839,0.222315,42.57875,353.7537,10.69508,0,False,False
71.92094,-0.005183,1.610049,0.09845,7.521906,2.97514,357.5174,0,0,0,0,0,0,0.165126,0.68399,0.222169,42.59864,353.5125,10.53659,0,False,False
71.93199,-0.005338,1.610196,0.098259,7.451707,2.952844,357.5496,0,0,0,0,0,0,0.164101,0.683886,0.221834,42.66614,353.2725,10.41251,0,False,False
71.94318,-0.00549,1.610365,0.098084,7.397971,2.931961,357.5949,0,0,0,0,0,0,0.163215,0.683743,0.221395,42.80287,353.0287,10.28886,0,False,False
71.95417,-0.005664,1.610604,0.097929,7.311532,2.916876,357.6232,0,0,0,0,0,0,0.162242,0.683524,0.221082,42.91947,352.8089,10.2235,0,False,False
71.96523,-0.005817,1.610781,0.097752,7.213414,2.916327,357.6687,0,0,0,0,0,0,0.161432,0.683217,0.220631,43.09007,352.5997,10.20166,0,False,False
71.97643,-0.00594,1.610945,0.097565,7.147931,2.903997,357.7091,0,0,0,0,0,0,0.160739,0.682887,0.220272,43.22974,352.4621,10.1263,0,False,False
71.98747,-0.006087,1.611044,0.097327,7.062489,2.899515,357.7522,0,0,0,0,0,0,0.160265,0.68273,0.220075,43.32652,352.3599,10.04702,0,False,False
71.9985,-0.006239,1.611203,0.097145,6.958816,2.897355,357.7761,0,0,0,0,0,0,0.159797,0.682601,0.219941,43.39227,352.305,9.93484,0,False,False
72.00984,-0.00636,1.611355,0.096956,6.852715,2.888949,357.8379,0,0,0,0,0,0,0.159748,0.682694,0.220101,43.37926,352.4196,9.890356,0,False,False
72.02097,-0.006471,1.611528,0.096771,6.74744,2.870245,357.8705,0,0,0,0,0,0,0.159772,0.682795,0.220384,43.30767,352.5771,9.973227,0,False,False
72.03191,-0.006601,1.611668,0.096642,6.671334,2.857859,357.8997,0,0,0,0,0,0,0.159776,0.682884,0.220497,43.24006,352.6738,10.04687,0,False,False
72.04305,-0.00673,1.611805,0.096464,6.606768,2.823336,357.9125,0,0,0,0,0,0,0.159938,0.683074,0.220805,43.12437,352.7841,10.19134,0,False,False
72.05412,-0.006843,1.611876,0.096268,6.577213,2.791411,357.9131,0,0,0,0,0,0,0.160113,0.683192,0.221069,43.03522,352.8651,10.35149,0,False,False
72.06518,-0.00699,1.611916,0.096041,6.549556,2.754073,357.928,0,0,0,0,0,0,0.160226,0.683386,0.22131,43.0073,352.8837,10.47898,0,False,False
72.07633,-0.007101,1.611938,0.095849,6.55517,2.712746,357.9176,0,0,0,0,0,0,0.160289,0.68353,0.221384,43.00632,352.8419,10.55409,0,False,False
72.08742,-0.007247,1.612002,0.095684,6.545758,2.671073,357.9292,0,0,0,0,0,0,0.160266,0.683716,0.221458,43.04464,352.7417,10.5994,0,False,False
72.09849,-0.007377,1.612101,0.095538,6.500656,2.641054,357.9239,0,0,0,0,0,0,0.16026,0.683839,0.221542,43.08644,352.6301,10.63918,0,False,False
72.10963,-0.007478,1.612214,0.095409,6.439662,2.603958,357.9029,0,0,0,0,0,0,0.160258,0.684018,0.221674,43.14782,352.4194,10.62795,0,False,False
72.12096,-0.007599,1.61233,0.095275,6.39457,2.568862,357.884,0,0,0,0,0,0,0.160122,0.684156,0.221666,43.20205,352.1551,10.60391,0,False,False
72.13183,-0.007726,1.612437,0.09512,6.356194,2.552902,357.8629,0,0,0,0,0,0,0.160049,0.684287,0.221713,43.23502,351.8959,10.57345,0,False,False
72.14307,-0.007828,1.612484,0.094927,6.32022,2.531268,357.8532,0,0,0,0,0,0,0.15995,0.684363,0.221842,43.26109,351.6911,10.59577,0,False,False
72.15412,-0.007901,1.612545,0.094751,6.32653,2.508398,357.8517,0,0,0,0,0,0,0.159947,0.684396,0.221954,43.28566,351.527,10.64031,0,False,False
72.16515,-0.008,1.612598,0.094542,6.309857,2.49893,357.8535,0,0,0,0,0,0,0.160112,0.684573,0.22227,43.2754,351.4128,10.72933,0,False,False
72.17625,-0.008055,1.6127,0.094462,6.295018,2.480366,357.8577,0,0,0,0,0,0,0.160482,0.684774,0.22266,43.25287,351.3903,10.81302,0,False,False
72.18732,-0.008134,1.612813,0.094332,6.246081,2.48934,357.8653,0,0,0,0,0,0,0.160784,0.685015,0.222961,43.23177,351.421,10.90508,0,False,False
72.19846,-0.008232,1.612897,0.094185,6.16458,2.493568,357.8632,0,0,0,0,0,0,0.161031,0.685248,0.223402,43.21539,351.4344,10.96963,0,False,False
72.20963,-0.008298,1.613063,0.094061,6.076879,2.509814,357.8871,0,0,0,0,0,0,0.161236,0.685518,0.22357,43.19714,351.5077,11.07306,0,False,False
72.22093,-0.008365,1.613187,0.093946,6.0065,2.526422,357.9104,0,0,0,0,0,0,0.161376,0.685594,0.223699,43.15861,351.5521,11.20522,0,False,False
72.23305,-0.008422,1.613308,0.093806,5.942288,2.546845,357.9352,0,0,0,0,0,0,0.161582,0.68575,0.223972,43.12923,351.5793,11.29105,0,False,False
72.24306,-0.008515,1.613411,0.093601,5.881433,2.559843,357.967,0,0,0,0,0,0,0.161735,0.685958,0.224268,43.10045,351.5864,11.3489,0,False,False
72.25399,-0.008563,1.613532,0.09345,5.836307,2.570919,358,0,0,0,0,0,0,0.161927,0.685956,0.224614,43.07182,351.5759,11.33965,0,False,False
72.26518,-0.008631,1.613663,0.093295,5.79841,2.576922,358.0106,0,0,0,0,0,0,0.162032,0.686193,0.224897,43.02032,351.5396,11.29041,0,False,False
72.27631,-0.008683,1.613748,0.093125,5.752079,2.57267,358.0231,0,0,0,0,0,0,0.162219,0.686491,0.225318,42.96101,351.5104,11.26445,0,False,False
72.2873,-0.008744,1.613818,0.092976,5.713974,2.571495,358.0239,0,0,0,0,0,0,0.162341,0.686714,0.225565,42.89796,351.5298,11.2969,0,False,False
72.29839,-0.008853,1.613857,0.092786,5.671917,2.574842,358.0209,0,0,0,0,0,0,0.162454,0.686797,0.225783,42.8599,351.5356,11.33076,0,False,False
72.30954,-0.008894,1.613941,0.092635,5.634177,2.562681,358.0372,0,0,0,0,0,0,0.162369,0.686933,0.225846,42.8238,351.5402,11.37886,0,False,False
72.32089,-0.008975,1.613989,0.092449,5.585621,2.551033,358.0281,0,0,0,0,0,0,0.162434,0.687018,0.225974,42.81678,351.5471,11.4398,0,False,False
72.33176,-0.008984,1.614051,0.09231,5.541928,2.542699,358.0313,0,0,0,0,0,0,0.162289,0.687125,0.22588,42.81522,351.5474,11.49041,0,False,False
72.34318,-0.009011,1.614138,0.092159,5.487225,2.538178,358.0446,0,0,0,0,0,0,0.162368,0.687177,0.225923,42.82065,351.5261,11.52521,0,False,False
72.35424,-0.009033,1.614263,0.091973,5.415889,2.534938,358.065,0,0,0,0,0,0,0.162234,0.687251,0.225871,42.8116,351.485,11.5136,0,False,False
72.36546,-0.009029,1.614348,0.091796,5.347144,2.5317,358.068,0,0,0,0,0,0,0.162207,0.687303,0.22602,42.80066,351.4432,11.49537,0,False,False
72.37626,-0.009018,1.614436,0.091642,5.287511,2.543475,358.0798,0,0,0,0,0,0,0.162134,0.687364,0.226092,42.77289,351.41,11.46425,0,False,False
72.38736,-0.008973,1.614529,0.091561,5.22741,2.545964,358.0888,0,0,0,0,0,0,0.162153,0.687437,0.226197,42.73243,351.3722,11.43139,0,False,False
72.39831,-0.00897,1.614606,0.091388,5.161791,2.561168,358.0979,0,0,0,0,0,0,0.162107,0.687501,0.226255,42.68591,351.3713,11.42679,0,False,False
72.40946,-0.008946,1.614725,0.091235,5.093546,2.571638,358.0999,0,0,0,0,0,0,0.162101,0.687493,0.226392,42.64875,351.4319,11.4742,0,False,False
72.42068,-0.008929,1.61481,0.091099,5.019339,2.586051,358.1114,0,0,0,0,0,0,0.162081,0.687462,0.226336,42.62748,351.5137,11.56357,0,False,False
72.43168,-0.008822,1.614991,0.091051,4.962868,2.599068,358.1172,0,0,0,0,0,0,0.162168,0.68744,0.226287,42.61823,351.6174,11.66589,0,False,False
72.44285,-0.008746,1.615027,0.09097,4.896336,2.610007,358.1291,0,0,0,0,0,0,0.162142,0.687375,0.226244,42.60857,351.6869,11.72711,0,False,False
72.45396,-0.008721,1.615131,0.090799,4.851843,2.616862,358.1379,0,0,0,0,0,0,0.16208,0.687361,0.226114,42.60221,351.7459,11.75006,0,False,False
72.46501,-0.008709,1.615204,0.090626,4.80843,2.611436,358.1432,0,0,0,0,0,0,0.162037,0.687361,0.226017,42.6047,351.7765,11.75773,0,False,False
72.47614,-0.008712,1.615297,0.090504,4.75261,2.623333,358.1597,0,0,0,0,0,0,0.162037,0.687485,0.226109,42.56961,351.7839,11.73509,0,False,False
72.48721,-0.00867,1.615376,0.090421,4.69497,2.614419,358.1606,0,0,0,0,0,0,0.161843,0.687384,0.225964,42.54396,351.7776,11.71609,0,False,False
72.49828,-0.008625,1.615489,0.090314,4.651489,2.606442,358.1526,0,0,0,0,0,0,0.161753,0.687401,0.225908,42.51888,351.8002,11.68869,0,False,False
72.50968,-0.008581,1.615527,0.090223,4.603448,2.605178,358.1453,0,0,0,0,0,0,0.161525,0.687373,0.225733,42.48708,351.7931,11.63243,0,False,False
72.5208,-0.008529,1.615575,0.090136,4.562179,2.605317,358.138,0,0,0,0,0,0,0.161522,0.687311,0.225635,42.45219,351.8194,11.5983,0,False,False
72.53164,-0.008465,1.61561,0.090071,4.526808,2.599647,358.1287,0,0,0,0,0,0,0.161551,0.687273,0.225594,42.42252,351.8616,11.59219,0,False,False
72.54282,-0.008399,1.615655,0.08999,4.483349,2.594621,358.1053,0,0,0,0,0,0,0.161422,0.687252,0.225352,42.39704,351.8982,11.62629,0,False,False
72.55403,-0.00835,1.615665,0.089872,4.432322,2.603424,358.1012,0,0,0,0,0,0,0.161475,0.687145,0.225194,42.40416,351.9525,11.66597,0,False,False
72.56499,-0.008291,1.615744,0.089786,4.384465,2.602278,358.0853,0,0,0,0,0,0,0.161482,0.687154,0.22506,42.41013,351.9885,11.69286,0,False,False
72.5761,-0.008192,1.615808,0.089642,4.329057,2.62089,358.0723,0,0,0,0,0,0,0.161485,0.687127,0.224857,42.38568,352.0339,11.7468,0,False,False
72.58715,-0.008095,1.615884,0.089578,4.283382,2.640013,358.063,0,0,0,0,0,0,0.161535,0.68705,0.224665,42.3717,352.085,11.87802,0,False,False
72.59834,-0.007997,1.615987,0.089447,4.235969,2.669185,358.0548,0,0,0,0,0,0,0.161577,0.686943,0.224551,42.35212,352.1121,11.93318,0,False,False
72.60969,-0.007888,1.616042,0.089406,4.203973,2.697206,358.0407,0,0,0,0,0,0,0.161591,0.686854,0.224351,42.35341,352.127,11.9914,0,False,False
72.62067,-0.007779,1.616075,0.089302,4.160321,2.725827,358.0489,0,0,0,0,0,0,0.161654,0.686738,0.22414,42.38121,352.1252,11.96879,0,False,False
72.63162,-0.007703,1.616114,0.089223,4.155844,2.743689,358.0367,0,0,0,0,0,0,0.161756,0.686543,0.223934,42.39898,352.1522,11.90571,0,False,False
72.6428,-0.007608,1.616121,0.089186,4.131152,2.77141,358.0383,0,0,0,0,0,0,0.161823,0.686475,0.223678,42.42597,352.1731,11.86299,0,False,False
72.65397,-0.007573,1.616111,0.089113,4.115092,2.792527,358.0305,0,0,0,0,0,0,0.161932,0.686268,0.223457,42.44123,352.1865,11.86858,0,False,False
72.66497,-0.007485,1.616121,0.089083,4.09973,2.810538,358.0292,0,0,0,0,0,0,0.161994,0.686189,0.223244,42.45332,352.2008,11.86457,0,False,False
72.67613,-0.007424,1.616145,0.089035,4.085981,2.821298,358.0105,0,0,0,0,0,0,0.162142,0.685958,0.223072,42.46127,352.2039,11.81292,0,False,False
72.68714,-0.007357,1.616149,0.088987,4.05488,2.848369,357.9972,0,0,0,0,0,0,0.162201,0.685937,0.222909,42.45266,352.2006,11.80807,0,False,False
72.69821,-0.00724,1.616179,0.088987,4.037371,2.858212,357.9864,0,0,0,0,0,0,0.162323,0.685836,0.222724,42.44806,352.2089,11.85513,0,False,False
72.70947,-0.007161,1.616213,0.088967,4.019418,2.86637,357.9614,0,0,0,0,0,0,0.162396,0.685886,0.222682,42.44892,352.2263,11.89416,0,False,False
72.72064,-0.007095,1.616218,0.088956,4.003324,2.882801,357.9482,0,0,0,0,0,0,0.162494,0.685792,0.22254,42.47403,352.2591,11.85682,0,False,False
72.73164,-0.007021,1.616257,0.088919,3.987908,2.89499,357.9468,0,0,0,0,0,0,0.162612,0.685894,0.222444,42.49735,352.3105,11.8331,0,False,False
72.74278,-0.006956,1.616286,0.0889,3.984657,2.904714,357.9439,0,0,0,0,0,0,0.162712,0.685826,0.222291,42.50733,352.3349,11.87397,0,False,False
72.75388,-0.006897,1.616322,0.088844,3.960036,2.91522,357.9446,0,0,0,0,0,0,0.162804,0.685847,0.222102,42.50969,352.3243,11.94487,0,False,False
72.76488,-0.006879,1.616337,0.088856,3.94468,2.929564,357.9472,0,0,0,0,0,0,0.162885,0.685852,0.221989,42.51935,352.3472,11.95185,0,False,False
72.7761,-0.006826,1.616373,0.088836,3.933896,2.948162,357.9453,0,0,0,0,0,0,0.162953,0.68581,0.221829,42.52939,352.3598,11.87597,0,False,False
72.78708,-0.006788,1.616389,0.088808,3.909911,2.957347,357.9374,0,0,0,0,0,0,0.163005,0.685728,0.22164,42.51805,352.3728,11.88675,0,False,False
72.79823,-0.006757,1.616416,0.088781,3.882979,2.973061,357.9332,0,0,0,0,0,0,0.163064,0.685696,0.221519,42.52311,352.3771,11.91046,0,False,False
72.80936,-0.006777,1.616485,0.088708,3.851592,2.982076,357.9373,0,0,0,0,0,0,0.163233,0.685697,0.221425,42.52061,352.3692,11.91199,0,False,False
72.82062,-0.006781,1.616553,0.088649,3.80606,2.993196,357.9397,0,0,0,0,0,0,0.163311,0.685646,0.221283,42.52618,352.3712,11.86125,0,False,False
72.83157,-0.006774,1.616656,0.088563,3.751104,3.003061,357.9431,0,0,0,0,0,0,0.16327,0.685542,0.221145,42.52137,352.3915,11.8368,0,False,False
72.84278,-0.006778,1.616838,0.088496,3.661472,3.010434,357.9544,0,0,0,0,0,0,0.16334,0.685564,0.220891,42.51292,352.4183,11.85579,0,False,False
72.85371,-0.00678,1.617084,0.088471,3.508327,3.029092,357.9599,0,0,0,0,0,0,0.163396,0.68551,0.220735,42.51855,352.4231,11.9058,0,False,False
72.86492,-0.006778,1.617388,0.088415,3.337067,3.044082,357.9768,0,0,0,0,0,0,0.163671,0.68534,0.220675,42.54071,352.4322,11.91549,0,False,False
72.87605,-0.006811,1.617788,0.088355,3.116987,3.058501,357.9749,0,0,0,0,0,0,0.163757,0.685238,0.220551,42.57291,352.4392,11.86025,0,False,False
72.88705,-0.006827,1.618173,0.088282,2.875005,3.078352,358.0028,0,0,0,0,0,0,0.163817,0.685169,0.220409,42.59832,352.4603,11.80547,0,False,False
72.89812,-0.006792,1.618549,0.088182,2.618011,3.09855,358.0247,0,0,0,0,0,0,0.163893,0.685104,0.220269,42.61263,352.4869,11.78536,0,False,False
72.90937,-0.006803,1.619167,0.08808,2.23398,3.12076,358.0662,0,0,0,0,0,0,0.163994,0.685053,0.22021,42.62469,352.4892,11.78153,0,False,False
72.9206,-0.006891,1.61996,0.087939,1.747802,3.147704,358.1075,0,0,0,0,0,0,0.163966,0.684998,0.220185,42.63709,352.4781,11.75874,0,False,False
72.93152,-0.006891,1.620982,0.087915,1.155181,3.154783,358.1326,0,0,0,0,0,0,0.163908,0.684926,0.220046,42.65508,352.4311,11.71872,0,False,False
72.94274,-0.006933,1.621999,0.087724,0.546876,3.167811,358.1633,0,0,0,0,0,0,0.163876,0.684778,0.21981,42.68039,352.4018,11.67205,0,False,False
72.95383,-0.006982,1.623093,0.087484,359.9298,3.175172,358.1962,0,0,0,0,0,0,0.163791,0.684689,0.219761,42.70935,352.3811,11.59674,0,False,False
72.96498,-0.007056,1.624109,0.087179,359.3141,3.189799,358.2266,0,0,0,0,0,0,0.163842,0.684639,0.219659,42.74318,352.4088,11.52173,0,False,False
72.97608,-0.007119,1.62517,0.086845,358.6729,3.195333,358.2472,0,0,0,0,0,0,0.163956,0.684559,0.219569,42.78059,352.4581,11.485,0,False,False
72.98734,-0.007193,1.626271,0.086437,358.0103,3.211982,358.2636,0,0,0,0,0,0,0.163991,0.684478,0.219386,42.81507,352.5055,11.45204,0,False,False
72.99822,-0.00731,1.627281,0.085901,357.3766,3.222737,358.261,0,0,0,0,0,0,0.163849,0.684403,0.219098,42.83528,352.5289,11.4196,0,False,False
73.00921,-0.007449,1.628223,0.085373,356.8216,3.22255,358.2806,0,0,0,0,0,0,0.163787,0.684302,0.218939,42.87336,352.5376,11.38471,0,False,False
73.02042,-0.007586,1.629134,0.084777,356.2739,3.217847,358.2865,0,0,0,0,0,0,0.163764,0.684367,0.21879,42.91525,352.5332,11.34179,0,False,False
73.03143,-0.007666,1.630136,0.084268,355.6735,3.188945,358.3054,0,0,0,0,0,0,0.163784,0.68422,0.218493,42.96237,352.5132,11.29863,0,False,False
73.04263,-0.007779,1.631236,0.083698,354.9857,3.167847,358.3204,0,0,0,0,0,0,0.163849,0.684015,0.218398,43.01677,352.5246,11.27486,0,False,False
73.05366,-0.007854,1.632372,0.083075,354.2635,3.158396,358.3267,0,0,0,0,0,0,0.163867,0.683866,0.218206,43.07951,352.5214,11.28532,0,False,False
73.06492,-0.007951,1.633452,0.082484,353.6022,3.145234,358.3415,0,0,0,0,0,0,0.163945,0.683626,0.218045,43.15065,352.5284,11.31656,0,False,False
73.07599,-0.008108,1.634293,0.0817,353.0288,3.151444,358.3535,0,0,0,0,0,0,0.164017,0.683498,0.217994,43.21432,352.5196,11.34307,0,False,False
73.08695,-0.008235,1.635097,0.080991,352.5199,3.147454,358.3629,0,0,0,0,0,0,0.164021,0.683323,0.217934,43.26867,352.4896,11.36353,0,False,False
73.09815,-0.008427,1.635942,0.080177,351.9881,3.117583,358.4021,0,0,0,0,0,0,0.164107,0.683358,0.217974,43.303,352.4676,11.41691,0,False,False
73.10935,-0.008579,1.636779,0.079472,351.4272,3.109799,358.413,0,0,0,0,0,0,0.1641,0.683307,0.218066,43.32506,352.424,11.46163,0,False,False
73.12062,-0.008699,1.637557,0.078745,350.868,3.091301,358.4257,0,0,0,0,0,0,0.163895,0.683146,0.218038,43.34505,352.3753,11.51109,0,False,False
73.13139,-0.008888,1.638327,0.077985,350.3323,3.075022,358.4439,0,0,0,0,0,0,0.163768,0.68312,0.21801,43.36208,352.307,11.52674,0,False,False
73.14253,-0.008948,1.63908,0.077261,349.8144,3.058136,358.4574,0,0,0,0,0,0,0.163678,0.683115,0.218066,43.39568,352.2529,11.55509,0,False,False
73.15369,-0.009152,1.639702,0.076518,349.3726,3.019355,358.4583,0,0,0,0,0,0,0.163649,0.683157,0.218247,43.45321,352.2069,11.5806,0,False,False
73.16473,-0.009291,1.640312,0.0758,348.9484,2.981411,358.4593,0,0,0,0,0,0,0.163565,0.683062,0.218373,43.49632,352.1815,11.64779,0,False,False
73.17586,-0.009444,1.640847,0.075088,348.5702,2.942741,358.4564,0,0,0,0,0,0,0.163439,0.682962,0.218437,43.53568,352.1522,11.72586,0,False,False
73.18713,-0.009582,1.641386,0.074458,348.2016,2.894644,358.4726,0,0,0,0,0,0,0.163343,0.682917,0.218564,43.57816,352.1404,11.7866,0,False,False
73.19809,-0.009732,1.641876,0.073884,347.8406,2.852697,358.4882,0,0,0,0,0,0,0.163302,0.682847,0.218732,43.60973,352.112,11.81526,0,False,False
73.20921,-0.009879,1.64243,0.073365,347.4912,2.812024,358.5011,0,0,0,0,0,0,0.163232,0.682888,0.219017,43.62934,352.0569,11.82716,0,False,False
73.22058,-0.009943,1.642924,0.072898,347.1181,2.773536,358.5207,0,0,0,0,0,0,0.163028,0.682857,0.219196,43.62292,351.9951,11.82007,0,False,False
73.23139,-0.010055,1.643306,0.072432,346.7714,2.751775,358.5378,0,0,0,0,0,0,0.162964,0.683022,0.219614,43.6202,351.9503,11.76623,0,False,False
73.24266,-0.010192,1.643664,0.072027,346.4744,2.716909,358.546,0,0,0,0,0,0,0.1628,0.683086,0.219864,43.59999,351.9066,11.71387,0,False,False
73.25361,-0.010154,1.643949,0.071755,346.2555,2.678851,358.5729,0,0,0,0,0,0,0.162643,0.683245,0.220133,43.56615,351.8476,11.71045,0,False,False
73.26469,-0.010334,1.644211,0.071298,346.0637,2.643581,358.5915,0,0,0,0,0,0,0.162424,0.683243,0.22034,43.53646,351.8123,11.70306,0,False,False
73.27583,-0.010443,1.644377,0.071005,345.9111,2.586306,358.6052,0,0,0,0,0,0,0.162208,0.683198,0.220548,43.50901,351.8188,11.67538,0,False,False
73.2869,-0.010636,1.644634,0.070654,345.7274,2.545738,358.6262,0,0,0,0,0,0,0.162058,0.683252,0.220821,43.48272,351.8217,11.69009,0,False,False
73.298,-0.010734,1.644968,0.070419,345.5103,2.501931,358.6413,0,0,0,0,0,0,0.161805,0.683377,0.2211,43.45358,351.8136,11.71619,0,False,False
73.30926,-0.0109,1.645229,0.070116,345.302,2.464724,358.6456,0,0,0,0,0,0,0.161559,0.683532,0.221412,43.41944,351.8049,11.66258,0,False,False
73.32025,-0.011059,1.645458,0.069865,345.1427,2.41289,358.6481,0,0,0,0,0,0,0.161193,0.683562,0.221533,43.37871,351.7344,11.68065,0,False,False
73.33136,-0.011266,1.645555,0.069542,345.0437,2.357015,358.66,0,0,0,0,0,0,0.160991,0.683635,0.221765,43.37395,351.6787,11.63151,0,False,False
73.34256,-0.011395,1.645659,0.069277,344.9524,2.299506,358.6781,0,0,0,0,0,0,0.160677,0.683673,0.221863,43.34924,351.6301,11.57336,0,False,False
73.35355,-0.011532,1.645796,0.069072,344.8407,2.244128,358.6941,0,0,0,0,0,0,0.160441,0.683681,0.222172,43.33972,351.5781,11.6197,0,False,False
73.36464,-0.011604,1.645914,0.068837,344.728,2.17461,358.6933,0,0,0,0,0,0,0.160384,0.683731,0.222504,43.34689,351.5567,11.55119,0,False,False
73.37594,-0.011744,1.646012,0.068596,344.6321,2.112993,358.7062,0,0,0,0,0,0,0.16016,0.683711,0.222662,43.33758,351.5277,11.51724,0,False,False
73.38699,-0.011842,1.646052,0.068412,344.5563,2.043067,358.7032,0,0,0,0,0,0,0.159961,0.683714,0.222767,43.32335,351.4922,11.53363,0,False,False
73.39807,-0.011961,1.646057,0.068224,344.5301,1.967094,358.7113,0,0,0,0,0,0,0.159776,0.683747,0.222919,43.30725,351.4597,11.48858,0,False,False
73.4092,-0.012059,1.646009,0.068065,344.5363,1.89451,358.7163,0,0,0,0,0,0,0.159622,0.683708,0.223104,43.28927,351.4595,11.48807,0,False,False
73.42025,-0.012172,1.645976,0.067884,344.5451,1.827043,358.7137,0,0,0,0,0,0,0.159461,0.683707,0.223214,43.26607,351.4374,11.52777,0,False,False
73.43131,-0.012268,1.645922,0.067745,344.5753,1.757061,358.726,0,0,0,0,0,0,0.159387,0.68372,0.22327,43.25758,351.4493,11.55276,0,False,False
73.4425,-0.012322,1.645864,0.067679,344.5892,1.692019,358.727,0,0,0,0,0,0,0.159296,0.683674,0.223356,43.26329,351.4497,11.55312,0,False,False
73.45352,-0.012409,1.645831,0.067567,344.5986,1.65692,358.742,0,0,0,0,0,0,0.159364,0.683612,0.223401,43.27601,351.4627,11.54128,0,False,False
73.46458,-0.012416,1.645823,0.067506,344.5848,1.617344,358.7508,0,0,0,0,0,0,0.159285,0.683557,0.223467,43.28736,351.464,11.53313,0,False,False
73.47581,-0.012438,1.645799,0.067495,344.5857,1.591058,358.7416,0,0,0,0,0,0,0.159257,0.683535,0.223594,43.30002,351.4583,11.5354,0,False,False
73.48693,-0.012449,1.64582,0.067481,344.599,1.571851,358.7443,0,0,0,0,0,0,0.159167,0.683464,0.223654,43.30745,351.4365,11.53694,0,False,False
73.498,-0.012421,1.645757,0.067524,344.6229,1.554612,358.7536,0,0,0,0,0,0,0.158983,0.683551,0.223719,43.30394,351.4,11.52211,0,False,False
73.50903,-0.012447,1.645671,0.067538,344.6806,1.554774,358.762,0,0,0,0,0,0,0.15893,0.683399,0.22375,43.30763,351.3936,11.51018,0,False,False
73.52025,-0.012463,1.645566,0.067584,344.7493,1.54443,358.7715,0,0,0,0,0,0,0.158896,0.683402,0.223858,43.30061,351.3932,11.50306,0,False,False
73.53134,-0.012449,1.645435,0.0677,344.8104,1.545865,358.7632,0,0,0,0,0,0,0.158844,0.683359,0.223908,43.29917,351.3941,11.48865,0,False,False
73.54239,-0.012477,1.645298,0.067778,344.9077,1.542115,358.7704,0,0,0,0,0,0,0.158823,0.683344,0.223961,43.28814,351.3991,11.47183,0,False,False
73.55356,-0.012449,1.645192,0.067948,344.9754,1.551722,358.7678,0,0,0,0,0,0,0.158816,0.683414,0.224054,43.27325,351.4202,11.45867,0,False,False
73.5646,-0.01243,1.645076,0.068038,345.0671,1.551222,358.7625,0,0,0,0,0,0,0.158751,0.683522,0.224001,43.25039,351.4417,11.44618,0,False,False
73.57571,-0.012388,1.644903,0.068222,345.1594,1.560456,358.7581,0,0,0,0,0,0,0.158756,0.683529,0.224049,43.23983,351.4545,11.41761,0,False,False
73.5871,-0.012365,1.644698,0.068378,345.2833,1.563474,358.7577,0,0,0,0,0,0,0.158735,0.683559,0.224095,43.24681,351.4531,11.39723,0,False,False
73.59811,-0.012344,1.644464,0.068554,345.4364,1.550182,358.7571,0,0,0,0,0,0,0.158713,0.683556,0.224091,43.24977,351.4459,11.38964,0,False,False
73.60925,-0.012346,1.644168,0.068786,345.6134,1.541437,358.7567,0,0,0,0,0,0,0.158576,0.683475,0.224019,43.2613,351.4274,11.38662,0,False,False
73.62026,-0.012398,1.643863,0.068949,345.8246,1.539226,358.7553,0,0,0,0,0,0,0.158493,0.683412,0.223919,43.27839,351.3942,11.35169,0,False,False
73.63123,-0.012366,1.643466,0.069182,346.0628,1.516219,358.747,0,0,0,0,0,0,0.158413,0.683374,0.223868,43.28604,351.3723,11.31891,0,False,False
73.64237,-0.012397,1.642969,0.069374,346.354,1.491285,358.7402,0,0,0,0,0,0,0.158344,0.683337,0.223743,43.27676,351.3532,11.29157,0,False,False
73.65358,-0.012358,1.642531,0.069693,346.6873,1.466561,358.7419,0,0,0,0,0,0,0.158288,0.683325,0.223709,43.25905,351.3633,11.29485,0,False,False
73.66456,-0.012337,1.642001,0.070006,347.0068,1.455304,358.7336,0,0,0,0,0,0,0.158329,0.68331,0.223669,43.25065,351.3875,11.2802,0,False,False
73.67576,-0.012322,1.641485,0.070387,347.3535,1.454919,358.735,0,0,0,0,0,0,0.158418,0.683236,0.22359,43.24017,351.4037,11.26233,0,False,False
73.68672,-0.012272,1.640935,0.07079,347.7335,1.469097,358.7357,0,0,0,0,0,0,0.158457,0.683186,0.223494,43.2467,351.4353,11.26791,0,False,False
73.69782,-0.012199,1.640237,0.071291,348.1947,1.484993,358.7387,0,0,0,0,0,0,0.158541,0.683102,0.223435,43.26325,351.4335,11.26396,0,False,False
73.70901,-0.012191,1.639395,0.071722,348.6928,1.493034,358.7489,0,0,0,0,0,0,0.15852,0.683057,0.223376,43.28739,351.4521,11.2885,0,False,False
73.72019,-0.0123,1.638406,0.07208,349.2961,1.492589,358.7588,0,0,0,0,0,0,0.158521,0.683066,0.22339,43.3251,351.46,11.26792,0,False,False
73.73114,-0.012351,1.637434,0.072534,349.9453,1.481738,358.7719,0,0,0,0,0,0,0.158483,0.683024,0.223304,43.34973,351.4435,11.21284,0,False,False
73.74223,-0.012427,1.636307,0.073077,350.7081,1.459541,358.7993,0,0,0,0,0,0,0.158394,0.683006,0.223283,43.36871,351.4176,11.16974,0,False,False
73.75339,-0.012551,1.635052,0.073689,351.5373,1.429769,358.8377,0,0,0,0,0,0,0.158317,0.68305,0.223294,43.3505,351.3778,11.16939,0,False,False
73.76452,-0.012655,1.633858,0.07435,352.387,1.393194,358.8689,0,0,0,0,0,0,0.158285,0.683125,0.223359,43.32989,351.3396,11.16684,0,False,False
73.77563,-0.01274,1.632515,0.075112,353.3194,1.354636,358.9163,0,0,0,0,0,0,0.158297,0.683186,0.223529,43.30632,351.3172,11.15252,0,False,False
73.78673,-0.012847,1.63119,0.075919,354.2482,1.316189,358.9543,0,0,0,0,0,0,0.15832,0.683255,0.223601,43.28992,351.3041,11.15427,0,False,False
73.79781,-0.01293,1.629717,0.076832,355.2326,1.279791,358.9981,0,0,0,0,0,0,0.158328,0.68339,0.223614,43.27742,351.2918,11.17192,0,False,False
73.80891,-0.013032,1.628114,0.077821,356.2869,1.239776,359.0541,0,0,0,0,0,0,0.158386,0.683489,0.223671,43.28689,351.2977,11.21088,0,False,False
73.82008,-0.013141,1.626489,0.078891,357.3771,1.211093,359.1092,0,0,0,0,0,0,0.158317,0.683434,0.223649,43.29738,351.2817,11.24166,0,False,False
73.83121,-0.013226,1.624752,0.080022,358.5262,1.181419,359.1461,0,0,0,0,0,0,0.158411,0.68361,0.223815,43.30486,351.2608,11.28038,0,False,False
73.84221,-0.013287,1.622803,0.081302,359.758,1.156542,359.1776,0,0,0,0,0,0,0.158444,0.683647,0.223926,43.30382,351.2435,11.32358,0,False,False
73.85338,-0.013289,1.620763,0.082559,1.045347,1.146786,359.1896,0,0,0,0,0,0,0.158433,0.683741,0.224029,43.29152,351.2374,11.36982,0,False,False
73.86675,-0.013315,1.618612,0.083918,2.372246,1.142237,359.1955,0,0,0,0,0,0,0.158419,0.683976,0.224253,43.24061,351.2404,11.39231,0,False,False
73.87565,-0.01338,1.616329,0.085365,3.787571,1.127976,359.2352,0,0,0,0,0,0,0.158399,0.684195,0.224441,43.18451,351.2364,11.35287,0,False,False
73.88676,-0.013393,1.61406,0.086842,5.195449,1.097789,359.2857,0,0,0,0,0,0,0.158371,0.684429,0.224723,43.11318,351.2406,11.30125,0,False,False
73.89777,-0.013447,1.61159,0.088478,6.666628,1.066886,359.3504,0,0,0,0,0,0,0.158251,0.684627,0.22496,43.02972,351.2413,11.29242,0,False,False
73.90892,-0.013437,1.609097,0.09012,8.158031,1.039551,359.3939,0,0,0,0,0,0,0.158133,0.684977,0.225203,42.93031,351.2401,11.30952,0,False,False
73.92003,-0.013464,1.606443,0.091899,9.69884,1.021926,359.4334,0,0,0,0,0,0,0.158119,0.685269,0.225487,42.82961,351.2854,11.29767,0,False,False
73.93108,-0.013458,1.603658,0.09369,11.26129,0.987312,359.4661,0,0,0,0,0,0,0.157992,0.685576,0.225812,42.72431,351.2859,11.33968,0,False,False
73.94227,-0.013515,1.6008,0.095583,12.83817,0.961862,359.5162,0,0,0,0,0,0,0.158054,0.68591,0.226163,42.63353,351.3142,11.32053,0,False,False
73.95335,-0.013561,1.597795,0.09752,14.48116,0.931349,359.5775,0,0,0,0,0,0,0.158032,0.686082,0.226369,42.54074,351.3342,11.33107,0,False,False
73.96437,-0.01352,1.594728,0.09956,16.14598,0.905081,359.6291,0,0,0,0,0,0,0.15797,0.68624,0.226574,42.45062,351.3759,11.35094,0,False,False
73.97562,-0.013527,1.591423,0.10154,17.88142,0.850475,359.6859,0,0,0,0,0,0,0.157851,0.686418,0.226727,42.35216,351.4011,11.36825,0,False,False
73.98669,-0.013587,1.588006,0.103717,19.65245,0.810302,359.7467,0,0,0,0,0,0,0.157674,0.68665,0.226859,42.25659,351.4172,11.35375,0,False,False
73.99772,-0.013659,1.584336,0.105727,21.48285,0.761452,359.8203,0,0,0,0,0,0,0.157363,0.686856,0.226851,42.15782,351.4312,11.3417,0,False,False
74.00882,-0.013702,1.580456,0.107814,23.34888,0.698876,359.8815,0,0,0,0,0,0,0.157146,0.687188,0.226879,42.04846,351.4464,11.30771,0,False,False
74.02017,-0.013731,1.576522,0.109838,25.21867,0.628373,359.9427,0,0,0,0,0,0,0.156915,0.687378,0.226766,41.9491,351.4506,11.26728,0,False,False
74.03109,-0.013809,1.572449,0.112005,27.12321,0.54411,359.9893,0,0,0,0,0,0,0.156656,0.687526,0.226566,41.8633,351.4464,11.22306,0,False,False
74.04223,-0.013837,1.568175,0.114038,29.04786,0.48133,0.040707,0,0,0,0,0,0,0.156436,0.687777,0.226456,41.76204,351.4338,11.20083,0,False,False
74.05338,-0.013764,1.563929,0.115734,30.9527,0.387873,0.067585,0,0,0,0,0,0,0.156243,0.687872,0.226125,41.69179,351.4165,11.1436,0,False,False
74.06435,-0.013736,1.559761,0.117625,32.83842,0.322503,0.094731,0,0,0,0,0,0,0.15603,0.687902,0.225814,41.64141,351.381,11.07512,0,False,False
74.07565,-0.013809,1.555853,0.119275,34.65314,0.219531,0.045031,0,0,0,0,0,0,0.15583,0.687952,0.225357,41.58115,351.381,11.0157,0,False,False
74.08675,-0.013792,1.551978,0.12126,36.33112,0.128738,0.000307,0,0,0,0,0,0,0.15548,0.688025,0.224881,41.50484,351.3959,10.96222,0,False,False
74.09772,-0.013777,1.548063,0.123384,37.8493,0.06934,359.9068,0,0,0,0,0,0,0.155437,0.688067,0.224371,41.4312,351.4847,10.87423,0,False,False
74.10878,-0.013672,1.544102,0.125423,39.32925,0.062801,359.9002,0,0,0,0,0,0,0.15532,0.688156,0.223568,41.31717,351.5805,10.80717,0,False,False
74.11996,-0.013606,1.540036,0.127516,40.77057,0.058154,359.9075,0,0,0,0,0,0,0.155312,0.688121,0.22263,41.23815,351.6555,10.70938,0,False,False
74.13104,-0.01355,1.535969,0.129005,42.33355,0.055247,359.9336,0,0,0,0,0,0,0.155281,0.688072,0.221612,41.18849,351.7046,10.61582,0,False,False
74.14217,-0.013228,1.531976,0.130654,44.04581,0.01309,359.9514,0,0,0,0,0,0,0.155292,0.688034,0.220729,41.18341,351.7552,10.509,0,False,False
74.15331,-0.013027,1.528063,0.132041,45.75779,0.01972,359.9216,0,0,0,0,0,0,0.155297,0.687681,0.2192,41.21391,351.8309,10.38314,0,False,False
74.16438,-0.012922,1.524164,0.133721,47.24852,0.022491,359.9347,0,0,0,0,0,0,0.155572,0.687335,0.21797,41.30419,351.9344,10.29646,0,False,False
74.17543,-0.012655,1.520384,0.135669,48.51875,0.037763,359.9877,0,0,0,0,0,0,0.155833,0.686874,0.21641,41.3998,352.0978,10.26492,0,False,False
74.1866,-0.012483,1.516868,0.137185,49.80853,0.125228,0.022567,0,0,0,0,0,0,0.15609,0.686471,0.214922,41.46413,352.2684,10.21879,0,False,False
74.19785,-0.012125,1.513629,0.138557,51.09785,0.253526,0.138781,0,0,0,0,0,0,0.156433,0.685923,0.21307,41.54434,352.4486,10.12412,0,False,False
74.20892,-0.011943,1.51088,0.139363,52.42973,0.409469,0.291937,0,0,0,0,0,0,0.156736,0.685445,0.211379,41.61247,352.591,9.985711,0,False,False
74.22008,-0.011668,1.508326,0.140271,53.66105,0.562569,0.42129,0,0,0,0,0,0,0.156972,0.684824,0.209455,41.6812,352.688,9.778087,0,False,False
74.23096,-0.011466,1.506168,0.141463,54.69981,0.746256,0.569577,0,0,0,0,0,0,0.157353,0.684263,0.207645,41.75595,352.8099,9.71826,0,False,False
74.24213,-0.011132,1.504587,0.142998,55.33994,0.864312,0.679674,0,0,0,0,0,0,0.157866,0.683741,0.20589,41.81399,353.0008,9.604264,0,False,False
74.25322,-0.010657,1.503296,0.145122,55.69975,0.963019,0.745751,0,0,0,0,0,0,0.158422,0.683112,0.203849,41.88736,353.2583,9.562744,0,False,False
74.26428,-0.010374,1.501987,0.146947,56.00037,1.061697,0.777099,0,0,0,0,0,0,0.159118,0.682339,0.201586,41.96654,353.5467,9.476959,0,False,False
74.27542,-0.010005,1.500741,0.149069,56.1809,1.169044,0.805981,0,0,0,0,0,0,0.15982,0.681622,0.199193,42.09184,353.8539,9.389384,0,False,False
74.28651,-0.009734,1.499487,0.150918,56.46063,1.25106,0.802709,0,0,0,0,0,0,0.160464,0.680896,0.196758,42.23932,354.1249,9.287837,0,False,False
74.29767,-0.009476,1.498273,0.152739,56.78755,1.33588,0.793914,0,0,0,0,0,0,0.161206,0.680119,0.194375,42.46185,354.3535,9.132355,0,False,False
74.30884,-0.009212,1.496846,0.15445,57.17623,1.374144,0.763791,0,0,0,0,0,0,0.161956,0.679121,0.191599,42.76671,354.6096,8.951225,0,False,False
74.31989,-0.00902,1.495293,0.155869,57.65594,1.3575,0.686062,0,0,0,0,0,0,0.162792,0.678234,0.188744,43.14937,354.8231,8.815049,0,False,False
74.33094,-0.00878,1.493582,0.157169,58.20005,1.335119,0.608578,0,0,0,0,0,0,0.163479,0.677154,0.185891,43.5523,354.9901,8.773967,0,False,False
74.34209,-0.008621,1.491928,0.158206,58.86585,1.287573,0.522522,0,0,0,0,0,0,0.164222,0.67615,0.183137,43.93785,355.1382,8.696548,0,False,False
74.35317,-0.008466,1.490173,0.159228,59.66265,1.216858,0.451366,0,0,0,0,0,0,0.164861,0.675202,0.180693,44.31564,355.2418,8.723238,0,False,False
74.36434,-0.008473,1.488446,0.160193,60.45277,1.176591,0.422556,0,0,0,0,0,0,0.165598,0.674274,0.178211,44.66768,355.3491,8.765831,0,False,False
74.37557,-0.008368,1.486716,0.161004,61.18379,1.086692,0.365164,0,0,0,0,0,0,0.166171,0.673517,0.175703,44.94631,355.4705,8.72427,0,False,False
74.38651,-0.008338,1.485141,0.162133,61.78434,1.03211,0.347407,0,0,0,0,0,0,0.16681,0.672698,0.173444,45.2109,355.5695,8.626873,0,False,False
74.39756,-0.008258,1.483731,0.163351,62.26948,0.993573,0.323443,0,0,0,0,0,0,0.167441,0.672069,0.171418,45.38813,355.6741,8.458775,0,False,False
74.40875,-0.008161,1.482435,0.164864,62.60402,1.039866,0.363984,0,0,0,0,0,0,0.168139,0.671633,0.169668,45.51203,355.8049,8.188141,0,False,False
74.41991,-0.008106,1.481221,0.166236,62.89089,1.071032,0.371023,0,0,0,0,0,0,0.168788,0.671186,0.167806,45.65723,355.9148,8.103896,0,False,False
74.43089,-0.007957,1.479945,0.167712,63.13484,1.162443,0.418949,0,0,0,0,0,0,0.169251,0.670833,0.166123,45.73061,356.0019,7.916368,0,False,False
74.44209,-0.007895,1.478685,0.168993,63.40266,1.258478,0.454632,0,0,0,0,0,0,0.169957,0.670434,0.16455,45.84696,356.1151,7.892496,0,False,False
74.45319,-0.007754,1.477494,0.170133,63.68825,1.333358,0.487828,0,0,0,0,0,0,0.17077,0.669922,0.163083,45.9845,356.2528,7.836613,0,False,False
74.46434,-0.007641,1.476373,0.1712,64.02139,1.412733,0.549867,0,0,0,0,0,0,0.171346,0.669361,0.161531,46.12249,356.3932,7.902823,0,False,False
74.47558,-0.007596,1.475354,0.172064,64.38245,1.461882,0.589498,0,0,0,0,0,0,0.171949,0.668863,0.160066,46.26031,356.5347,7.938159,0,False,False
74.48638,-0.00754,1.474241,0.172927,64.74982,1.501937,0.627522,0,0,0,0,0,0,0.172335,0.668473,0.158797,46.37726,356.6242,8.017879,0,False,False
74.49751,-0.007528,1.473224,0.173621,65.09253,1.552046,0.693041,0,0,0,0,0,0,0.172755,0.668122,0.157641,46.45604,356.6853,8.11109,0,False,False
74.50861,-0.007467,1.472275,0.174271,65.38474,1.596618,0.724473,0,0,0,0,0,0,0.173186,0.667902,0.156665,46.50902,356.6859,8.216343,0,False,False
74.51978,-0.007462,1.47133,0.175087,65.6393,1.679024,0.808116,0,0,0,0,0,0,0.173391,0.667579,0.155515,46.56526,356.6807,8.285093,0,False,False
74.53088,-0.007427,1.470406,0.175732,65.86085,1.722426,0.843896,0,0,0,0,0,0,0.173712,0.667298,0.154906,46.64003,356.6371,8.331584,0,False,False
74.54205,-0.007405,1.469514,0.176473,66.07972,1.804539,0.915265,0,0,0,0,0,0,0.173842,0.667009,0.154001,46.73639,356.5641,8.304832,0,False,False
74.55322,-0.007388,1.468793,0.177145,66.27771,1.908137,1.014002,0,0,0,0,0,0,0.173981,0.666695,0.153069,46.84653,356.5151,8.326514,0,False,False
74.56416,-0.007371,1.468052,0.177726,66.48297,1.959403,1.059951,0,0,0,0,0,0,0.174096,0.666411,0.152415,46.96454,356.459,8.339281,0,False,False
74.57539,-0.007465,1.467448,0.178272,66.68169,2.055363,1.149148,0,0,0,0,0,0,0.17415,0.666131,0.151661,47.06633,356.4097,8.381867,0,False,False
74.58637,-0.007511,1.466808,0.178742,66.82989,2.139314,1.20608,0,0,0,0,0,0,0.174215,0.665901,0.151228,47.15306,356.3386,8.473059,0,False,False
74.5975,-0.007624,1.466311,0.17925,66.99592,2.225797,1.277026,0,0,0,0,0,0,0.17416,0.665566,0.150589,47.22616,356.2832,8.564747,0,False,False
74.60857,-0.007717,1.465819,0.179746,67.12747,2.317357,1.383771,0,0,0,0,0,0,0.174187,0.665391,0.150277,47.28317,356.2153,8.653647,0,False,False
74.61979,-0.007819,1.465275,0.180177,67.23591,2.350561,1.441968,0,0,0,0,0,0,0.17406,0.665245,0.149919,47.33753,356.1039,8.689711,0,False,False
74.63099,-0.00802,1.464866,0.180587,67.33767,2.44072,1.572907,0,0,0,0,0,0,0.174038,0.665078,0.149582,47.39888,355.9896,8.724526,0,False,False
74.64206,-0.008186,1.4644,0.180936,67.42126,2.496869,1.681655,0,0,0,0,0,0,0.1739,0.664898,0.149338,47.44096,355.8473,8.738894,0,False,False
74.65309,-0.008495,1.464016,0.181244,67.53574,2.572536,1.830338,0,0,0,0,0,0,0.173773,0.664765,0.149365,47.49057,355.743,8.798064,0,False,False
74.66412,-0.008832,1.463727,0.181571,67.63568,2.675822,2.008168,0,0,0,0,0,0,0.173698,0.664659,0.14931,47.54926,355.629,8.814047,0,False,False
74.6752,-0.009215,1.463379,0.181684,67.72347,2.734036,2.149921,0,0,0,0,0,0,0.173521,0.66461,0.149276,47.61161,355.553,8.847635,0,False,False
74.68633,-0.009647,1.463194,0.181834,67.82292,2.795737,2.333684,0,0,0,0,0,0,0.173401,0.664469,0.14927,47.67048,355.4713,8.90814,0,False,False
74.69749,-0.01011,1.462911,0.1819,67.89619,2.818038,2.488491,0,0,0,0,0,0,0.173324,0.664563,0.149409,47.70078,355.416,8.957855,0,False,False
74.70866,-0.010673,1.462695,0.181893,67.95199,2.885465,2.721119,0,0,0,0,0,0,0.173263,0.664565,0.149638,47.71223,355.3477,9.033032,0,False,False
74.71976,-0.011221,1.462534,0.181883,68.01053,2.9013,2.913203,0,0,0,0,0,0,0.173184,0.66473,0.14996,47.70359,355.256,9.140508,0,False,False
74.73076,-0.011885,1.462456,0.181893,68.05531,2.935847,3.145085,0,0,0,0,0,0,0.173082,0.664757,0.150174,47.69418,355.1718,9.252768,0,False,False
74.74187,-0.01253,1.462354,0.181848,68.08996,2.908847,3.346266,0,0,0,0,0,0,0.172964,0.664956,0.150629,47.6759,355.0478,9.388973,0,False,False
74.75371,-0.013211,1.462267,0.1818,68.10621,2.919852,3.577621,0,0,0,0,0,0,0.172844,0.66529,0.15122,47.63977,354.8523,9.516017,0,False,False
74.76411,-0.013914,1.46226,0.181764,68.11348,2.896429,3.805883,0,0,0,0,0,0,0.172722,0.665651,0.15172,47.62539,354.7066,9.625574,0,False,False
74.77535,-0.014599,1.46217,0.181713,68.11973,2.872349,4.018217,0,0,0,0,0,0,0.172619,0.665984,0.152317,47.59682,354.4895,9.74045,0,False,False
74.78635,-0.01533,1.462214,0.181567,68.11927,2.825757,4.233142,0,0,0,0,0,0,0.172529,0.666325,0.152839,47.58039,354.2937,9.846268,0,False,False
74.7975,-0.01604,1.462263,0.181471,68.1316,2.761379,4.436088,0,0,0,0,0,0,0.172494,0.66671,0.153518,47.54774,354.0672,9.958237,0,False,False
74.80865,-0.016796,1.4622,0.181321,68.13678,2.676049,4.620346,0,0,0,0,0,0,0.172428,0.666937,0.154194,47.52677,353.8281,10.05515,0,False,False
74.81969,-0.017654,1.462142,0.181095,68.16132,2.584776,4.810414,0,0,0,0,0,0,0.17235,0.667234,0.154846,47.51664,353.5924,10.13456,0,False,False
74.8308,-0.0184,1.462049,0.18093,68.17641,2.406188,4.910985,0,0,0,0,0,0,0.172224,0.667422,0.155621,47.52568,353.3576,10.18853,0,False,False
74.84202,-0.019178,1.462045,0.180773,68.1991,2.24486,5.041666,0,0,0,0,0,0,0.172247,0.667611,0.156315,47.52967,353.1004,10.22849,0,False,False
74.85296,-0.01994,1.461982,0.180699,68.22118,2.056858,5.152238,0,0,0,0,0,0,0.172236,0.667806,0.157108,47.54522,352.8369,10.27385,0,False,False
74.86412,-0.020792,1.461884,0.180632,68.25355,1.822002,5.245096,0,0,0,0,0,0,0.172263,0.667961,0.158024,47.56085,352.5779,10.33172,0,False,False
74.87513,-0.02166,1.461818,0.180655,68.28136,1.596987,5.363386,0,0,0,0,0,0,0.172222,0.668115,0.158839,47.57444,352.3126,10.40801,0,False,False
74.88628,-0.022575,1.461755,0.180582,68.29202,1.298702,5.422803,0,0,0,0,0,0,0.172153,0.66821,0.159765,47.60457,352.0507,10.54427,0,False,False
74.89737,-0.023582,1.46176,0.180615,68.29102,1.032791,5.532695,0,0,0,0,0,0,0.172143,0.668441,0.160637,47.64093,351.791,10.67127,0,False,False
74.90858,-0.02471,1.461748,0.180591,68.26552,0.69816,5.598922,0,0,0,0,0,0,0.171979,0.668526,0.161575,47.67929,351.503,10.84458,0,False,False
74.91965,-0.025872,1.461767,0.180658,68.24749,0.348679,5.707648,0,0,0,0,0,0,0.171795,0.668626,0.162483,47.71132,351.2275,11.00988,0,False,False
74.93069,-0.027174,1.461858,0.180669,68.23231,-0.00276,5.815871,0,0,0,0,0,0,0.171601,0.668731,0.163509,47.73498,350.9214,11.15316,0,False,False
74.94186,-0.028646,1.461894,0.180666,68.20281,359.5707,5.917906,0,0,0,0,0,0,0.171194,0.668901,0.164603,47.75757,350.5427,11.24613,0,False,False
74.95296,-0.030197,1.462002,0.180583,68.19017,359.1313,6.029158,0,0,0,0,0,0,0.170829,0.668897,0.16557,47.79015,350.2,11.33268,0,False,False
74.96405,-0.03204,1.462049,0.180433,68.17432,358.6315,6.142443,0,0,0,0,0,0,0.170368,0.668947,0.166653,47.83704,349.7922,11.36687,0,False,False
74.97516,-0.033972,1.462191,0.18031,68.17628,358.1368,6.291361,0,0,0,0,0,0,0.169864,0.669069,0.16787,47.90196,349.4041,11.44699,0,False,False
74.9862,-0.03618,1.462311,0.179995,68.18074,357.6047,6.483783,0,0,0,0,0,0,0.169318,0.669074,0.168984,47.98295,348.9901,11.52195,0,False,False
74.9973,-0.038571,1.462343,0.179608,68.15387,357.0793,6.749351,0,0,0,0,0,0,0.168573,0.669024,0.170043,48.1296,348.5041,11.5152,0,False,False
75.00848,-0.041088,1.462404,0.179261,68.13459,356.5217,7.039061,0,0,0,0,0,0,0.16776,0.668936,0.17116,48.25928,347.9961,11.51926,0,False,False
75.01947,-0.043812,1.462458,0.178852,68.10207,355.8991,7.375375,0,0,0,0,0,0,0.166769,0.668804,0.172314,48.4197,347.3745,11.507,0,False,False
75.03069,-0.046617,1.462501,0.178266,68.09187,355.2666,7.739171,0,0,0,0,0,0,0.165767,0.668621,0.173485,48.58221,346.7109,11.51281,0,False,False
75.04183,-0.049647,1.462519,0.177668,68.03927,354.5339,8.062508,0,0,0,0,0,0,0.164183,0.668353,0.174617,48.77056,345.7709,11.50962,0,False,False
75.05314,-0.052893,1.462466,0.176971,67.95728,353.7533,8.38702,0,0,0,0,0,0,0.162686,0.667827,0.175758,48.96502,344.8278,11.51853,0,False,False
75.064,-0.056099,1.46243,0.176225,67.87085,352.9213,8.638066,0,0,0,0,0,0,0.160937,0.667384,0.176967,49.20666,343.7053,11.48364,0,False,False
75.07523,-0.059593,1.462289,0.175284,67.78713,352.0371,8.871984,0,0,0,0,0,0,0.15891,0.666884,0.178129,49.47657,342.4672,11.47345,0,False,False
75.0862,-0.06314,1.462097,0.174257,67.67447,351.1285,9.070441,0,0,0,0,0,0,0.157125,0.666414,0.179519,49.71579,341.3264,11.52815,0,False,False
75.09728,-0.066976,1.461817,0.172959,67.56016,350.1223,9.201656,0,0,0,0,0,0,0.155055,0.665549,0.180838,49.9826,339.9689,11.71891,0,False,False
75.10838,-0.070851,1.46152,0.171625,67.45211,349.0601,9.255136,0,0,0,0,0,0,0.152711,0.664613,0.182369,50.2533,338.6049,11.99809,0,False,False
75.11954,-0.074932,1.461143,0.169924,67.34894,347.9431,9.279099,0,0,0,0,0,0,0.150568,0.663617,0.184296,50.54399,337.3144,12.18142,0,False,False
75.13155,-0.07918,1.460942,0.16814,67.30328,346.8244,9.28709,0,0,0,0,0,0,0.148498,0.662643,0.186066,50.83471,336.094,12.31633,0,False,False
75.14175,-0.083416,1.460783,0.166372,67.28491,345.6952,9.277417,0,0,0,0,0,0,0.146654,0.661779,0.188539,51.07521,335.2751,12.4903,0,False,False
75.15295,-0.087875,1.460671,0.164376,67.28364,344.576,9.305754,0,0,0,0,0,0,0.144891,0.660732,0.191267,51.29609,334.574,12.79557,0,False,False
75.16395,-0.092488,1.460668,0.162135,67.29092,343.4847,9.375753,0,0,0,0,0,0,0.143105,0.660037,0.194063,51.52787,333.8891,13.17374,0,False,False
75.17509,-0.097315,1.460687,0.159667,67.27045,342.364,9.465012,0,0,0,0,0,0,0.14138,0.659644,0.197618,51.67596,333.644,14.03112,0,False,False
75.18623,-0.102126,1.460871,0.157121,67.22153,341.2874,9.604753,0,0,0,0,0,0,0.139429,0.659091,0.200637,51.88569,333.1081,14.83088,0,False,False
75.19736,-0.107205,1.46111,0.154334,67.12573,340.2105,9.805825,0,0,0,0,0,0,0.137118,0.658909,0.203977,52.1083,332.6132,15.85429,0,False,False
75.20834,-0.112277,1.461456,0.151669,67.00788,339.1429,10.04929,0,0,0,0,0,0,0.134538,0.658825,0.20736,52.38044,331.9909,16.74046,0,False,False
75.21958,-0.117639,1.461872,0.148623,66.81217,338.0917,10.35458,0,0,0,0,0,0,0.131927,0.65878,0.210768,52.65863,331.3693,17.51103,0,False,False
75.23067,-0.123114,1.462427,0.145477,66.59094,337.052,10.68861,0,0,0,0,0,0,0.128494,0.658897,0.214021,52.95952,330.7781,18.15149,0,False,False
75.24173,-0.128628,1.463038,0.142262,66.37086,336.0308,11.06309,0,0,0,0,0,0,0.124549,0.659123,0.217508,53.21038,330.0529,18.74826,0,False,False
75.25292,-0.134256,1.463796,0.13879,66.13967,334.9805,11.47624,0,0,0,0,0,0,0.120116,0.659808,0.221137,53.36823,329.193,19.22042,0,False,False
75.26387,-0.139913,1.464562,0.135167,65.90133,333.9018,11.85743,0,0,0,0,0,0,0.115792,0.660372,0.224801,53.4763,328.3494,19.54047,0,False,False
75.27502,-0.145685,1.465351,0.13136,65.6296,332.7697,12.22887,0,0,0,0,0,0,0.110553,0.661493,0.228759,53.42615,327.2904,19.6899,0,False,False
75.28612,-0.151522,1.466119,0.12755,65.37568,331.5858,12.55916,0,0,0,0,0,0,0.104648,0.662968,0.23273,53.2384,326.1221,19.72559,0,False,False
75.29725,-0.157348,1.466941,0.123539,65.10845,330.369,12.86482,0,0,0,0,0,0,0.098295,0.664746,0.236694,52.96847,324.8771,19.71688,0,False,False
75.30843,-0.163172,1.467667,0.119418,64.85185,329.1613,13.1832,0,0,0,0,0,0,0.09178,0.666505,0.240858,52.63639,323.629,19.72073,0,False,False
75.31953,-0.168948,1.468294,0.114798,64.60293,327.8777,13.46077,0,0,0,0,0,0,0.085488,0.668258,0.244698,52.39971,322.4947,19.83603,0,False,False
75.33055,-0.174535,1.468753,0.110186,64.29494,326.614,13.74961,0,0,0,0,0,0,0.078283,0.670202,0.248171,52.17865,321.2754,20.06618,0,False,False
75.34171,-0.179786,1.468961,0.1051,63.92179,325.22,13.97064,0,0,0,0,0,0,0.070989,0.672003,0.251881,52.04543,320.0287,20.28404,0,False,False
75.35273,-0.184542,1.468945,0.099845,63.55697,323.7139,14.20876,0,0,0,0,0,0,0.063973,0.673403,0.255339,51.97348,318.7685,20.42122,0,False,False
75.36386,-0.189268,1.468888,0.094634,63.26365,322.1921,14.50738,0,0,0,0,0,0,0.056094,0.674565,0.258936,51.98302,317.288,20.48132,0,False,False
75.37506,-0.193544,1.468784,0.089084,63.09286,320.5101,14.87257,0,0,0,0,0,0,0.047779,0.675719,0.262259,51.93341,315.6924,20.46583,0,False,False
75.38603,-0.197723,1.468708,0.083748,63.02919,318.8046,15.26261,0,0,0,0,0,0,0.039376,0.676562,0.265766,51.74643,314.0753,20.32936,0,False,False
75.39715,-0.201502,1.468783,0.078164,63.09177,316.8943,15.60011,0,0,0,0,0,0,0.030232,0.677896,0.269275,51.41735,312.3417,20.12557,0,False,False
75.40829,-0.204971,1.46896,0.072761,63.20861,314.9095,15.84509,0,0,0,0,0,0,0.020591,0.678859,0.272414,50.98296,310.5727,19.95243,0,False,False
75.41965,-0.20844,1.469062,0.067438,63.31137,312.9218,15.97639,0,0,0,0,0,0,0.011155,0.680548,0.275706,50.56389,308.8393,19.83324,0,False,False
75.43047,-0.211514,1.469278,0.062,63.37711,310.7846,15.8515,0,0,0,0,0,0,0.002073,0.681972,0.278825,50.17834,307.2287,19.81022,0,False,False
75.44154,-0.214909,1.469176,0.056145,63.39037,308.6568,15.62687,0,0,0,0,0,0,-0.007158,0.683361,0.281772,49.82694,305.5872,19.80373,0,False,False
75.45272,-0.217487,1.46953,0.050984,63.41208,306.394,15.11924,0,0,0,0,0,0,-0.016576,0.685098,0.284967,49.5145,304.0493,19.95294,0,False,False
75.4638,-0.219923,1.469808,0.045848,63.44257,304.1743,14.61609,0,0,0,0,0,0,-0.026,0.686886,0.28811,49.2843,302.6746,20.1732,0,False,False
75.47495,-0.222121,1.470403,0.040803,63.55082,301.935,14.01893,0,0,0,0,0,0,-0.034951,0.688364,0.290946,49.15285,301.4924,20.46157,0,False,False
75.48621,-0.224056,1.470947,0.035779,63.66024,299.6823,13.45666,0,0,0,0,0,0,-0.044301,0.689886,0.293834,49.04617,300.4183,20.84331,0,False,False
75.49722,-0.225819,1.471593,0.030864,63.77667,297.4752,12.92314,0,0,0,0,0,0,-0.053703,0.691442,0.296628,48.8928,299.3069,21.16978,0,False,False
75.50824,-0.227308,1.47242,0.026331,63.84895,295.1614,12.30037,0,0,0,0,0,0,-0.063597,0.693534,0.299324,48.67026,298.1892,21.37122,0,False,False
75.51942,-0.228769,1.472916,0.021635,63.84614,292.8797,11.69758,0,0,0,0,0,0,-0.073035,0.69521,0.301532,48.39564,297.0434,21.52252,0,False,False
75.53041,-0.230001,1.47362,0.017342,63.79405,290.5197,10.97142,0,0,0,0,0,0,-0.083034,0.697069,0.303698,48.05931,295.8215,21.64402,0,False,False
75.54165,-0.231209,1.474036,0.01301,63.70972,288.213,10.28087,0,0,0,0,0,0,-0.093546,0.698895,0.305238,47.61731,294.409,21.54703,0,False,False
75.55263,-0.232313,1.474392,0.008802,63.59412,285.9725,9.630967,0,0,0,0,0,0,-0.103739,0.70074,0.306778,47.21219,293.0386,21.53569,0,False,False
75.5638,-0.2333,1.47465,0.004768,63.466,283.7579,8.958609,0,0,0,0,0,0,-0.113565,0.70239,0.307566,46.80885,291.5758,21.40961,0,False,False
75.5749,-0.234159,1.474836,0.000846,63.37045,281.614,8.369995,0,0,0,0,0,0,-0.123769,0.704049,0.30829,46.37657,290.0227,21.30493,0,False,False
75.58598,-0.234845,1.474873,-0.002864,63.31102,279.5397,7.847471,0,0,0,0,0,0,-0.134134,0.705584,0.308464,45.93621,288.4473,21.22263,0,False,False
75.59715,-0.235382,1.474805,-0.006507,63.27332,277.5076,7.408262,0,0,0,0,0,0,-0.144172,0.707231,0.308814,45.53333,286.8999,21.1713,0,False,False
75.60821,-0.235694,1.474572,-0.009951,63.30431,275.5667,7.059411,0,0,0,0,0,0,-0.153766,0.708472,0.308474,45.13792,285.3692,21.11495,0,False,False
75.61938,-0.236046,1.474256,-0.013459,63.33599,273.6529,6.728407,0,0,0,0,0,0,-0.163664,0.70983,0.307728,44.75809,283.7703,21.0727,0,False,False
75.63046,-0.236022,1.473776,-0.016678,63.44822,271.8547,6.522418,0,0,0,0,0,0,-0.173469,0.711054,0.306912,44.37125,282.2018,21.03969,0,False,False
75.64149,-0.235987,1.473288,-0.019909,63.59138,270.0582,6.31757,0,0,0,0,0,0,-0.182877,0.712149,0.305288,44.04242,280.5865,20.92582,0,False,False
75.65271,-0.235713,1.472762,-0.022979,63.76689,268.3504,6.224358,0,0,0,0,0,0,-0.192165,0.713398,0.30391,43.7095,279.0031,20.84429,0,False,False
75.66373,-0.235296,1.4723,-0.025938,63.96836,266.5978,6.105282,0,0,0,0,0,0,-0.200721,0.714162,0.301882,43.46478,277.4539,20.68618,0,False,False
75.67485,-0.234839,1.471626,-0.028972,64.18593,264.8847,6.036872,0,0,0,0,0,0,-0.209211,0.71497,0.299662,43.25085,275.8363,20.49486,0,False,False
75.686,-0.234281,1.471079,-0.031881,64.47453,263.1444,5.984254,0,0,0,0,0,0,-0.217711,0.715624,0.297278,43.05856,274.2298,20.33668,0,False,False
75.6971,-0.233816,1.47061,-0.034871,64.72673,261.4164,5.914431,0,0,0,0,0,0,-0.224858,0.715981,0.294339,42.99357,272.6017,20.14644,0,False,False
75.70822,-0.233088,1.470028,-0.03768,64.9158,259.7078,5.867671,0,0,0,0,0,0,-0.232555,0.716425,0.291434,42.86364,270.9331,19.98984,0,False,False
75.71936,-0.23238,1.469467,-0.040529,65.07008,257.9774,5.757753,0,0,0,0,0,0,-0.239663,0.716747,0.287751,42.8101,269.2041,19.84769,0,False,False
75.7304,-0.231204,1.468842,-0.043187,65.22858,256.368,5.741283,0,0,0,0,0,0,-0.246334,0.716843,0.283884,42.8141,267.414,19.70697,0,False,False
75.74147,-0.230032,1.468431,-0.045895,65.49082,254.7635,5.691785,0,0,0,0,0,0,-0.252414,0.716748,0.279908,42.85332,265.6588,19.59355,0,False,False
75.75267,-0.228725,1.468074,-0.048502,65.79192,253.1266,5.612632,0,0,0,0,0,0,-0.258563,0.716764,0.275898,42.87482,263.8422,19.47938,0,False,False
75.76366,-0.227319,1.46797,-0.051117,66.16031,251.4597,5.480731,0,0,0,0,0,0,-0.26416,0.716517,0.271371,42.96872,261.9458,19.36477,0,False,False
75.775,-0.226065,1.467935,-0.053774,66.44406,249.802,5.289904,0,0,0,0,0,0,-0.269272,0.716196,0.266775,43.0952,260.0959,19.24995,0,False,False
75.786,-0.224682,1.467891,-0.056286,66.56287,248.1496,5.058839,0,0,0,0,0,0,-0.273977,0.715861,0.262421,43.25817,258.2768,19.10624,0,False,False
75.79716,-0.223426,1.467839,-0.058922,66.55037,246.5353,4.792708,0,0,0,0,0,0,-0.278218,0.715438,0.258065,43.4889,256.5646,18.96362,0,False,False
75.80817,-0.222129,1.467844,-0.061427,66.40542,245.0736,4.582192,0,0,0,0,0,0,-0.282413,0.714894,0.253649,43.70837,254.8142,18.83556,0,False,False
75.8192,-0.220966,1.467799,-0.064114,66.26542,243.6681,4.374309,0,0,0,0,0,0,-0.286328,0.714181,0.24915,44.02153,253.1636,18.75996,0,False,False
75.83031,-0.219675,1.467697,-0.066769,66.14381,242.3182,4.142095,0,0,0,0,0,0,-0.289883,0.71352,0.244995,44.26817,251.6135,18.72121,0,False,False
75.84142,-0.218204,1.467514,-0.069473,66.02222,241.0333,3.896174,0,0,0,0,0,0,-0.29349,0.712712,0.240595,44.53828,250.1751,18.77811,0,False,False
75.85253,-0.216633,1.467301,-0.072085,65.93211,239.7981,3.692925,0,0,0,0,0,0,-0.296919,0.71176,0.236124,44.75428,248.8705,18.84377,0,False,False
75.86371,-0.214688,1.466985,-0.074592,65.85446,238.6298,3.541611,0,0,0,0,0,0,-0.3002,0.710809,0.231705,44.88518,247.6414,18.90071,0,False,False
75.87482,-0.212731,1.466546,-0.077112,65.81727,237.4256,3.39704,0,0,0,0,0,0,-0.303583,0.709951,0.227221,44.9373,246.541,18.96348,0,False,False
75.88583,-0.210435,1.466075,-0.079504,65.8468,236.3769,3.385065,0,0,0,0,0,0,-0.306475,0.709273,0.222858,44.91886,245.5062,18.98148,0,False,False
75.89707,-0.207949,1.465595,-0.081974,65.92177,235.2798,3.354097,0,0,0,0,0,0,-0.309273,0.708498,0.218164,44.89655,244.4464,18.98522,0,False,False
75.90813,-0.2052,1.465139,-0.084237,66.07864,234.1817,3.282047,0,0,0,0,0,0,-0.312152,0.707789,0.213478,44.88797,243.3795,18.97142,0,False,False
75.91918,-0.20238,1.464708,-0.086712,66.24644,233.0662,3.163555,0,0,0,0,0,0,-0.314294,0.70712,0.209005,44.90178,242.3647,18.91822,0,False,False
75.93036,-0.199281,1.464468,-0.088748,66.39945,231.8964,2.953871,0,0,0,0,0,0,-0.316361,0.706366,0.204123,44.9728,241.33,18.8814,0,False,False
75.94143,-0.196201,1.464307,-0.091157,66.51997,230.8243,2.823581,0,0,0,0,0,0,-0.31826,0.705797,0.199394,45.07745,240.2424,18.79729,0,False,False
75.95269,-0.193032,1.4642,-0.093451,66.62871,229.7379,2.660719,0,0,0,0,0,0,-0.319634,0.705006,0.194382,45.25498,239.1541,18.73872,0,False,False
75.9636,-0.189858,1.464232,-0.095801,66.73722,228.7376,2.584729,0,0,0,0,0,0,-0.320533,0.70415,0.189571,45.44827,238.0576,18.65457,0,False,False
75.97475,-0.186703,1.464432,-0.098339,66.81304,227.6947,2.510932,0,0,0,0,0,0,-0.321627,0.703364,0.184505,45.64202,236.9126,18.61551,0,False,False
75.98586,-0.183543,1.464683,-0.100702,66.80626,226.7376,2.535622,0,0,0,0,0,0,-0.32209,0.702304,0.178867,45.8283,235.7185,18.56325,0,False,False
75.99695,-0.180571,1.46486,-0.103354,66.75449,225.7622,2.550143,0,0,0,0,0,0,-0.322709,0.701485,0.173606,45.98052,234.5696,18.51502,0,False,False
76.00804,-0.177504,1.465055,-0.105997,66.59302,224.8286,2.59078,0,0,0,0,0,0,-0.323042,0.700608,0.168233,46.08939,233.4673,18.43888,0,False,False
76.0191,-0.174462,1.465175,-0.108844,66.3866,223.9554,2.664279,0,0,0,0,0,0,-0.323269,0.6993,0.162197,46.19933,232.3687,18.37216,0,False,False
76.03029,-0.17137,1.465209,-0.111589,66.18334,223.1082,2.709609,0,0,0,0,0,0,-0.323312,0.698376,0.156521,46.33023,231.1778,18.23885,0,False,False
76.04142,-0.168226,1.465171,-0.114329,66.00827,222.2665,2.73559,0,0,0,0,0,0,-0.3229,0.697178,0.150785,46.47659,229.9374,18.07862,0,False,False
76.0525,-0.16493,1.465075,-0.116881,65.87153,221.4648,2.785508,0,0,0,0,0,0,-0.322615,0.696066,0.145257,46.6206,228.7236,17.95388,0,False,False
76.06354,-0.161462,1.464982,-0.119361,65.7559,220.6443,2.811267,0,0,0,0,0,0,-0.321904,0.694385,0.139004,46.81429,227.4488,17.83323,0,False,False
76.07471,-0.158074,1.464819,-0.121934,65.67623,219.8266,2.859649,0,0,0,0,0,0,-0.321373,0.693185,0.133199,47.00658,226.1695,17.72059,0,False,False
76.08592,-0.154501,1.464658,-0.124271,65.62996,218.9256,2.844607,0,0,0,0,0,0,-0.320555,0.691568,0.127111,47.22659,224.8882,17.59572,0,False,False
76.09697,-0.151079,1.464386,-0.126771,65.57488,218.0234,2.811805,0,0,0,0,0,0,-0.31946,0.690293,0.121375,47.41846,223.7436,17.52301,0,False,False
76.10807,-0.147567,1.46407,-0.129081,65.48988,217.0657,2.752371,0,0,0,0,0,0,-0.318591,0.688847,0.115373,47.61172,222.5355,17.44602,0,False,False
76.11912,-0.143892,1.463657,-0.131149,65.38519,216.0982,2.684022,0,0,0,0,0,0,-0.317269,0.687686,0.109818,47.81295,221.3488,17.38267,0,False,False
76.13033,-0.140293,1.4634,-0.133305,65.32932,215.1693,2.651715,0,0,0,0,0,0,-0.316177,0.6863,0.103751,47.99409,220.143,17.28932,0,False,False
76.14147,-0.136432,1.463145,-0.135276,65.33958,214.1741,2.528117,0,0,0,0,0,0,-0.314982,0.685094,0.097535,48.16947,218.9341,17.13893,0,False,False
76.1526,-0.132728,1.463045,-0.137231,65.38026,213.2041,2.370593,0,0,0,0,0,0,-0.313653,0.683942,0.091832,48.2791,217.8276,16.98835,0,False,False
76.16354,-0.129061,1.463113,-0.138923,65.53558,212.1423,2.092364,0,0,0,0,0,0,-0.312479,0.683012,0.085599,48.33549,216.7634,16.87804,0,False,False
76.17477,-0.125411,1.463395,-0.140918,65.7672,211.1374,1.830292,0,0,0,0,0,0,-0.311539,0.682219,0.079393,48.38527,215.7265,16.76689,0,False,False
76.18591,-0.121923,1.463631,-0.142725,65.96067,210.1392,1.514305,0,0,0,0,0,0,-0.310509,0.681987,0.073181,48.30924,214.9309,16.697,0,False,False
76.19689,-0.118301,1.463802,-0.144467,66.01737,209.1306,1.138214,0,0,0,0,0,0,-0.309873,0.682381,0.067037,48.1595,214.3963,16.74152,0,False,False
76.20794,-0.114923,1.464036,-0.146018,65.92205,208.1346,0.780204,0,0,0,0,0,0,-0.308905,0.682868,0.060944,47.9715,213.8799,16.83544,0,False,False
76.21906,-0.111435,1.464291,-0.147326,65.81451,207.1152,0.514494,0,0,0,0,0,0,-0.307907,0.683489,0.054758,47.8103,213.3053,16.79902,0,False,False
76.23013,-0.108141,1.464782,-0.148801,65.83035,206.0512,0.303128,0,0,0,0,0,0,-0.306749,0.684287,0.048577,47.63659,212.6084,16.57417,0,False,False
76.24131,-0.105022,1.465371,-0.15009,65.90974,204.9284,0.085155,0,0,0,0,0,0,-0.305678,0.685396,0.041731,47.4222,211.762,16.17575,0,False,False
76.25237,-0.101977,1.466058,-0.151237,65.95466,203.8436,359.881,0,0,0,0,0,0,-0.30438,0.686404,0.035072,47.16541,210.8549,15.74918,0,False,False
76.26351,-0.099206,1.466746,-0.15237,65.95525,202.8359,359.7304,0,0,0,0,0,0,-0.303179,0.687744,0.028126,46.75747,209.78,15.19668,0,False,False
76.27457,-0.096524,1.467501,-0.153567,65.94769,201.8616,359.5544,0,0,0,0,0,0,-0.301889,0.688991,0.021791,46.34217,208.7771,14.73512,0,False,False
76.28568,-0.094073,1.46833,-0.154758,65.88834,200.9528,359.3334,0,0,0,0,0,0,-0.300649,0.690883,0.014624,45.77687,207.7088,14.22156,0,False,False
76.29684,-0.091755,1.469203,-0.155987,65.82516,199.9893,359.0789,0,0,0,0,0,0,-0.299253,0.69263,0.008101,45.22251,206.7329,13.77629,0,False,False
76.30798,-0.089783,1.470222,-0.157287,65.77758,199.0822,358.8216,0,0,0,0,0,0,-0.298363,0.694441,0.001501,44.71929,205.8681,13.40244,0,False,False
76.3191,-0.087786,1.471137,-0.1584,65.7096,198.2377,358.649,0,0,0,0,0,0,-0.297469,0.696454,-0.004625,44.27378,205.0552,13.10347,0,False,False
76.33015,-0.085903,1.471889,-0.15986,65.56211,197.4769,358.5486,0,0,0,0,0,0,-0.296369,0.698186,-0.010425,43.84341,204.1763,12.87496,0,False,False
76.34138,-0.08442,1.472578,-0.161046,65.3465,196.7451,358.447,0,0,0,0,0,0,-0.29546,0.700091,-0.016556,43.43751,203.3092,12.75778,0,False,False
76.35238,-0.082747,1.473131,-0.16203,65.15371,196.0827,358.402,0,0,0,0,0,0,-0.294275,0.701655,-0.021886,43.14733,202.4258,12.81077,0,False,False
76.3635,-0.08131,1.473638,-0.162809,64.98949,195.4526,358.3485,0,0,0,0,0,0,-0.293561,0.703127,-0.02683,42.93214,201.6201,12.83613,0,False,False
76.37503,-0.079838,1.47411,-0.163237,64.9044,194.8446,358.3064,0,0,0,0,0,0,-0.292548,0.704432,-0.03216,42.77386,200.7908,12.72681,0,False,False
76.38586,-0.078589,1.474472,-0.163536,64.85908,194.3228,358.3308,0,0,0,0,0,0,-0.292098,0.705709,-0.036868,42.59173,200.0558,12.52797,0,False,False
76.39708,-0.077404,1.474703,-0.16382,64.78619,193.8148,358.3896,0,0,0,0,0,0,-0.29218,0.706803,-0.041353,42.41972,199.3056,12.01651,0,False,False
76.40788,-0.07618,1.474873,-0.164122,64.66608,193.3763,358.5275,0,0,0,0,0,0,-0.291674,0.707749,-0.04578,42.18216,198.5353,11.60408,0,False,False
76.41905,-0.075276,1.474973,-0.164322,64.51508,192.9743,358.7234,0,0,0,0,0,0,-0.291326,0.708707,-0.050405,41.86713,197.6869,11.19633,0,False,False
76.43008,-0.074422,1.475104,-0.164443,64.37049,192.5365,358.9616,0,0,0,0,0,0,-0.291024,0.709724,-0.054827,41.52212,196.8085,10.98575,0,False,False
76.44124,-0.073792,1.47539,-0.164799,64.36496,192.1094,359.3014,0,0,0,0,0,0,-0.290622,0.710214,-0.058506,41.18917,195.945,10.92066,0,False,False
76.45237,-0.073195,1.475588,-0.165295,64.39091,191.6763,359.6393,0,0,0,0,0,0,-0.290437,0.710845,-0.062274,40.87752,195.0938,10.88738,0,False,False
76.4635,-0.071957,1.475361,-0.16593,64.27185,191.334,0.058779,0,0,0,0,0,0,-0.290525,0.711533,-0.065759,40.64652,194.3272,10.84697,0,False,False
76.47446,-0.071533,1.4755,-0.166048,64.12872,190.9053,0.319944,0,0,0,0,0,0,-0.290673,0.712091,-0.068695,40.49265,193.585,10.79031,0,False,False
76.48569,-0.071055,1.475569,-0.166006,64.12242,190.6184,0.668748,0,0,0,0,0,0,-0.290535,0.712427,-0.071416,40.41867,192.8175,10.72256,0,False,False
76.49677,-0.070747,1.475871,-0.166036,64.27154,190.3328,0.988515,0,0,0,0,0,0,-0.29062,0.712568,-0.073323,40.51248,192.113,10.73988,0,False,False
76.50789,-0.070371,1.476278,-0.165888,64.44366,190.0086,1.229193,0,0,0,0,0,0,-0.290788,0.712583,-0.075025,40.69688,191.3957,10.82054,0,False,False
76.51893,-0.069983,1.476571,-0.165708,64.58086,189.6819,1.337826,0,0,0,0,0,0,-0.29087,0.712445,-0.076222,41.011,190.6169,10.92192,0,False,False
76.53014,-0.069734,1.476975,-0.165378,64.62975,189.3999,1.455708,0,0,0,0,0,0,-0.291117,0.712215,-0.077758,41.29859,189.8416,11.01438,0,False,False
76.54115,-0.069445,1.477385,-0.16535,64.59956,189.0866,1.494936,0,0,0,0,0,0,-0.291199,0.711672,-0.078491,41.68661,188.9774,11.22931,0,False,False
76.55244,-0.069156,1.477781,-0.165433,64.53462,188.7877,1.549619,0,0,0,0,0,0,-0.291553,0.711109,-0.07955,42.01448,188.1636,11.51396,0,False,False
76.56342,-0.068847,1.478126,-0.165775,64.34383,188.54,1.617403,0,0,0,0,0,0,-0.291868,0.71049,-0.080443,42.30283,187.3931,11.71467,0,False,False
76.57442,-0.06856,1.478381,-0.166244,64.12894,188.3071,1.711693,0,0,0,0,0,0,-0.292646,0.709518,-0.081183,42.5533,186.8206,11.82544,0,False,False
76.58571,-0.068244,1.478579,-0.166619,63.94981,188.0555,1.78472,0,0,0,0,0,0,-0.293408,0.708645,-0.08191,42.78524,186.2172,11.89824,0,False,False
76.5967,-0.067841,1.478606,-0.167181,63.76981,187.8063,1.848617,0,0,0,0,0,0,-0.294344,0.707495,-0.082584,42.95511,185.8177,12.00509,0,False,False
76.60786,-0.067439,1.478582,-0.167662,63.6194,187.5838,1.942656,0,0,0,0,0,0,-0.295607,0.706321,-0.083334,43.08384,185.5365,12.1898,0,False,False
76.61896,-0.066863,1.478359,-0.168097,63.52336,187.3834,2.04438,0,0,0,0,0,0,-0.29674,0.705039,-0.083821,43.22507,185.3868,12.45704,0,False,False
76.63005,-0.066254,1.478077,-0.168454,63.52838,187.1881,2.160283,0,0,0,0,0,0,-0.298221,0.703965,-0.084113,43.40757,185.3356,12.81949,0,False,False
76.64114,-0.065621,1.477672,-0.168831,63.60899,186.9679,2.233072,0,0,0,0,0,0,-0.299619,0.702639,-0.084204,43.64964,185.2737,13.17328,0,False,False
76.65223,-0.064827,1.477173,-0.169156,63.74221,186.7864,2.320512,0,0,0,0,0,0,-0.301134,0.701263,-0.084114,43.97734,185.4001,13.6202,0,False,False
76.66341,-0.064058,1.476646,-0.169407,63.86373,186.6152,2.435312,0,0,0,0,0,0,-0.302666,0.699969,-0.083714,44.32819,185.5686,14.04779,0,False,False
76.6744,-0.063152,1.476008,-0.169447,64.03923,186.4726,2.539043,0,0,0,0,0,0,-0.303986,0.698704,-0.083217,44.75035,185.7832,14.4623,0,False,False
76.68571,-0.062176,1.475388,-0.16946,64.22282,186.3817,2.675427,0,0,0,0,0,0,-0.305399,0.697506,-0.082956,45.15753,185.9442,14.85684,0,False,False
76.69669,-0.061029,1.474844,-0.169246,64.5007,186.3279,2.805756,0,0,0,0,0,0,-0.306375,0.696219,-0.082246,45.62389,186.1547,15.22018,0,False,False
76.70777,-0.059853,1.474356,-0.168975,64.80762,186.2704,2.92587,0,0,0,0,0,0,-0.306956,0.69523,-0.081579,46.06947,186.3491,15.54662,0,False,False
76.71903,-0.058503,1.474021,-0.168468,65.16245,186.2586,3.100737,0,0,0,0,0,0,-0.307697,0.694089,-0.080988,46.48657,186.4747,15.89248,0,False,False
76.72995,-0.057118,1.473768,-0.168056,65.43114,186.2481,3.301569,0,0,0,0,0,0,-0.307654,0.693129,-0.080419,46.86658,186.4555,16.13973,0,False,False
76.74107,-0.055715,1.473605,-0.167714,65.60566,186.1998,3.499965,0,0,0,0,0,0,-0.307946,0.692096,-0.079968,47.21999,186.3984,16.36683,0,False,False
76.75217,-0.054255,1.473528,-0.167555,65.64705,186.127,3.703128,0,0,0,0,0,0,-0.307476,0.69138,-0.079693,47.46619,186.1513,16.49964,0,False,False
76.76335,-0.052762,1.473427,-0.167536,65.5783,186.0325,3.879562,0,0,0,0,0,0,-0.30687,0.690559,-0.079478,47.66174,185.7692,16.55154,0,False,False
76.77454,-0.051173,1.473375,-0.167745,65.38535,185.9306,4.042364,0,0,0,0,0,0,-0.305826,0.689764,-0.079308,47.82427,185.2722,16.49795,0,False,False
76.7857,-0.049582,1.473225,-0.16803,65.16534,185.8134,4.160326,0,0,0,0,0,0,-0.304646,0.688937,-0.079352,47.94743,184.7359,16.40405,0,False,False
76.79673,-0.047922,1.473122,-0.168324,64.94997,185.6912,4.232934,0,0,0,0,0,0,-0.30349,0.688098,-0.07925,48.09426,184.2933,16.36708,0,False,False
76.80774,-0.046172,1.473001,-0.168551,64.79413,185.5864,4.266518,0,0,0,0,0,0,-0.302117,0.687143,-0.079389,48.21584,183.8401,16.35112,0,False,False
76.81897,-0.044355,1.472944,-0.168627,64.71214,185.4694,4.265568,0,0,0,0,0,0,-0.300808,0.686236,-0.079571,48.32674,183.5241,16.39251,0,False,False
76.83,-0.042539,1.472988,-0.168635,64.72783,185.323,4.231441,0,0,0,0,0,0,-0.299634,0.685348,-0.079806,48.44965,183.2641,16.45792,0,False,False
76.84119,-0.040556,1.473151,-0.168674,64.82082,185.1755,4.18349,0,0,0,0,0,0,-0.298467,0.684577,-0.080142,48.56744,183.2201,16.61177,0,False,False
76.85222,-0.038679,1.4734,-0.168907,64.94707,184.9933,4.120526,0,0,0,0,0,0,-0.297409,0.684112,-0.080362,48.6686,183.2171,16.76534,0,False,False
76.86324,-0.03672,1.473758,-0.16931,65.11702,184.8071,4.022307,0,0,0,0,0,0,-0.296464,0.683879,-0.080712,48.75471,183.5402,17.04663,0,False,False
76.87441,-0.034759,1.474055,-0.169437,65.1841,184.6172,3.914081,0,0,0,0,0,0,-0.295741,0.684172,-0.080767,48.84361,184.0252,17.38273,0,False,False
76.88557,-0.032866,1.474285,-0.169395,65.19017,184.4655,3.845369,0,0,0,0,0,0,-0.294806,0.684707,-0.081062,48.94873,184.6082,17.72777,0,False,False
76.89671,-0.030922,1.474446,-0.169259,65.16097,184.294,3.834141,0,0,0,0,0,0,-0.293516,0.685224,-0.081345,49.08306,185.1019,17.95144,0,False,False
76.90765,-0.029039,1.474636,-0.168953,65.15114,184.0922,3.827714,0,0,0,0,0,0,-0.291837,0.685658,-0.081945,49.24092,185.3885,17.99054,0,False,False
76.91893,-0.027147,1.474851,-0.168569,65.20813,183.9009,3.938697,0,0,0,0,0,0,-0.289664,0.686133,-0.082779,49.37944,185.4022,17.75847,0,False,False
76.92992,-0.02536,1.475036,-0.168311,65.2623,183.6507,4.004872,0,0,0,0,0,0,-0.287532,0.68643,-0.083665,49.46133,185.3004,17.51565,0,False,False
76.94101,-0.023594,1.475324,-0.168028,65.29148,183.4417,4.135567,0,0,0,0,0,0,-0.284581,0.686793,-0.085152,49.4189,184.779,16.94883,0,False,False
76.95236,-0.021907,1.475627,-0.167907,65.26089,183.2115,4.22962,0,0,0,0,0,0,-0.281338,0.687174,-0.087053,49.16505,184.0522,16.28944,0,False,False
76.96326,-0.02029,1.475931,-0.167927,65.13557,183.0172,4.286341,0,0,0,0,0,0,-0.278245,0.687697,-0.088969,48.85864,183.3311,15.65306,0,False,False
76.97443,-0.018747,1.476242,-0.168106,64.92674,182.7722,4.242118,0,0,0,0,0,0,-0.274817,0.688591,-0.091522,48.14504,182.3543,14.99197,0,False,False
76.98547,-0.017253,1.476564,-0.168377,64.71522,182.5121,4.158702,0,0,0,0,0,0,-0.271733,0.689555,-0.09379,47.64066,181.6822,14.55007,0,False,False
76.99663,-0.015831,1.47683,-0.168598,64.49179,182.194,3.983912,0,0,0,0,0,0,-0.268735,0.690431,-0.096255,47.01562,181.0097,14.25416,0,False,False
77.00759,-0.014489,1.477096,-0.168753,64.31454,181.8972,3.853949,0,0,0,0,0,0,-0.266167,0.691298,-0.098382,46.51848,180.4903,14.035,0,False,False
77.01871,-0.013204,1.477327,-0.16873,64.19567,181.5961,3.699705,0,0,0,0,0,0,-0.263909,0.692207,-0.100614,45.98646,180.1442,14.07933,0,False,False
77.02984,-0.012021,1.477525,-0.168564,64.1406,181.222,3.499325,0,0,0,0,0,0,-0.262146,0.693007,-0.102539,45.69563,180.0668,14.57859,0,False,False
77.04097,-0.011046,1.477621,-0.168165,64.21053,180.8551,3.270151,0,0,0,0,0,0,-0.260179,0.693608,-0.104224,45.44787,179.906,14.92514,0,False,False
77.05206,-0.010081,1.477817,-0.167634,64.3277,180.4899,3.029476,0,0,0,0,0,0,-0.259078,0.694026,-0.105456,45.43568,180.0382,15.32723,0,False,False
77.06318,-0.009245,1.47808,-0.167072,64.46498,180.148,2.779626,0,0,0,0,0,0,-0.257802,0.694601,-0.107109,45.36623,180.1534,15.41877,0,False,False
77.07434,-0.008516,1.478358,-0.166533,64.56585,179.8472,2.505242,0,0,0,0,0,0,-0.257175,0.695067,-0.108446,45.31719,180.5468,15.31721,0,False,False
77.08543,-0.007797,1.478645,-0.166109,64.59698,179.5609,2.22926,0,0,0,0,0,0,-0.256674,0.695686,-0.109883,45.17124,180.974,15.07627,0,False,False
77.09649,-0.007312,1.478949,-0.165785,64.52992,179.3194,1.954881,0,0,0,0,0,0,-0.256286,0.696392,-0.111394,45.01745,181.3299,14.76762,0,False,False
77.10763,-0.006757,1.479279,-0.165592,64.41151,179.1423,1.74459,0,0,0,0,0,0,-0.255866,0.697071,-0.112863,44.80847,181.6077,14.51951,0,False,False
77.1188,-0.006399,1.479758,-0.16547,64.22938,179.0251,1.579401,0,0,0,0,0,0,-0.255287,0.697866,-0.1143,44.5415,181.7063,14.43998,0,False,False
77.12983,-0.006108,1.480227,-0.165454,64.04716,178.8965,1.439042,0,0,0,0,0,0,-0.254792,0.698504,-0.115712,44.24055,181.7063,14.38434,0,False,False
77.1411,-0.005887,1.480726,-0.165546,63.81588,178.8489,1.383541,0,0,0,0,0,0,-0.254083,0.699104,-0.117063,43.97239,181.6876,14.40709,0,False,False
77.15211,-0.005762,1.481257,-0.165648,63.53023,178.8323,1.400103,0,0,0,0,0,0,-0.253828,0.699579,-0.118177,43.72809,181.586,14.56249,0,False,False
77.1636,-0.005672,1.481797,-0.165801,63.25782,178.8243,1.438045,0,0,0,0,0,0,-0.253375,0.700129,-0.119245,43.49448,181.5341,14.65363,0,False,False
77.17435,-0.005716,1.482261,-0.165953,62.96394,178.8905,1.576598,0,0,0,0,0,0,-0.253416,0.700385,-0.119789,43.36284,181.3723,14.58319,0,False,False
77.18544,-0.00576,1.482724,-0.166047,62.72652,178.9497,1.719568,0,0,0,0,0,0,-0.253434,0.700711,-0.120243,43.24057,181.2606,14.50329,0,False,False
77.19644,-0.006068,1.483092,-0.166129,62.49974,179.0831,1.958632,0,0,0,0,0,0,-0.253593,0.700915,-0.120734,43.14176,181.1559,14.43753,0,False,False
77.20764,-0.006367,1.483462,-0.166132,62.30463,179.1995,2.157386,0,0,0,0,0,0,-0.254098,0.700876,-0.120935,43.0966,181.0143,14.36999,0,False,False
77.21877,-0.006765,1.48389,-0.166036,62.1459,179.3152,2.365469,0,0,0,0,0,0,-0.254434,0.700969,-0.121146,43.06552,180.8944,14.35598,0,False,False
77.22994,-0.00722,1.484298,-0.165882,62.0178,179.4308,2.576008,0,0,0,0,0,0,-0.25538,0.700654,-0.120869,43.19228,180.7836,14.43605,0,False,False
77.24088,-0.007756,1.484766,-0.165822,61.91809,179.5642,2.801739,0,0,0,0,0,0,-0.256158,0.700443,-0.120678,43.27606,180.7231,14.47173,0,False,False
77.25226,-0.008459,1.485368,-0.165796,61.80196,179.6789,3.028882,0,0,0,0,0,0,-0.2574,0.700143,-0.120366,43.46865,180.7199,14.53323,0,False,False
77.26315,-0.009203,1.485925,-0.165806,61.64494,179.7973,3.255195,0,0,0,0,0,0,-0.258769,0.699632,-0.119702,43.67505,180.7325,14.6602,0,False,False
77.2744,-0.010033,1.486748,-0.165805,61.43782,179.9008,3.469504,0,0,0,0,0,0,-0.260284,0.69926,-0.119,43.86951,180.7513,14.72209,0,False,False
77.28559,-0.010926,1.487574,-0.165886,61.17264,179.9929,3.65918,0,0,0,0,0,0,-0.262,0.698839,-0.11826,44.1003,180.8024,14.76264,0,False,False
77.29649,-0.01191,1.48857,-0.166038,60.85409,180.0689,3.847033,0,0,0,0,0,0,-0.263514,0.698427,-0.117456,44.29272,180.8408,14.80994,0,False,False
77.30755,-0.012935,1.489646,-0.16626,60.47176,180.1554,4.022724,0,0,0,0,0,0,-0.265428,0.698004,-0.116691,44.53125,180.8866,14.85126,0,False,False
77.31857,-0.013952,1.490815,-0.166542,60.09362,180.2064,4.174085,0,0,0,0,0,0,-0.267379,0.697706,-0.115915,44.73893,180.936,14.90043,0,False,False
77.3298,-0.015118,1.492052,-0.166777,59.69561,180.2053,4.265599,0,0,0,0,0,0,-0.269237,0.697306,-0.115169,44.9524,180.995,14.94322,0,False,False
77.34084,-0.016238,1.493226,-0.166923,59.31086,180.2556,4.397151,0,0,0,0,0,0,-0.271188,0.697015,-0.114409,45.15313,181.0469,14.97879,0,False,False
77.35192,-0.017457,1.494499,-0.166942,58.9078,180.2612,4.474037,0,0,0,0,0,0,-0.273375,0.696612,-0.113609,45.3399,181.0887,15.02949,0,False,False
77.36316,-0.018679,1.495752,-0.166897,58.47799,180.2771,4.563025,0,0,0,0,0,0,-0.275486,0.696361,-0.112925,45.51484,181.1326,15.11384,0,False,False
77.37411,-0.019925,1.49713,-0.166715,58.02787,180.291,4.635966,0,0,0,0,0,0,-0.277602,0.696094,-0.112187,45.66136,181.1941,15.21942,0,False,False
77.38541,-0.021214,1.498532,-0.16646,57.54153,180.3011,4.698314,0,0,0,0,0,0,-0.279809,0.695939,-0.111728,45.80849,181.2601,15.29593,0,False,False
77.39644,-0.022537,1.49996,-0.166339,57.04491,180.3026,4.74418,0,0,0,0,0,0,-0.281972,0.695674,-0.111318,45.94541,181.3346,15.38059,0,False,False
77.40746,-0.023883,1.501546,-0.166092,56.4921,180.2893,4.746062,0,0,0,0,0,0,-0.2841,0.695487,-0.111084,46.02407,181.4214,15.51382,0,False,False
77.4186,-0.02518,1.503159,-0.165898,55.90737,180.2754,4.765671,0,0,0,0,0,0,-0.286311,0.69513,-0.110798,46.0685,181.5122,15.6962,0,False,False
77.42995,-0.026539,1.504897,-0.165713,55.21185,180.2536,4.763813,0,0,0,0,0,0,-0.288385,0.694839,-0.110678,46.1012,181.5807,15.83112,0,False,False
77.44109,-0.027815,1.506677,-0.165584,54.4308,180.2244,4.779541,0,0,0,0,0,0,-0.290485,0.694437,-0.110538,46.14242,181.6327,15.93391,0,False,False
77.45201,-0.029031,1.508605,-0.165403,53.60516,180.1889,4.797858,0,0,0,0,0,0,-0.292582,0.694202,-0.110415,46.20318,181.6823,16.01943,0,False,False
77.46306,-0.030304,1.510626,-0.165265,52.67729,180.122,4.761121,0,0,0,0,0,0,-0.294421,0.693811,-0.110345,46.26262,181.7051,16.07828,0,False,False
77.47408,-0.031586,1.512628,-0.1651,51.73383,180.0871,4.756363,0,0,0,0,0,0,-0.296398,0.693415,-0.110197,46.34235,181.7261,16.12735,0,False,False
77.48541,-0.032771,1.514846,-0.164851,50.73315,180.0622,4.727751,0,0,0,0,0,0,-0.298097,0.692913,-0.110169,46.42694,181.7033,16.13774,0,False,False
77.49633,-0.033969,1.517107,-0.164603,49.74055,180.0576,4.697419,0,0,0,0,0,0,-0.299735,0.69246,-0.110207,46.49038,181.6893,16.20037,0,False,False
77.50758,-0.035057,1.519576,-0.16424,48.67095,180.1049,4.659726,0,0,0,0,0,0,-0.301338,0.691971,-0.11027,46.54013,181.6442,16.27461,0,False,False
77.5186,-0.03618,1.52212,-0.16392,47.59679,180.1426,4.609149,0,0,0,0,0,0,-0.302787,0.691485,-0.110395,46.57572,181.5836,16.41266,0,False,False
77.53061,-0.037215,1.524781,-0.163581,46.47576,180.2261,4.58755,0,0,0,0,0,0,-0.304631,0.69102,-0.110426,46.62613,181.5503,16.54978,0,False,False
77.54082,-0.038275,1.52741,-0.163027,45.34142,180.3358,4.552673,0,0,0,0,0,0,-0.305829,0.690677,-0.11049,46.6875,181.5518,16.70603,0,False,False
77.55196,-0.039176,1.530091,-0.162428,44.16671,180.4321,4.484344,0,0,0,0,0,0,-0.307113,0.690364,-0.110349,46.77085,181.5642,16.8548,0,False,False
77.56316,-0.039953,1.532973,-0.161671,42.95987,180.5378,4.367471,0,0,0,0,0,0,-0.308427,0.689852,-0.110447,46.87951,181.6149,17.031,0,False,False
77.57409,-0.040751,1.535926,-0.160861,41.7871,180.6105,4.201988,0,0,0,0,0,0,-0.309667,0.689521,-0.110552,47.00375,181.6614,17.22322,0,False,False
77.58537,-0.04136,1.539128,-0.159928,40.5454,180.7058,4.032618,0,0,0,0,0,0,-0.310814,0.689112,-0.110742,47.14608,181.7672,17.45331,0,False,False
77.59634,-0.041991,1.542396,-0.158951,39.27991,180.7961,3.861813,0,0,0,0,0,0,-0.311852,0.688694,-0.110981,47.26577,181.9076,17.64062,0,False,False
77.60744,-0.042515,1.545796,-0.157875,37.93014,180.9207,3.698955,0,0,0,0,0,0,-0.312832,0.68832,-0.111404,47.36732,182.0506,17.8096,0,False,False
77.61861,-0.043036,1.549258,-0.156666,36.52282,181.0331,3.515986,0,0,0,0,0,0,-0.313607,0.688117,-0.112013,47.41106,182.3371,17.9558,0,False,False
77.62993,-0.043538,1.552859,-0.15532,35.03769,181.1518,3.332809,0,0,0,0,0,0,-0.314517,0.687972,-0.112563,47.45827,182.5857,18.10836,0,False,False
77.64077,-0.043923,1.556193,-0.153869,33.58404,181.2883,3.140668,0,0,0,0,0,0,-0.315041,0.687915,-0.113372,47.43968,182.8647,18.19346,0,False,False
77.65178,-0.044337,1.559536,-0.152371,32.17111,181.4175,2.934555,0,0,0,0,0,0,-0.315629,0.68789,-0.114394,47.4003,183.1411,18.26603,0,False,False
77.66294,-0.044623,1.56279,-0.150762,30.72534,181.5728,2.758319,0,0,0,0,0,0,-0.316032,0.687803,-0.115617,47.32352,183.4144,18.31185,0,False,False
77.67404,-0.044929,1.566214,-0.149123,29.30229,181.7146,2.57354,0,0,0,0,0,0,-0.31614,0.687868,-0.116762,47.21363,183.6517,18.32732,0,False,False
77.68533,-0.045095,1.569746,-0.147361,27.85128,181.8705,2.381053,0,0,0,0,0,0,-0.316178,0.687918,-0.118036,47.10085,183.8694,18.29667,0,False,False
77.6964,-0.045259,1.573209,-0.14574,26.36701,182.0238,2.209619,0,0,0,0,0,0,-0.315848,0.688128,-0.11968,46.83815,184.0911,18.23754,0,False,False
77.70737,-0.045425,1.576756,-0.144111,24.95417,182.1226,1.995078,0,0,0,0,0,0,-0.315564,0.68843,-0.121117,46.63395,184.3254,18.22283,0,False,False
77.71848,-0.045385,1.580179,-0.14248,23.56344,182.2542,1.839201,0,0,0,0,0,0,-0.315088,0.688852,-0.122812,46.36082,184.6125,18.21294,0,False,False
77.72965,-0.045465,1.583546,-0.140723,22.24001,182.3784,1.635355,0,0,0,0,0,0,-0.314569,0.689394,-0.124493,46.1073,184.9002,18.19518,0,False,False
77.74084,-0.045355,1.586534,-0.138835,21.03312,182.5306,1.484429,0,0,0,0,0,0,-0.313758,0.690093,-0.126125,45.88891,185.2234,18.14447,0,False,False
77.75187,-0.045255,1.589325,-0.136868,19.88756,182.6479,1.342842,0,0,0,0,0,0,-0.31269,0.690711,-0.127614,45.7198,185.5424,18.12795,0,False,False
77.76297,-0.045193,1.591987,-0.13485,18.75998,182.7854,1.223984,0,0,0,0,0,0,-0.311438,0.691343,-0.129044,45.60979,185.7559,18.01538,0,False,False
77.77412,-0.044976,1.594701,-0.132832,17.55089,182.8992,1.142703,0,0,0,0,0,0,-0.30987,0.692043,-0.130675,45.49906,185.8934,17.81409,0,False,False
77.78519,-0.044872,1.59764,-0.130779,16.17676,182.9709,1.050861,0,0,0,0,0,0,-0.308234,0.69274,-0.132408,45.38157,185.9361,17.54946,0,False,False
77.79637,-0.044636,1.600606,-0.128859,14.79524,183.0169,0.956987,0,0,0,0,0,0,-0.306167,0.693317,-0.134363,45.19716,185.7508,17.0718,0,False,False
77.80728,-0.044533,1.603427,-0.126825,13.43976,183.0186,0.862459,0,0,0,0,0,0,-0.303707,0.693962,-0.136495,44.87603,185.3835,16.4808,0,False,False
77.81855,-0.04436,1.605986,-0.124815,12.19803,183.0356,0.800647,0,0,0,0,0,0,-0.301607,0.694551,-0.138747,44.56984,185.1323,16.0348,0,False,False
77.82964,-0.044092,1.60813,-0.122856,11.07038,183.0017,0.762493,0,0,0,0,0,0,-0.299199,0.695139,-0.14102,44.1593,184.7258,15.56714,0,False,False
77.84068,-0.043892,1.610148,-0.120854,9.964983,182.9566,0.734092,0,0,0,0,0,0,-0.296681,0.695685,-0.143358,43.76674,184.2989,15.17897,0,False,False
77.8517,-0.043539,1.611988,-0.118928,8.913208,182.9178,0.743164,0,0,0,0,0,0,-0.294361,0.696249,-0.145524,43.43654,183.9406,14.84173,0,False,False
77.86294,-0.043299,1.613833,-0.117032,7.858774,182.8262,0.717797,0,0,0,0,0,0,-0.291975,0.696506,-0.147679,43.12081,183.5092,14.53862,0,False,False
77.87393,-0.042931,1.615604,-0.115273,6.861917,182.7773,0.70846,0,0,0,0,0,0,-0.289669,0.696577,-0.149792,42.87399,183.1292,14.28673,0,False,False
77.88509,-0.042637,1.617014,-0.113464,6.060944,182.6704,0.704386,0,0,0,0,0,0,-0.287603,0.696496,-0.151726,42.68068,182.8228,14.08484,0,False,False
77.89619,-0.042335,1.618309,-0.111809,5.267277,182.5918,0.672853,0,0,0,0,0,0,-0.285731,0.696449,-0.153616,42.52035,182.5876,13.90147,0,False,False
77.90724,-0.042009,1.619218,-0.110333,4.575259,182.4872,0.690854,0,0,0,0,0,0,-0.283979,0.696127,-0.155439,42.4495,182.4686,13.8085,0,False,False
77.91844,-0.042086,1.620334,-0.108384,3.846301,182.3816,0.668411,0,0,0,0,0,0,-0.282209,0.69587,-0.157228,42.38154,182.3575,13.69552,0,False,False
77.92974,-0.041718,1.620831,-0.106953,3.405611,182.2156,0.677836,0,0,0,0,0,0,-0.280773,0.695308,-0.158926,42.44345,182.3585,13.64124,0,False,False
77.94058,-0.041562,1.621452,-0.105418,2.980936,182.0761,0.677114,0,0,0,0,0,0,-0.279398,0.694764,-0.160461,42.55257,182.3479,13.65722,0,False,False
77.95169,-0.041235,1.621803,-0.104016,2.674074,181.9359,0.703095,0,0,0,0,0,0,-0.278047,0.694248,-0.1621,42.603,182.2787,13.64965,0,False,False
77.96289,-0.040859,1.621983,-0.102647,2.406667,181.7755,0.707771,0,0,0,0,0,0,-0.276988,0.693505,-0.16363,42.64224,182.1677,13.63173,0,False,False
77.97398,-0.040608,1.622234,-0.101483,2.098324,181.6161,0.712958,0,0,0,0,0,0,-0.275673,0.69298,-0.165172,42.62454,182.0394,13.5931,0,False,False
77.98508,-0.040228,1.622332,-0.100316,1.8326,181.422,0.712024,0,0,0,0,0,0,-0.27451,0.692647,-0.166967,42.54598,181.8461,13.54166,0,False,False
77.99626,-0.039973,1.622609,-0.099202,1.57734,181.2474,0.70742,0,0,0,0,0,0,-0.273459,0.692442,-0.168901,42.41627,181.6564,13.48186,0,False,False
78.00725,-0.039602,1.622722,-0.098243,1.370476,181.0713,0.719194,0,0,0,0,0,0,-0.272522,0.692314,-0.170807,42.23938,181.4832,13.41491,0,False,False
78.01833,-0.039295,1.622873,-0.09729,1.186466,180.8881,0.712858,0,0,0,0,0,0,-0.271674,0.692226,-0.17264,42.06856,181.3696,13.37372,0,False,False
78.02945,-0.038955,1.623019,-0.096467,1.034306,180.7005,0.694987,0,0,0,0,0,0,-0.270968,0.692427,-0.174549,41.8424,181.2869,13.33841,0,False,False
78.04061,-0.038657,1.623216,-0.095831,0.883048,180.5325,0.688208,0,0,0,0,0,0,-0.270454,0.692735,-0.176432,41.61537,181.2766,13.35462,0,False,False
78.0518,-0.03836,1.623554,-0.095168,0.717728,180.3707,0.659192,0,0,0,0,0,0,-0.270018,0.692942,-0.178279,41.41213,181.3233,13.40185,0,False,False
78.06273,-0.038018,1.623864,-0.094623,0.548181,180.1952,0.610093,0,0,0,0,0,0,-0.269846,0.693492,-0.180153,41.2481,181.3589,13.44819,0,False,False
78.07401,-0.037742,1.624175,-0.094058,0.37006,180.0423,0.557059,0,0,0,0,0,0,-0.269419,0.693918,-0.181708,41.09403,181.3385,13.44976,0,False,False
78.08517,-0.037409,1.624437,-0.093563,0.201046,179.8892,0.501217,0,0,0,0,0,0,-0.269169,0.694567,-0.183181,40.96528,181.2862,13.43581,0,False,False
78.09655,-0.037096,1.624686,-0.093076,0.040564,179.7592,0.456916,0,0,0,0,0,0,-0.268741,0.695191,-0.184547,40.84006,181.1919,13.40024,0,False,False
78.10751,-0.036795,1.624861,-0.09259,359.9246,179.6248,0.436644,0,0,0,0,0,0,-0.26839,0.695693,-0.185839,40.72299,181.102,13.38203,0,False,False
78.11842,-0.036536,1.62499,-0.092059,359.8287,179.4916,0.430281,0,0,0,0,0,0,-0.267816,0.696164,-0.186844,40.63699,180.9076,13.36289,0,False,False
78.12952,-0.036188,1.625048,-0.0915,359.7456,179.3683,0.423671,0,0,0,0,0,0,-0.267359,0.696769,-0.18781,40.5212,180.6592,13.34211,0,False,False
78.14051,-0.03595,1.625077,-0.090957,359.654,179.2601,0.415822,0,0,0,0,0,0,-0.266943,0.697207,-0.188758,40.38596,180.3726,13.31435,0,False,False
78.15163,-0.03572,1.625112,-0.090352,359.5428,179.1513,0.413026,0,0,0,0,0,0,-0.266577,0.697584,-0.189695,40.26844,180.1529,13.30364,0,False,False
78.16274,-0.03542,1.625138,-0.089854,359.4186,179.0477,0.445703,0,0,0,0,0,0,-0.266522,0.697968,-0.190674,40.16015,179.9217,13.28716,0,False,False
78.17393,-0.035148,1.62514,-0.089468,359.2932,178.9488,0.475705,0,0,0,0,0,0,-0.266322,0.698342,-0.191618,40.06606,179.739,13.29085,0,False,False
78.18514,-0.034912,1.625204,-0.088911,359.1541,178.8569,0.527447,0,0,0,0,0,0,-0.266468,0.698405,-0.192394,39.99742,179.5915,13.30975,0,False,False
78.19609,-0.034604,1.62523,-0.088423,359.0547,178.75,0.574073,0,0,0,0,0,0,-0.266591,0.698579,-0.192917,39.9457,179.5129,13.39984,0,False,False
78.20722,-0.03431,1.625295,-0.088065,358.9628,178.6533,0.631958,0,0,0,0,0,0,-0.266912,0.698501,-0.193294,39.92965,179.4789,13.50778,0,False,False
78.21834,-0.034097,1.625396,-0.087693,358.8714,178.5505,0.681287,0,0,0,0,0,0,-0.267509,0.698469,-0.193637,39.95232,179.4875,13.63048,0,False,False
78.22948,-0.033888,1.625432,-0.087312,358.7788,178.4713,0.717893,0,0,0,0,0,0,-0.26809,0.698342,-0.193928,39.99589,179.5025,13.739,0,False,False
78.24055,-0.033711,1.62547,-0.086964,358.6755,178.3749,0.734824,0,0,0,0,0,0,-0.268925,0.698093,-0.194054,40.09718,179.6028,13.88485,0,False,False
78.25163,-0.033537,1.625599,-0.086633,358.5948,178.2773,0.763545,0,0,0,0,0,0,-0.269742,0.697848,-0.194179,40.22445,179.7297,14.05056,0,False,False
78.26279,-0.033436,1.625658,-0.086391,358.4982,178.1785,0.796882,0,0,0,0,0,0,-0.270628,0.697563,-0.194197,40.36932,179.8516,14.20193,0,False,False
78.27373,-0.033312,1.625759,-0.086108,358.4156,178.0905,0.825567,0,0,0,0,0,0,-0.271337,0.697356,-0.194223,40.48631,179.9414,14.34263,0,False,False
78.28492,-0.033249,1.625818,-0.085844,358.3474,178.008,0.85238,0,0,0,0,0,0,-0.271969,0.697094,-0.194271,40.59247,180.0072,14.4662,0,False,False
78.29601,-0.033259,1.625811,-0.085451,358.2672,177.9277,0.859592,0,0,0,0,0,0,-0.272733,0.696797,-0.194244,40.71049,180.0346,14.58701,0,False,False
78.30769,-0.033218,1.625896,-0.085299,358.1765,177.835,0.873228,0,0,0,0,0,0,-0.273381,0.696434,-0.193949,40.81497,180.0429,14.7179,0,False,False
78.3183,-0.033354,1.626087,-0.085008,358.0912,177.7589,0.870983,0,0,0,0,0,0,-0.274055,0.696134,-0.193832,40.91021,180.0432,14.84585,0,False,False
78.3294,-0.033368,1.626179,-0.084918,357.9819,177.6721,0.892112,0,0,0,0,0,0,-0.274609,0.695936,-0.193562,41.0082,180.0219,14.95815,0,False,False
78.34042,-0.033358,1.626418,-0.084998,357.8773,177.5921,0.904589,0,0,0,0,0,0,-0.27517,0.695647,-0.193365,41.1144,179.9905,15.05787,0,False,False
78.35158,-0.033385,1.626541,-0.084995,357.7861,177.518,0.913323,0,0,0,0,0,0,-0.275807,0.695148,-0.193071,41.22319,179.9305,15.13496,0,False,False
78.3626,-0.033442,1.626675,-0.085,357.6864,177.4485,0.935258,0,0,0,0,0,0,-0.276305,0.694851,-0.192925,41.33353,179.8893,15.21626,0,False,False
78.37369,-0.033517,1.626805,-0.085045,357.5951,177.3786,0.954385,0,0,0,0,0,0,-0.276852,0.694695,-0.192819,41.4194,179.8408,15.28658,0,False,False
78.38493,-0.033759,1.626988,-0.085071,357.5095,177.3105,0.953221,0,0,0,0,0,0,-0.277505,0.694504,-0.192666,41.50006,179.8099,15.36203,0,False,False
78.39606,-0.03391,1.627104,-0.085142,357.4386,177.2564,0.946312,0,0,0,0,0,0,-0.277989,0.694555,-0.192727,41.57293,179.7657,15.43656,0,False,False
78.40703,-0.033992,1.627122,-0.085243,357.3886,177.2028,0.961143,0,0,0,0,0,0,-0.278301,0.694494,-0.192676,41.63776,179.7343,15.51975,0,False,False
78.41824,-0.034142,1.627172,-0.085317,357.3534,177.1549,0.966099,0,0,0,0,0,0,-0.278695,0.694755,-0.192886,41.64441,179.6861,15.53657,0,False,False
78.42941,-0.034311,1.62727,-0.085458,357.3277,177.1142,0.97983,0,0,0,0,0,0,-0.279099,0.69504,-0.193204,41.63597,179.6843,15.55119,0,False,False
78.44053,-0.034514,1.627365,-0.085531,357.3008,177.0874,0.987001,0,0,0,0,0,0,-0.279536,0.695354,-0.193517,41.62206,179.6612,15.555,0,False,False
78.45167,-0.034807,1.627451,-0.085624,357.2765,177.064,0.982151,0,0,0,0,0,0,-0.279892,0.695923,-0.194202,41.51108,179.6304,15.56518,0,False,False
78.46272,-0.034995,1.627514,-0.085818,357.2191,177.0532,0.981187,0,0,0,0,0,0,-0.280129,0.696822,-0.194967,41.22835,179.5741,15.58375,0,False,False
78.47377,-0.035227,1.62771,-0.086042,357.1358,177.0505,0.941888,0,0,0,0,0,0,-0.280536,0.698016,-0.196111,40.73072,179.5303,15.56856,0,False,False
78.48494,-0.035487,1.62788,-0.086217,357.052,177.0488,0.91188,0,0,0,0,0,0,-0.280885,0.699248,-0.197456,40.23344,179.5066,15.55026,0,False,False
78.49606,-0.035739,1.628109,-0.086458,356.9489,177.0638,0.874306,0,0,0,0,0,0,-0.281402,0.700865,-0.199257,39.57319,179.5533,15.43177,0,False,False
78.50708,-0.035977,1.628286,-0.086648,356.8616,177.0863,0.847247,0,0,0,0,0,0,-0.282198,0.702638,-0.201486,38.77358,179.7249,15.30818,0,False,False
78.51819,-0.03623,1.628505,-0.08697,356.7839,177.1128,0.81908,0,0,0,0,0,0,-0.28283,0.704302,-0.203384,38.0113,179.8538,15.29111,0,False,False
78.52943,-0.036466,1.628646,-0.087251,356.7181,177.1353,0.781151,0,0,0,0,0,0,-0.283673,0.706598,-0.205897,36.90532,180.0955,15.29305,0,False,False
78.54062,-0.036713,1.628798,-0.087637,356.6569,177.1654,0.7311,0,0,0,0,0,0,-0.284427,0.708982,-0.208313,35.80149,180.3002,15.30832,0,False,False
78.55149,-0.036918,1.628888,-0.087999,356.5955,177.1956,0.677803,0,0,0,0,0,0,-0.285326,0.711758,-0.211223,34.43903,180.5582,15.50542,0,False,False
78.56258,-0.037062,1.628997,-0.08832,356.5303,177.2443,0.610872,0,0,0,0,0,0,-0.286404,0.714947,-0.214334,32.86796,180.8842,15.69839,0,False,False
78.5737,-0.037217,1.629128,-0.08871,356.4625,177.2948,0.55318,0,0,0,0,0,0,-0.287569,0.718595,-0.217445,31.13821,181.256,15.6756,0,False,False
78.58488,-0.037378,1.629365,-0.089022,356.4081,177.3489,0.505109,0,0,0,0,0,0,-0.288666,0.722586,-0.220874,29.2619,181.6342,15.64174,0,False,False
78.59595,-0.037482,1.629545,-0.089421,356.3335,177.4023,0.455381,0,0,0,0,0,0,-0.28968,0.726587,-0.223665,27.49225,181.9998,15.52394,0,False,False
78.60701,-0.037615,1.629745,-0.089879,356.2745,177.4705,0.408179,0,0,0,0,0,0,-0.290942,0.731534,-0.227165,25.33351,182.4793,15.10991,0,False,False
78.61813,-0.03771,1.629916,-0.090349,356.1936,177.5308,0.382827,0,0,0,0,0,0,-0.29218,0.736454,-0.230278,23.33281,182.9973,14.44256,0,False,False
78.62924,-0.037751,1.63001,-0.090814,356.1171,177.6068,0.349447,0,0,0,0,0,0,-0.293598,0.741156,-0.23337,21.62459,183.5133,13.67688,0,False,False
78.6403,-0.03777,1.63007,-0.091288,356.0346,177.6745,0.328528,0,0,0,0,0,0,-0.294724,0.745171,-0.23608,20.26588,183.9963,12.971,0,False,False
78.65146,-0.037764,1.6301,-0.091765,355.9724,177.749,0.292652,0,0,0,0,0,0,-0.295947,0.749118,-0.238701,18.95029,184.4424,12.37886,0,False,False
78.66255,-0.037814,1.630164,-0.09226,355.9215,177.8022,0.269557,0,0,0,0,0,0,-0.296795,0.752402,-0.241283,18.07436,184.7735,11.91169,0,False,False
78.67369,-0.037782,1.630168,-0.092709,355.8867,177.8664,0.240569,0,0,0,0,0,0,-0.297548,0.755461,-0.243718,17.25519,185.0182,11.7036,0,False,False
78.6847,-0.037772,1.630125,-0.093145,355.8763,177.9407,0.197277,0,0,0,0,0,0,-0.298134,0.758495,-0.246108,16.39968,185.2282,11.43732,0,False,False
78.69608,-0.037714,1.630096,-0.093565,355.8578,178.0322,0.151273,0,0,0,0,0,0,-0.298602,0.761678,-0.248296,15.53338,185.3484,11.23931,0,False,False
78.707,-0.037647,1.629935,-0.094016,355.8371,178.1186,0.101554,0,0,0,0,0,0,-0.298729,0.764954,-0.250587,14.57188,185.4435,11.0053,0,False,False
78.71803,-0.03758,1.629856,-0.094434,355.8089,178.1974,0.052286,0,0,0,0,0,0,-0.299176,0.768328,-0.252879,13.61938,185.585,10.62562,0,False,False
78.72916,-0.037437,1.629701,-0.094857,355.7705,178.2918,0.005813,0,0,0,0,0,0,-0.299396,0.771951,-0.25506,12.57165,185.6923,10.24207,0,False,False
78.74029,-0.037324,1.629596,-0.095266,355.7366,178.3867,359.9683,0,0,0,0,0,0,-0.29947,0.775531,-0.257535,11.56757,185.7561,10.03688,0,False,False
78.75142,-0.037199,1.629465,-0.095699,355.6967,178.4781,359.9296,0,0,0,0,0,0,-0.299608,0.778915,-0.25953,10.64706,185.9128,9.844417,0,False,False
78.76257,-0.037055,1.629357,-0.096083,355.6581,178.5788,359.8853,0,0,0,0,0,0,-0.299833,0.782045,-0.261659,9.86467,186.088,9.721245,0,False,False
78.77358,-0.036911,1.629232,-0.096444,355.6505,178.687,359.8363,0,0,0,0,0,0,-0.300182,0.785382,-0.263841,9.056047,186.3199,9.448614,0,False,False
78.78479,-0.036759,1.629131,-0.096792,355.657,178.7999,359.7537,0,0,0,0,0,0,-0.300745,0.788443,-0.26607,8.312612,186.6247,9.037498,0,False,False
78.79597,-0.036588,1.629035,-0.097108,355.6736,178.9132,359.6928,0,0,0,0,0,0,-0.300958,0.791215,-0.267956,7.655386,186.9416,8.727443,0,False,False
78.80688,-0.036489,1.628899,-0.097425,355.7082,179.0312,359.6251,0,0,0,0,0,0,-0.301257,0.793604,-0.269772,7.095136,187.243,8.44837,0,False,False
78.81799,-0.036287,1.628881,-0.097691,355.7147,179.1548,359.5808,0,0,0,0,0,0,-0.30161,0.796192,-0.271498,6.520069,187.5475,8.16119,0,False,False
78.82911,-0.03608,1.628974,-0.097952,355.7088,179.2741,359.5524,0,0,0,0,0,0,-0.30175,0.798295,-0.272987,6.058539,187.8026,7.931838,0,False,False
78.84028,-0.035852,1.629087,-0.0983,355.6799,179.3931,359.5491,0,0,0,0,0,0,-0.301832,0.80019,-0.274517,5.63173,188.0252,7.647297,0,False,False
78.85137,-0.035625,1.629303,-0.09863,355.588,179.5138,359.5327,0,0,0,0,0,0,-0.301729,0.801467,-0.275665,5.368,188.1915,7.460039,0,False,False
78.86247,-0.035439,1.629511,-0.099063,355.4566,179.6219,359.5067,0,0,0,0,0,0,-0.301627,0.802356,-0.276948,5.25086,188.3381,7.332218,0,False,False
78.8736,-0.03521,1.629686,-0.099462,355.3173,179.7403,359.4604,0,0,0,0,0,0,-0.301385,0.802822,-0.278035,5.271552,188.4355,7.281089,0,False,False
78.88471,-0.035008,1.629869,-0.099976,355.18,179.8551,359.4024,0,0,0,0,0,0,-0.301185,0.80328,-0.279108,5.24371,188.5605,7.229631,0,False,False
78.89577,-0.034739,1.629941,-0.100378,355.0628,179.9495,359.359,0,0,0,0,0,0,-0.300704,0.802856,-0.2801,5.434519,188.5896,7.282117,0,False,False
78.9069,-0.034522,1.630017,-0.100871,354.9989,180.0166,359.3409,0,0,0,0,0,0,-0.30017,0.802092,-0.280881,5.683953,188.5923,7.403558,0,False,False
78.91796,-0.034311,1.63011,-0.101351,354.9315,180.0808,359.3345,0,0,0,0,0,0,-0.299446,0.800856,-0.281713,6.05616,188.543,7.571968,0,False,False
78.92924,-0.034055,1.630213,-0.10185,354.8895,180.1167,359.3442,0,0,0,0,0,0,-0.29865,0.799395,-0.282441,6.480607,188.4681,7.722091,0,False,False
78.94032,-0.033829,1.630344,-0.102407,354.8409,180.154,359.3536,0,0,0,0,0,0,-0.297679,0.797831,-0.282897,6.901284,188.3847,7.883917,0,False,False
78.95129,-0.033569,1.63049,-0.10294,354.7961,180.1828,359.3351,0,0,0,0,0,0,-0.296618,0.795495,-0.283292,7.520863,188.1933,8.190825,0,False,False
78.96242,-0.033332,1.630663,-0.103502,354.7539,180.2103,359.3116,0,0,0,0,0,0,-0.295449,0.79275,-0.283647,8.260301,187.9529,8.58495,0,False,False
78.97349,-0.033159,1.630826,-0.104083,354.7213,180.2429,359.2545,0,0,0,0,0,0,-0.29422,0.789887,-0.283804,9.010603,187.727,9.016879,0,False,False
78.98482,-0.033027,1.630997,-0.104591,354.713,180.2715,359.2103,0,0,0,0,0,0,-0.292917,0.786313,-0.283548,10.03059,187.4243,9.512828,0,False,False
78.99606,-0.032929,1.631175,-0.10512,354.702,180.296,359.1591,0,0,0,0,0,0,-0.291606,0.782229,-0.283205,11.32596,187.1429,9.923634,0,False,False
79.00722,-0.03274,1.631451,-0.105619,354.7193,180.3143,359.1117,0,0,0,0,0,0,-0.290413,0.777794,-0.282527,12.79666,186.9312,10.15248,0,False,False
79.01814,-0.032571,1.631754,-0.10618,354.7617,180.3419,359.087,0,0,0,0,0,0,-0.28903,0.772979,-0.281611,14.44377,186.7276,10.361,0,False,False
79.02913,-0.03246,1.632011,-0.106709,354.8166,180.3557,359.0644,0,0,0,0,0,0,-0.287732,0.767895,-0.280347,16.21682,186.4809,10.69238,0,False,False
79.0402,-0.03232,1.632306,-0.107134,354.8676,180.3624,359.0782,0,0,0,0,0,0,-0.286263,0.762837,-0.2789,17.92688,186.1705,11.26368,0,False,False
79.05128,-0.032299,1.632617,-0.107614,354.911,180.3741,359.0771,0,0,0,0,0,0,-0.2848,0.757858,-0.277267,19.63769,185.8147,11.92586,0,False,False
79.06241,-0.032227,1.633034,-0.108054,354.9485,180.3734,359.0966,0,0,0,0,0,0,-0.283045,0.752496,-0.275095,21.41146,185.3315,12.78254,0,False,False
79.07359,-0.032203,1.633487,-0.10849,354.956,180.3856,359.1153,0,0,0,0,0,0,-0.281149,0.747349,-0.272566,23.25218,184.7535,13.75634,0,False,False
79.08475,-0.032156,1.633976,-0.10884,354.9698,180.3932,359.1368,0,0,0,0,0,0,-0.279525,0.742362,-0.270129,25.04147,184.2221,14.59333,0,False,False
79.09568,-0.032174,1.634428,-0.109224,354.9825,180.4007,359.1528,0,0,0,0,0,0,-0.277857,0.737182,-0.267165,26.95812,183.6237,15.42187,0,False,False
79.10683,-0.032227,1.634901,-0.109612,355.0006,180.4125,359.1638,0,0,0,0,0,0,-0.276238,0.73249,-0.264001,28.84229,183.0539,16.14142,0,False,False
79.1179,-0.032196,1.635335,-0.10994,355,180.4372,359.1595,0,0,0,0,0,0,-0.27486,0.72851,-0.261063,30.50659,182.6448,16.74477,0,False,False
79.12912,-0.032191,1.635729,-0.110214,355.0181,180.4473,359.1609,0,0,0,0,0,0,-0.273487,0.724528,-0.25792,32.14281,182.2502,17.32457,0,False,False
79.14011,-0.032243,1.636064,-0.110506,355.0234,180.4652,359.1564,0,0,0,0,0,0,-0.272335,0.721259,-0.254863,33.43351,181.9293,17.68645,0,False,False
79.15124,-0.03223,1.636387,-0.110805,355.0144,180.4815,359.1469,0,0,0,0,0,0,-0.271465,0.718727,-0.252052,34.42223,181.6711,17.81263,0,False,False
79.16245,-0.03227,1.636638,-0.111064,354.9999,180.5066,359.1227,0,0,0,0,0,0,-0.270663,0.716609,-0.249572,35.17138,181.5008,17.78451,0,False,False
79.17342,-0.032326,1.636893,-0.111289,354.9894,180.5238,359.1136,0,0,0,0,0,0,-0.270263,0.7151,-0.24741,35.62447,181.4021,17.69503,0,False,False
79.1847,-0.032474,1.637105,-0.11161,354.9647,180.5304,359.1058,0,0,0,0,0,0,-0.269756,0.713697,-0.245185,36.10582,181.3209,17.59635,0,False,False
79.19572,-0.03258,1.637272,-0.111894,354.9329,180.5403,359.1122,0,0,0,0,0,0,-0.269527,0.712987,-0.243583,36.18311,181.37,17.24325,0,False,False
79.20679,-0.032718,1.637454,-0.112243,354.8915,180.553,359.1065,0,0,0,0,0,0,-0.269457,0.712524,-0.242075,36.25017,181.4471,16.85975,0,False,False
79.21788,-0.032926,1.637538,-0.112591,354.833,180.5742,359.1078,0,0,0,0,0,0,-0.269414,0.712135,-0.240598,36.28744,181.5835,16.45815,0,False,False
79.22906,-0.033147,1.637575,-0.112918,354.7874,180.5938,359.1368,0,0,0,0,0,0,-0.269534,0.711711,-0.239242,36.34463,181.7294,16.17596,0,False,False
79.24006,-0.033382,1.637533,-0.113254,354.7525,180.629,359.1472,0,0,0,0,0,0,-0.269554,0.711233,-0.237859,36.44481,181.8396,15.98974,0,False,False
79.25116,-0.033653,1.637425,-0.11364,354.7376,180.6749,359.1648,0,0,0,0,0,0,-0.269777,0.710997,-0.236628,36.49678,181.9784,15.92865,0,False,False
79.26244,-0.033871,1.637162,-0.114077,354.7146,180.7394,359.1599,0,0,0,0,0,0,-0.269962,0.710726,-0.235297,36.54921,182.0908,15.94467,0,False,False
79.27337,-0.034241,1.636826,-0.114511,354.7156,180.7951,359.1417,0,0,0,0,0,0,-0.27015,0.710455,-0.234031,36.60109,182.1844,15.93403,0,False,False
79.28452,-0.034604,1.636437,-0.114881,354.7527,180.8721,359.1295,0,0,0,0,0,0,-0.270397,0.710196,-0.232803,36.6428,182.24,15.87284,0,False,False
79.29577,-0.035002,1.635918,-0.115231,354.7956,180.9454,359.1026,0,0,0,0,0,0,-0.27067,0.709879,-0.231571,36.6698,182.3186,15.78547,0,False,False
79.30673,-0.035448,1.635431,-0.115623,354.8498,181.031,359.0831,0,0,0,0,0,0,-0.270883,0.709746,-0.230404,36.64714,182.3968,15.67537,0,False,False
79.31779,-0.035865,1.634854,-0.115822,354.9078,181.1305,359.037,0,0,0,0,0,0,-0.271369,0.709465,-0.229249,36.60659,182.4877,15.55158,0,False,False
79.32898,-0.036338,1.634306,-0.116105,354.9781,181.2396,358.9844,0,0,0,0,0,0,-0.271939,0.70921,-0.228236,36.57153,182.5683,15.4221,0,False,False
79.34007,-0.036703,1.633748,-0.116296,355.0149,181.3781,358.8878,0,0,0,0,0,0,-0.272711,0.708902,-0.22718,36.53798,182.7034,15.34918,0,False,False
79.3512,-0.03713,1.633217,-0.116435,355.0586,181.511,358.8105,0,0,0,0,0,0,-0.273413,0.708504,-0.225939,36.52399,182.8652,15.30473,0,False,False
79.36219,-0.037528,1.632699,-0.116547,355.0943,181.6477,358.7426,0,0,0,0,0,0,-0.274127,0.707958,-0.224615,36.5101,183.1056,15.33648,0,False,False
79.37342,-0.03797,1.632216,-0.116616,355.131,181.7805,358.6971,0,0,0,0,0,0,-0.27514,0.707475,-0.223321,36.54098,183.3435,15.38983,0,False,False
79.38464,-0.038396,1.631807,-0.116677,355.1664,181.8988,358.6806,0,0,0,0,0,0,-0.276106,0.706928,-0.221766,36.56207,183.5972,15.4323,0,False,False
79.39572,-0.03879,1.631713,-0.116802,355.1975,182.0099,358.6929,0,0,0,0,0,0,-0.277096,0.706305,-0.220182,36.6365,183.8422,15.50736,0,False,False
79.40679,-0.039221,1.631766,-0.116911,355.2578,182.1226,358.7198,0,0,0,0,0,0,-0.278127,0.705784,-0.218422,36.74733,184.1008,15.59914,0,False,False
79.41776,-0.039618,1.632114,-0.117037,355.3087,182.2271,358.7692,0,0,0,0,0,0,-0.279017,0.705399,-0.216614,36.88532,184.3229,15.69838,0,False,False
79.42899,-0.040048,1.632502,-0.117113,355.3871,182.3229,358.8179,0,0,0,0,0,0,-0.279985,0.705074,-0.214562,37.09935,184.5178,15.78081,0,False,False
79.44004,-0.040437,1.633034,-0.1172,355.5102,182.4053,358.8771,0,0,0,0,0,0,-0.28092,0.70475,-0.212527,37.32865,184.6532,15.84128,0,False,False
79.45115,-0.040893,1.633541,-0.117182,355.6534,182.4656,358.9221,0,0,0,0,0,0,-0.281678,0.704561,-0.210157,37.61908,184.7391,15.93522,0,False,False
79.46226,-0.041342,1.634189,-0.117257,355.8102,182.5058,358.9664,0,0,0,0,0,0,-0.282479,0.704623,-0.207733,37.94185,184.7391,16.05082,0,False,False
79.47469,-0.041748,1.634844,-0.117129,355.9576,182.5324,359.0114,0,0,0,0,0,0,-0.283124,0.704706,-0.205443,38.28759,184.677,16.1527,0,False,False
79.48438,-0.042047,1.635574,-0.11697,356.0956,182.5541,359.0203,0,0,0,0,0,0,-0.283858,0.704796,-0.203039,38.64068,184.608,16.22765,0,False,False
79.49559,-0.042365,1.636225,-0.116698,356.2059,182.5794,359.0043,0,0,0,0,0,0,-0.284456,0.7048,-0.200615,39.02681,184.5056,16.32003,0,False,False
79.50668,-0.042686,1.636738,-0.116435,356.295,182.5908,358.9758,0,0,0,0,0,0,-0.285045,0.705046,-0.198451,39.38897,184.3585,16.39428,0,False,False
79.51775,-0.042991,1.637196,-0.116135,356.3443,182.5964,358.9284,0,0,0,0,0,0,-0.285542,0.705078,-0.196243,39.7272,184.208,16.45088,0,False,False
79.52882,-0.043274,1.637596,-0.115799,356.3596,182.6055,358.8721,0,0,0,0,0,0,-0.286141,0.705136,-0.194218,40.04702,184.0627,16.50256,0,False,False
79.53999,-0.043515,1.637824,-0.115407,356.3414,182.6131,358.8064,0,0,0,0,0,0,-0.286608,0.70498,-0.192274,40.26041,183.9003,16.55671,0,False,False
79.55109,-0.04379,1.637893,-0.114992,356.3168,182.6215,358.7377,0,0,0,0,0,0,-0.287261,0.704902,-0.191027,40.35761,183.7578,16.62121,0,False,False
79.56219,-0.044071,1.637758,-0.114614,356.2995,182.6289,358.6608,0,0,0,0,0,0,-0.287959,0.704814,-0.189689,40.49907,183.6526,16.69477,0,False,False
79.57327,-0.044287,1.637462,-0.114176,356.2711,182.6557,358.5951,0,0,0,0,0,0,-0.288775,0.704661,-0.188637,40.54549,183.6153,16.81184,0,False,False
79.5845,-0.044502,1.636983,-0.113731,356.2733,182.6805,358.5387,0,0,0,0,0,0,-0.289543,0.704468,-0.187624,40.61989,183.5754,16.89755,0,False,False
79.59551,-0.044676,1.636186,-0.113256,356.2831,182.6888,358.5046,0,0,0,0,0,0,-0.2905,0.704279,-0.186926,40.61488,183.6104,17.02644,0,False,False
79.60658,-0.044835,1.635363,-0.112777,356.3144,182.6948,358.4758,0,0,0,0,0,0,-0.291397,0.703807,-0.186394,40.59095,183.6777,17.20599,0,False,False
79.61775,-0.044926,1.634221,-0.11227,356.3897,182.7155,358.4726,0,0,0,0,0,0,-0.292191,0.703334,-0.186041,40.58999,183.7426,17.39127,0,False,False
79.62886,-0.045019,1.633065,-0.111672,356.4648,182.7225,358.4803,0,0,0,0,0,0,-0.293008,0.702828,-0.185557,40.5869,183.792,17.54366,0,False,False
79.64003,-0.045162,1.631757,-0.11115,356.5483,182.724,358.5176,0,0,0,0,0,0,-0.293653,0.702198,-0.18552,40.603,183.8096,17.64373,0,False,False
79.65108,-0.04524,1.630501,-0.110547,356.6314,182.7367,358.5446,0,0,0,0,0,0,-0.294146,0.701403,-0.185632,40.57233,183.8174,17.69934,0,False,False
79.66252,-0.045233,1.629333,-0.109885,356.7157,182.7525,358.5909,0,0,0,0,0,0,-0.29468,0.700693,-0.1857,40.54496,183.8172,17.7844,0,False,False
79.67345,-0.04529,1.628574,-0.109284,356.8326,182.7467,358.6478,0,0,0,0,0,0,-0.295044,0.700039,-0.186036,40.44587,183.7986,17.84263,0,False,False
79.6843,-0.04533,1.628245,-0.108752,356.9721,182.7402,358.7105,0,0,0,0,0,0,-0.295157,0.699565,-0.186294,40.31083,183.7913,17.91508,0,False,False
79.69543,-0.045499,1.628668,-0.108291,357.1872,182.7431,358.7618,0,0,0,0,0,0,-0.295514,0.699455,-0.186675,40.16419,183.8103,18.01649,0,False,False
79.70654,-0.045534,1.629118,-0.107726,357.4495,182.7632,358.7891,0,0,0,0,0,0,-0.295729,0.699476,-0.186815,40.03072,183.8597,18.13467,0,False,False
79.71767,-0.045459,1.629345,-0.106969,357.7761,182.798,358.7517,0,0,0,0,0,0,-0.295769,0.700163,-0.186702,39.90459,183.9944,18.29263,0,False,False
79.72874,-0.04543,1.629187,-0.106134,358.0624,182.8414,358.6676,0,0,0,0,0,0,-0.295849,0.701173,-0.186548,39.81902,184.2122,18.48047,0,False,False
79.73985,-0.045244,1.628804,-0.105012,358.3409,182.8941,358.5697,0,0,0,0,0,0,-0.29596,0.702133,-0.186332,39.80567,184.3796,18.61167,0,False,False
79.75108,-0.045053,1.628625,-0.103907,358.6005,182.9059,358.4862,0,0,0,0,0,0,-0.295686,0.703348,-0.186268,39.87783,184.5252,18.67102,0,False,False
79.7623,-0.044814,1.628653,-0.102622,358.8175,182.9032,358.4631,0,0,0,0,0,0,-0.295134,0.704257,-0.186313,39.96734,184.5941,18.62896,0,False,False
79.77324,-0.0446,1.628809,-0.10124,358.8406,182.9227,358.3748,0,0,0,0,0,0,-0.29422,0.705272,-0.186362,40.00053,184.5373,18.51114,0,False,False
79.78432,-0.044359,1.628999,-0.099873,358.8478,182.99,358.3795,0,0,0,0,0,0,-0.293311,0.706075,-0.186689,39.92473,184.4701,18.41047,0,False,False
79.79543,-0.044092,1.62911,-0.0985,358.6778,183.0164,358.3711,0,0,0,0,0,0,-0.292222,0.707167,-0.18729,39.63728,184.1994,18.19625,0,False,False
79.80662,-0.043831,1.629237,-0.097196,358.4941,183.0375,358.4332,0,0,0,0,0,0,-0.290652,0.708426,-0.188242,39.15547,183.7903,17.87521,0,False,False
79.81756,-0.043566,1.629283,-0.095856,358.3398,183.0722,358.4843,0,0,0,0,0,0,-0.289296,0.709602,-0.18921,38.67324,183.4127,17.5716,0,False,False
79.82886,-0.043268,1.629306,-0.094661,358.1853,183.1041,358.5851,0,0,0,0,0,0,-0.287763,0.710951,-0.190281,37.99277,182.9037,17.16172,0,False,False
79.84003,-0.043067,1.629353,-0.093544,358.0646,183.1225,358.6549,0,0,0,0,0,0,-0.286146,0.712422,-0.19135,37.357,182.4425,16.83049,0,False,False
79.85089,-0.04278,1.629475,-0.092483,357.9392,183.1617,358.7331,0,0,0,0,0,0,-0.284683,0.713532,-0.192222,36.81141,182.0561,16.53687,0,False,False
79.86214,-0.042591,1.629604,-0.091516,357.838,183.1855,358.8054,0,0,0,0,0,0,-0.283268,0.714706,-0.192864,36.37245,181.7755,16.30577,0,False,False
79.87317,-0.042323,1.629721,-0.090593,357.7866,183.2103,358.8615,0,0,0,0,0,0,-0.282131,0.715622,-0.193417,36.00419,181.5497,16.11272,0,False,False
79.88436,-0.042134,1.629741,-0.08985,357.7689,183.2207,358.8901,0,0,0,0,0,0,-0.281041,0.716462,-0.193725,35.71566,181.4418,15.95539,0,False,False
79.89544,-0.041865,1.629721,-0.08899,357.7823,183.2425,358.9207,0,0,0,0,0,0,-0.28006,0.717248,-0.193956,35.52689,181.4429,15.86963,0,False,False
79.90656,-0.041636,1.629603,-0.088188,357.8705,183.255,358.8987,0,0,0,0,0,0,-0.279257,0.717662,-0.193615,35.45381,181.5104,15.849,0,False,False
79.91756,-0.041405,1.629551,-0.087342,357.9768,183.2516,358.8835,0,0,0,0,0,0,-0.278498,0.717946,-0.193342,35.43309,181.6225,15.83804,0,False,False
79.92882,-0.041077,1.629511,-0.086469,358.0869,183.2527,358.8602,0,0,0,0,0,0,-0.277876,0.718326,-0.193016,35.42175,181.7014,15.8007,0,False,False
79.93982,-0.040829,1.629473,-0.085673,358.1822,183.2411,358.8418,0,0,0,0,0,0,-0.277299,0.718186,-0.192434,35.55695,181.8407,15.82025,0,False,False
79.95106,-0.040521,1.629387,-0.084851,358.2257,183.2317,358.8266,0,0,0,0,0,0,-0.276611,0.717827,-0.191703,35.67959,181.8905,15.83962,0,False,False
79.96213,-0.040232,1.629352,-0.083996,358.2523,183.2078,358.7923,0,0,0,0,0,0,-0.275876,0.717493,-0.191027,35.79337,181.8466,15.82305,0,False,False
79.97312,-0.039982,1.629315,-0.083282,358.2437,183.1962,358.7746,0,0,0,0,0,0,-0.27508,0.717121,-0.190437,35.85161,181.7763,15.78944,0,False,False
79.9842,-0.039693,1.629311,-0.082499,358.1989,183.1846,358.7464,0,0,0,0,0,0,-0.274219,0.716721,-0.189795,35.90077,181.6049,15.78602,0,False,False
79.99544,-0.039454,1.629349,-0.081776,358.121,183.1647,358.7287,0,0,0,0,0,0,-0.273198,0.716248,-0.188997,35.89753,181.3926,15.79889,0,False,False
80.00651,-0.039177,1.629425,-0.081007,358.0273,183.1426,358.7063,0,0,0,0,0,0,-0.272383,0.715889,-0.188318,35.89721,181.1882,15.78725,0,False,False
80.01749,-0.038882,1.629474,-0.080307,357.9412,183.1341,358.6808,0,0,0,0,0,0,-0.271386,0.715475,-0.187387,35.92468,181.0327,15.77949,0,False,False
80.02868,-0.038575,1.629492,-0.079647,357.8608,183.1012,358.658,0,0,0,0,0,0,-0.270665,0.714852,-0.186467,36.01031,180.8802,15.77861,0,False,False
80.03972,-0.038305,1.629513,-0.079115,357.8149,183.0901,358.6341,0,0,0,0,0,0,-0.270029,0.714311,-0.185604,36.11106,180.7747,15.79076,0,False,False
80.05102,-0.03802,1.629524,-0.078605,357.7956,183.0489,358.6113,0,0,0,0,0,0,-0.269546,0.713599,-0.184584,36.25423,180.6924,15.78888,0,False,False
80.06203,-0.037712,1.629556,-0.078094,357.7777,183.0183,358.581,0,0,0,0,0,0,-0.269091,0.71288,-0.183535,36.45184,180.6476,15.80834,0,False,False
80.07301,-0.037399,1.629572,-0.07761,357.7568,182.9955,358.5376,0,0,0,0,0,0,-0.268585,0.712367,-0.182566,36.61319,180.612,15.84157,0,False,False
80.08435,-0.037042,1.629577,-0.077157,357.7506,182.9762,358.4988,0,0,0,0,0,0,-0.268127,0.711741,-0.181504,36.81067,180.6183,15.9011,0,False,False
80.09534,-0.036733,1.629595,-0.076776,357.7602,182.969,358.4633,0,0,0,0,0,0,-0.267794,0.711214,-0.180428,36.98223,180.6722,15.9933,0,False,False
80.1064,-0.036409,1.629674,-0.076441,357.7552,182.961,358.4436,0,0,0,0,0,0,-0.26768,0.710663,-0.179482,37.10185,180.7139,16.08041,0,False,False
80.11749,-0.036105,1.629712,-0.076046,357.7372,182.9462,358.4377,0,0,0,0,0,0,-0.267608,0.710396,-0.178745,37.20274,180.771,16.15871,0,False,False
80.1287,-0.035823,1.629776,-0.075717,357.7432,182.9238,358.4361,0,0,0,0,0,0,-0.267369,0.709902,-0.177995,37.30744,180.7946,16.22456,0,False,False
80.13973,-0.035513,1.629771,-0.075396,357.7224,182.9076,358.4431,0,0,0,0,0,0,-0.267356,0.709608,-0.177375,37.40318,180.8101,16.26484,0,False,False
80.15088,-0.035158,1.629784,-0.075088,357.7239,182.8962,358.4619,0,0,0,0,0,0,-0.267155,0.709281,-0.176595,37.49429,180.8022,16.31747,0,False,False
80.162,-0.034821,1.629789,-0.07478,357.7074,182.8726,358.4665,0,0,0,0,0,0,-0.266974,0.708972,-0.175861,37.5741,180.7588,16.34127,0,False,False
80.17302,-0.034461,1.629768,-0.074425,357.7151,182.8655,358.4641,0,0,0,0,0,0,-0.266792,0.708662,-0.175291,37.65173,180.7039,16.36662,0,False,False
80.18416,-0.03418,1.62966,-0.074184,357.7138,182.8455,358.455,0,0,0,0,0,0,-0.266576,0.708373,-0.174887,37.70799,180.6312,16.38228,0,False,False
80.19528,-0.033821,1.629552,-0.073925,357.7168,182.8284,358.4534,0,0,0,0,0,0,-0.266364,0.708087,-0.174362,37.78095,180.5818,16.41307,0,False,False
80.20641,-0.033501,1.629491,-0.073662,357.7327,182.8135,358.4472,0,0,0,0,0,0,-0.266035,0.707993,-0.173963,37.84361,180.5142,16.42924,0,False,False
80.21742,-0.033192,1.629413,-0.073411,357.7399,182.7989,358.4613,0,0,0,0,0,0,-0.265883,0.707822,-0.173642,37.90733,180.4547,16.44553,0,False,False
80.2286,-0.03287,1.629335,-0.073165,357.7587,182.7776,358.4595,0,0,0,0,0,0,-0.265665,0.70764,-0.17333,37.97029,180.4016,16.47187,0,False,False
80.23967,-0.032565,1.629328,-0.072938,357.7789,182.7683,358.4777,0,0,0,0,0,0,-0.265653,0.707517,-0.173145,38.02639,180.3587,16.49415,0,False,False
80.25091,-0.032277,1.62932,-0.072753,357.7921,182.7514,358.472,0,0,0,0,0,0,-0.265502,0.707395,-0.173036,38.06263,180.3287,16.52168,0,False,False
80.26196,-0.032027,1.629302,-0.072565,357.7995,182.7446,358.4668,0,0,0,0,0,0,-0.265527,0.707339,-0.172995,38.08682,180.3121,16.56296,0,False,False
80.27305,-0.031765,1.629293,-0.072385,357.8066,182.7493,358.4543,0,0,0,0,0,0,-0.26546,0.707392,-0.173089,38.07219,180.3031,16.61607,0,False,False
80.28419,-0.031504,1.629249,-0.072175,357.8139,182.7483,358.4398,0,0,0,0,0,0,-0.265469,0.707526,-0.173395,38.02262,180.3339,16.66047,0,False,False
80.29542,-0.031312,1.629239,-0.072014,357.8296,182.7482,358.4401,0,0,0,0,0,0,-0.265451,0.707658,-0.173617,37.96897,180.3638,16.69033,0,False,False
80.30634,-0.031087,1.629181,-0.071777,357.8509,182.7566,358.4461,0,0,0,0,0,0,-0.265506,0.707854,-0.173983,37.87861,180.4389,16.71382,0,False,False
80.31744,-0.030796,1.629162,-0.071653,357.8619,182.7736,358.4491,0,0,0,0,0,0,-0.265532,0.708017,-0.174447,37.81579,180.5183,16.73685,0,False,False
80.3286,-0.030605,1.629081,-0.071466,357.8738,182.77,358.4762,0,0,0,0,0,0,-0.265471,0.708214,-0.174863,37.73418,180.5928,16.74643,0,False,False
80.33961,-0.030404,1.629032,-0.071241,357.8641,182.7804,358.4858,0,0,0,0,0,0,-0.265339,0.708468,-0.175254,37.67318,180.6461,16.75821,0,False,False
80.35079,-0.030232,1.628999,-0.071073,357.8521,182.8038,358.4962,0,0,0,0,0,0,-0.265247,0.708702,-0.175811,37.58932,180.6856,16.75212,0,False,False
80.36196,-0.030055,1.629017,-0.070882,357.8401,182.809,358.4944,0,0,0,0,0,0,-0.265145,0.70894,-0.176363,37.50795,180.7079,16.74807,0,False,False
80.37294,-0.029887,1.628989,-0.070645,357.8134,182.8241,358.4842,0,0,0,0,0,0,-0.265027,0.709193,-0.177019,37.40701,180.6622,16.70588,0,False,False
80.38408,-0.029716,1.62897,-0.070447,357.7978,182.8463,358.4817,0,0,0,0,0,0,-0.264767,0.709439,-0.177463,37.3127,180.6554,16.71275,0,False,False
80.39536,-0.029568,1.628975,-0.070276,357.7906,182.8594,358.4674,0,0,0,0,0,0,-0.264714,0.709722,-0.178184,37.22729,180.6242,16.69551,0,False,False
80.40639,-0.029408,1.62896,-0.070038,357.7766,182.884,358.4635,0,0,0,0,0,0,-0.26447,0.709986,-0.17881,37.13405,180.5987,16.68076,0,False,False
80.4174,-0.029277,1.628962,-0.069802,357.7639,182.8974,358.4685,0,0,0,0,0,0,-0.264184,0.710274,-0.179514,37.05604,180.6013,16.66447,0,False,False
80.42851,-0.029246,1.629025,-0.069663,357.7458,182.9103,358.482,0,0,0,0,0,0,-0.264126,0.710511,-0.180363,36.98784,180.642,16.63769,0,False,False
80.43977,-0.029138,1.629032,-0.069443,357.7163,182.9194,358.4749,0,0,0,0,0,0,-0.263957,0.710757,-0.181068,36.91115,180.6638,16.6055,0,False,False
80.45071,-0.029035,1.629086,-0.069347,357.6904,182.9372,358.4607,0,0,0,0,0,0,-0.263804,0.711017,-0.181715,36.82887,180.69,16.55766,0,False,False
80.46197,-0.028925,1.629122,-0.06912,357.655,182.9549,358.4281,0,0,0,0,0,0,-0.263579,0.711344,-0.182343,36.73621,180.7252,16.52789,0,False,False
80.47294,-0.028794,1.629211,-0.068946,357.6234,182.9802,358.3984,0,0,0,0,0,0,-0.263291,0.711641,-0.182925,36.64705,180.7327,16.49463,0,False,False
80.48431,-0.028718,1.629262,-0.068747,357.5876,183.0072,358.3809,0,0,0,0,0,0,-0.263024,0.711921,-0.183571,36.52854,180.7426,16.48063,0,False,False
80.49532,-0.028639,1.629351,-0.06861,357.5706,183.0137,358.3723,0,0,0,0,0,0,-0.262653,0.712091,-0.184109,36.42149,180.748,16.46853,0,False,False
80.50631,-0.02855,1.629468,-0.068454,357.5269,183.0254,358.3765,0,0,0,0,0,0,-0.262359,0.712284,-0.184697,36.32312,180.7507,16.42237,0,False,False
80.51738,-0.028411,1.629564,-0.0683,357.4894,183.0272,358.3801,0,0,0,0,0,0,-0.262057,0.712229,-0.185159,36.23054,180.7545,16.38131,0,False,False
80.52851,-0.028277,1.629702,-0.068136,357.4355,183.0209,358.3607,0,0,0,0,0,0,-0.261757,0.712297,-0.185609,36.14381,180.7422,16.3258,0,False,False
80.53971,-0.028152,1.629827,-0.067983,357.3867,182.9892,358.3421,0,0,0,0,0,0,-0.26148,0.712208,-0.186116,36.05747,180.7327,16.28646,0,False,False
80.55076,-0.028064,1.629938,-0.067907,357.3306,182.9606,358.3329,0,0,0,0,0,0,-0.261138,0.712182,-0.186608,35.96637,180.7035,16.22093,0,False,False
80.56174,-0.027953,1.630006,-0.067773,357.2823,182.9186,358.3262,0,0,0,0,0,0,-0.260924,0.712199,-0.186982,35.89393,180.7043,16.19332,0,False,False
80.573,-0.02782,1.630031,-0.067691,357.2537,182.8557,358.3137,0,0,0,0,0,0,-0.260637,0.712222,-0.187446,35.82001,180.6951,16.16474,0,False,False
80.58396,-0.027678,1.630028,-0.067574,357.2051,182.7937,358.3014,0,0,0,0,0,0,-0.260329,0.712242,-0.187727,35.7655,180.7106,16.14693,0,False,False
80.59511,-0.027444,1.63004,-0.067435,357.1683,182.7121,358.2774,0,0,0,0,0,0,-0.260068,0.712138,-0.187996,35.71129,180.7236,16.12316,0,False,False
80.60619,-0.027296,1.630028,-0.067368,357.1298,182.6246,358.2571,0,0,0,0,0,0,-0.259816,0.71198,-0.188127,35.68452,180.7367,16.11186,0,False,False
80.61737,-0.027064,1.630066,-0.067232,357.1135,182.5409,358.2369,0,0,0,0,0,0,-0.259541,0.711866,-0.188204,35.65063,180.7588,16.10357,0,False,False
80.62836,-0.026883,1.63008,-0.067087,357.1122,182.4225,358.2496,0,0,0,0,0,0,-0.259163,0.71172,-0.18829,35.6431,180.7525,16.08366,0,False,False
80.63959,-0.026668,1.630076,-0.066912,357.1059,182.3122,358.281,0,0,0,0,0,0,-0.258858,0.711561,-0.18823,35.64867,180.7194,16.05708,0,False,False
80.65069,-0.026469,1.630025,-0.066773,357.1078,182.194,358.3232,0,0,0,0,0,0,-0.258661,0.711403,-0.18821,35.66445,180.6779,16.01525,0,False,False
80.66168,-0.026289,1.629972,-0.066628,357.1028,182.0694,358.3569,0,0,0,0,0,0,-0.258419,0.711247,-0.188222,35.6941,180.6292,15.97547,0,False,False
80.67278,-0.026084,1.629983,-0.066385,357.0855,181.9538,358.379,0,0,0,0,0,0,-0.258173,0.711025,-0.188105,35.71955,180.6095,15.97392,0,False,False
80.68408,-0.025839,1.630069,-0.066124,357.0742,181.8498,358.3652,0,0,0,0,0,0,-0.257944,0.710778,-0.187852,35.75131,180.5783,15.96917,0,False,False
80.69512,-0.025634,1.630093,-0.065854,357.0556,181.7352,358.3527,0,0,0,0,0,0,-0.257742,0.710583,-0.187612,35.79932,180.5555,15.96202,0,False,False
80.70617,-0.025417,1.630116,-0.065566,357.0164,181.634,358.3393,0,0,0,0,0,0,-0.257565,0.710342,-0.187217,35.82865,180.5165,15.93954,0,False,False
80.71742,-0.025223,1.630172,-0.065313,356.9692,181.5314,358.3276,0,0,0,0,0,0,-0.257378,0.710169,-0.186962,35.86105,180.4762,15.91324,0,False,False
80.72844,-0.02504,1.630162,-0.065076,356.9068,181.4496,358.3228,0,0,0,0,0,0,-0.257289,0.709903,-0.18673,35.89068,180.4446,15.88678,0,False,False
80.73946,-0.024868,1.63022,-0.064824,356.8365,181.3596,358.3197,0,0,0,0,0,0,-0.257051,0.709684,-0.186464,35.90897,180.3919,15.84291,0,False,False
80.75071,-0.02472,1.630312,-0.064546,356.7647,181.2798,358.3427,0,0,0,0,0,0,-0.256959,0.709515,-0.186176,35.93402,180.3591,15.82747,0,False,False
80.76177,-0.024626,1.630446,-0.06423,356.7062,181.213,358.3618,0,0,0,0,0,0,-0.256845,0.709395,-0.185807,35.96055,180.3267,15.81422,0,False,False
80.77291,-0.024559,1.630522,-0.064003,356.6447,181.1405,358.376,0,0,0,0,0,0,-0.256803,0.709238,-0.185505,35.98636,180.3052,15.80589,0,False,False
80.78394,-0.024487,1.630596,-0.063733,356.5793,181.09,358.3878,0,0,0,0,0,0,-0.256779,0.709204,-0.185258,35.99797,180.3028,15.82177,0,False,False
80.79515,-0.024462,1.63064,-0.063596,356.5236,181.0455,358.4042,0,0,0,0,0,0,-0.256859,0.709078,-0.185064,36.02534,180.2961,15.82725,0,False,False
80.80626,-0.02438,1.63066,-0.063354,356.4818,181.0086,358.3989,0,0,0,0,0,0,-0.257008,0.709062,-0.184836,36.03704,180.3044,15.84215,0,False,False
80.81724,-0.024273,1.630753,-0.06319,356.4588,180.9758,358.394,0,0,0,0,0,0,-0.257142,0.708987,-0.184566,36.05899,180.3175,15.84863,0,False,False
80.82848,-0.024188,1.630792,-0.062938,356.4426,180.9602,358.3873,0,0,0,0,0,0,-0.257362,0.708822,-0.184279,36.07716,180.3683,15.8608,0,False,False
80.83948,-0.024096,1.630812,-0.062714,356.4342,180.9301,358.3967,0,0,0,0,0,0,-0.257476,0.708741,-0.184052,36.09829,180.4008,15.87453,0,False,False
80.85066,-0.024065,1.630808,-0.062485,356.4146,180.9108,358.4138,0,0,0,0,0,0,-0.2577,0.708675,-0.183731,36.11439,180.4568,15.90678,0,False,False
80.86171,-0.024018,1.630851,-0.062255,356.4005,180.892,358.4447,0,0,0,0,0,0,-0.257918,0.708622,-0.18338,36.12871,180.5064,15.92743,0,False,False
80.8728,-0.024017,1.630849,-0.061991,356.3817,180.8644,358.4724,0,0,0,0,0,0,-0.258097,0.708613,-0.183243,36.1456,180.5398,15.94226,0,False,False
80.88388,-0.023996,1.630892,-0.061726,356.3694,180.8605,358.5055,0,0,0,0,0,0,-0.258406,0.70861,-0.182886,36.15786,180.5732,15.97551,0,False,False
80.895,-0.024036,1.630907,-0.061484,356.3577,180.8499,358.5219,0,0,0,0,0,0,-0.25863,0.708494,-0.182597,36.17578,180.6059,16.01232,0,False,False
80.90616,-0.023995,1.630962,-0.061175,356.3221,180.8425,358.5517,0,0,0,0,0,0,-0.258895,0.708456,-0.182318,36.18426,180.618,16.02485,0,False,False
80.91714,-0.024011,1.631032,-0.060917,356.2922,180.8401,358.5726,0,0,0,0,0,0,-0.259192,0.708418,-0.182072,36.20269,180.625,16.02487,0,False,False
80.92838,-0.024035,1.631098,-0.060707,356.2587,180.8429,358.5779,0,0,0,0,0,0,-0.259471,0.708391,-0.181787,36.21685,180.6392,16.03196,0,False,False
80.93938,-0.024046,1.631172,-0.060466,356.207,180.8393,358.5854,0,0,0,0,0,0,-0.259816,0.708314,-0.181568,36.21803,180.6711,16.05013,0,False,False
80.95052,-0.024078,1.63123,-0.060245,356.1624,180.8398,358.5957,0,0,0,0,0,0,-0.260025,0.708297,-0.181146,36.22081,180.7189,16.08797,0,False,False
80.96165,-0.024116,1.631302,-0.060037,356.1268,180.8298,358.6223,0,0,0,0,0,0,-0.260428,0.708212,-0.180939,36.23064,180.7849,16.11728,0,False,False
80.9728,-0.024118,1.631342,-0.059783,356.098,180.8305,358.6496,0,0,0,0,0,0,-0.260704,0.70822,-0.180676,36.2361,180.8552,16.13238,0,False,False
80.98388,-0.024164,1.631402,-0.05966,356.0793,180.8244,358.6728,0,0,0,0,0,0,-0.26112,0.708164,-0.180646,36.2449,180.9372,16.15183,0,False,False
80.99503,-0.024197,1.631455,-0.059503,356.0631,180.8179,358.7019,0,0,0,0,0,0,-0.261415,0.708258,-0.18055,36.24472,181.0024,16.17044,0,False,False
81.00607,-0.024236,1.631565,-0.059351,356.0262,180.8097,358.7252,0,0,0,0,0,0,-0.261715,0.708206,-0.180294,36.2345,181.0486,16.17727,0,False,False
81.01717,-0.024261,1.631656,-0.059223,355.9892,180.8006,358.7202,0,0,0,0,0,0,-0.261995,0.708237,-0.180039,36.21842,181.0856,16.18712,0,False,False
81.02824,-0.024257,1.631734,-0.059094,355.963,180.8015,358.7049,0,0,0,0,0,0,-0.262387,0.708334,-0.179815,36.20848,181.1411,16.21671,0,False,False
81.03944,-0.024301,1.631793,-0.058998,355.9238,180.7923,358.6721,0,0,0,0,0,0,-0.262712,0.708286,-0.179597,36.19693,181.1913,16.24416,0,False,False
81.05051,-0.024257,1.631879,-0.0589,355.9086,180.7924,358.648,0,0,0,0,0,0,-0.262929,0.70832,-0.17931,36.19146,181.2283,16.25345,0,False,False
81.06165,-0.024367,1.631963,-0.058952,355.899,180.752,358.6417,0,0,0,0,0,0,-0.263239,0.70832,-0.179105,36.20171,181.2601,16.26174,0,False,False
81.07266,-0.024357,1.632005,-0.058916,355.8889,180.7199,358.6426,0,0,0,0,0,0,-0.263464,0.708309,-0.178711,36.21459,181.2931,16.257,0,False,False
81.08376,-0.024312,1.632011,-0.05894,355.8868,180.6669,358.6591,0,0,0,0,0,0,-0.263637,0.708274,-0.178391,36.22826,181.3209,16.25689,0,False,False
81.09498,-0.024232,1.632006,-0.058879,355.8925,180.6035,358.6719,0,0,0,0,0,0,-0.263567,0.708236,-0.17798,36.23727,181.3187,16.25655,0,False,False
81.10592,-0.024166,1.632021,-0.058848,355.8924,180.5543,358.6869,0,0,0,0,0,0,-0.263506,0.708265,-0.177577,36.24654,181.3199,16.2553,0,False,False
81.11719,-0.024157,1.631996,-0.058818,355.912,180.5112,358.6895,0,0,0,0,0,0,-0.263513,0.708172,-0.177172,36.24814,181.2999,16.25355,0,False,False
81.12821,-0.024126,1.632002,-0.058769,355.9243,180.4651,358.6908,0,0,0,0,0,0,-0.263346,0.708127,-0.176728,36.26374,181.2952,16.24626,0,False,False
81.13936,-0.024104,1.631965,-0.058728,355.9288,180.4328,358.6655,0,0,0,0,0,0,-0.263269,0.707967,-0.176161,36.28316,181.2828,16.24076,0,False,False
81.15049,-0.024074,1.631972,-0.058717,355.944,180.391,358.6649,0,0,0,0,0,0,-0.26329,0.707801,-0.175706,36.32114,181.2677,16.22512,0,False,False
81.16154,-0.023993,1.631988,-0.058797,355.9584,180.3538,358.673,0,0,0,0,0,0,-0.263166,0.707595,-0.175252,36.3464,181.2606,16.22028,0,False,False
81.17264,-0.023945,1.631992,-0.058807,355.9486,180.3129,358.6869,0,0,0,0,0,0,-0.263052,0.707502,-0.174786,36.39376,181.2431,16.21017,0,False,False
81.18372,-0.023866,1.632021,-0.058773,355.9687,180.2897,358.7125,0,0,0,0,0,0,-0.262883,0.707303,-0.174315,36.42558,181.2434,16.20554,0,False,False
81.19493,-0.023814,1.632034,-0.05877,355.9956,180.2515,358.7234,0,0,0,0,0,0,-0.262728,0.707206,-0.173838,36.47337,181.2116,16.15515,0,False,False
81.2059,-0.023758,1.632033,-0.05873,356.0152,180.2336,358.7249,0,0,0,0,0,0,-0.262645,0.706956,-0.173231,36.50587,181.2039,16.15108,0,False,False
81.21719,-0.023699,1.632046,-0.058789,356.0304,180.2031,358.7157,0,0,0,0,0,0,-0.262505,0.706817,-0.172772,36.54668,181.1874,16.15039,0,False,False
81.22826,-0.023654,1.632058,-0.058774,356.0606,180.1906,358.7223,0,0,0,0,0,0,-0.26238,0.706703,-0.17231,36.58167,181.166,16.14457,0,False,False
81.23932,-0.023655,1.632062,-0.058693,356.0874,180.1779,358.7187,0,0,0,0,0,0,-0.262245,0.706583,-0.171866,36.61832,181.1167,16.10279,0,False,False
81.25037,-0.023656,1.632078,-0.058663,356.1028,180.1714,358.7192,0,0,0,0,0,0,-0.262055,0.706483,-0.171432,36.65692,181.0652,16.0574,0,False,False
81.26149,-0.023655,1.632077,-0.058622,356.1079,180.1517,358.7247,0,0,0,0,0,0,-0.261755,0.706313,-0.170886,36.68638,181.0405,16.04118,0,False,False
81.27258,-0.023638,1.632072,-0.058654,356.1113,180.1714,358.7307,0,0,0,0,0,0,-0.261555,0.706166,-0.170372,36.72117,181.0203,16.02311,0,False,False
81.28369,-0.023671,1.632079,-0.058651,356.124,180.1674,358.7159,0,0,0,0,0,0,-0.261396,0.706005,-0.169809,36.75803,180.9997,15.99973,0,False,False
81.295,-0.02358,1.63212,-0.058695,356.121,180.185,358.7039,0,0,0,0,0,0,-0.261124,0.70573,-0.16934,36.78421,180.985,15.99493,0,False,False
81.30595,-0.023589,1.632137,-0.058688,356.1415,180.1979,358.6808,0,0,0,0,0,0,-0.260895,0.705567,-0.168837,36.81246,180.9626,15.9949,0,False,False
81.31718,-0.023542,1.632141,-0.058658,356.1522,180.2006,358.6815,0,0,0,0,0,0,-0.260762,0.705521,-0.168351,36.82287,180.9609,16.00515,0,False,False
81.32834,-0.023548,1.63211,-0.058691,356.1738,180.1988,358.6835,0,0,0,0,0,0,-0.260653,0.705316,-0.167889,36.84843,180.975,16.01328,0,False,False
81.33926,-0.023538,1.632085,-0.05872,356.2053,180.1966,358.6998,0,0,0,0,0,0,-0.26051,0.705185,-0.167465,36.87617,180.966,16.00391,0,False,False
81.35029,-0.023559,1.632053,-0.058689,356.2238,180.1933,358.7161,0,0,0,0,0,0,-0.260361,0.705091,-0.167174,36.88891,180.9676,15.99243,0,False,False
81.36147,-0.023558,1.632062,-0.058668,356.2546,180.1954,358.71,0,0,0,0,0,0,-0.260211,0.705055,-0.166811,36.87754,180.9303,15.98758,0,False,False
81.37252,-0.023593,1.632098,-0.058669,356.2537,180.1983,358.7055,0,0,0,0,0,0,-0.260058,0.705051,-0.166619,36.81446,180.8559,15.93768,0,False,False
81.38365,-0.023519,1.632169,-0.058688,356.2611,180.2144,358.6721,0,0,0,0,0,0,-0.259962,0.705055,-0.166443,36.75997,180.7333,15.91026,0.082353,False,False
81.39471,-0.023534,1.632248,-0.058655,356.2685,180.2237,358.6597,0,0,0,0,0,0,-0.259679,0.705275,-0.166217,36.58799,180.5466,15.99125,0.137255,False,False
81.40585,-0.023547,1.632209,-0.058653,356.2625,180.2377,358.6474,0,0,0,0,0,0,-0.259337,0.705611,-0.166114,36.38445,180.4209,16.20171,0.317647,False,True
81.41768,-0.023559,1.632268,-0.058669,356.2646,180.2468,358.6429,0,0,0,0,0,0,-0.2592,0.705838,-0.166033,36.17664,180.336,16.43064,0.611765,False,True
81.4281,-0.023552,1.632263,-0.0587,356.266,180.2419,358.6472,0,0,0,0,0,0,-0.25914,0.705949,-0.166093,35.93487,180.3897,16.71509,1,False,True
81.43912,-0.023563,1.632259,-0.05874,356.2692,180.2426,358.6524,0,0,0,0,0,0,-0.259347,0.70643,-0.166068,35.7445,180.5641,17.01427,1,False,True
81.45042,-0.023526,1.632251,-0.05881,356.28,180.2343,358.6508,0,0,0,0,0,0,-0.25874,0.709112,-0.167543,34.20117,180.1679,16.48155,1,False,True
81.46136,-0.023512,1.632205,-0.058911,356.3013,180.225,358.6521,0,0,0,0,0,0,-0.259363,0.707834,-0.166583,35.28649,180.7245,16.73216,1,False,True
81.4726,-0.023457,1.632312,-0.059108,356.3101,180.2095,358.6474,0,0,0,0,0,0,-0.259169,0.708486,-0.166777,35.04484,180.6678,16.4258,1,False,True
81.48356,-0.023426,1.632285,-0.059156,356.3284,180.1974,358.6411,0,0,0,0,0,0,-0.259269,0.708061,-0.166199,34.88039,180.4698,16.09615,1,False,True
81.49482,-0.023399,1.632243,-0.059147,356.3612,180.1794,358.6446,0,0,0,0,0,0,-0.258593,0.708395,-0.166197,34.85081,180.1823,15.83835,1,False,True
81.50586,-0.023365,1.63221,-0.059176,356.3887,180.1716,358.6395,0,0,0,0,0,0,-0.258156,0.70819,-0.165995,34.85057,179.8658,15.67574,1,False,True
81.51698,-0.023389,1.632143,-0.059186,356.4195,180.1626,358.6504,0,0,0,0,0,0,-0.257629,0.708195,-0.165976,34.90528,179.5932,15.60005,1,False,True
81.52814,-0.023412,1.632082,-0.059142,356.4549,180.1542,358.6535,0,0,0,0,0,0,-0.257332,0.707819,-0.165863,34.97083,179.3957,15.58724,1,False,True
81.53908,-0.023376,1.632029,-0.059162,356.4877,180.1538,358.6599,0,0,0,0,0,0,-0.256908,0.708046,-0.166091,35.04597,179.3178,15.58315,1,False,True
81.55038,-0.023418,1.631945,-0.059231,356.5247,180.1538,358.6572,0,0,0,0,0,0,-0.256898,0.707818,-0.166206,35.13285,179.3125,15.56056,1,False,True
81.5613,-0.023441,1.631888,-0.059253,356.5709,180.1648,358.658,0,0,0,0,0,0,-0.257238,0.707551,-0.166507,35.27322,179.5441,15.54299,1,False,True
81.57256,-0.023518,1.631808,-0.059338,356.6195,180.1725,358.6455,0,0,0,0,0,0,-0.257731,0.707348,-0.166696,35.47157,179.9179,15.5297,1,False,True
81.5836,-0.023535,1.631744,-0.059348,356.6631,180.1973,358.6402,0,0,0,0,0,0,-0.258124,0.707332,-0.166836,35.62868,180.2834,15.54196,1,False,True
81.59462,-0.023544,1.631701,-0.059338,356.7002,180.2217,358.6389,0,0,0,0,0,0,-0.258903,0.707036,-0.16672,35.8009,180.801,15.58317,0.615686,False,True
81.60578,-0.023536,1.631652,-0.059316,356.7282,180.2426,358.6162,0,0,0,0,0,0,-0.259401,0.706678,-0.166796,36.01591,181.1958,15.54653,0.243137,False,True
81.61686,-0.023576,1.631571,-0.059317,356.7558,180.2514,358.6026,0,0,0,0,0,0,-0.259795,0.70632,-0.166667,36.25961,181.4487,15.52053,0.023529,False,False
81.62805,-0.023585,1.631542,-0.059342,356.7894,180.2663,358.5768,0,0,0,0,0,0,-0.259844,0.705556,-0.166594,36.55002,181.5976,15.54087,0,False,False
81.63909,-0.023624,1.63149,-0.059331,356.8253,180.2742,358.5663,0,0,0,0,0,0,-0.259605,0.705097,-0.166785,36.79211,181.5275,15.49649,0,False,False
81.65019,-0.023682,1.631465,-0.059352,356.87,180.2759,358.5601,0,0,0,0,0,0,-0.259557,0.704605,-0.166533,37.00276,181.5389,15.58189,0,False,False
81.66131,-0.023706,1.631388,-0.059326,356.9073,180.2909,358.5449,0,0,0,0,0,0,-0.259279,0.704421,-0.166521,37.02744,181.4683,15.70276,0,False,False
81.67248,-0.023731,1.631406,-0.059286,356.9568,180.305,358.5248,0,0,0,0,0,0,-0.258876,0.7044,-0.166579,37.04845,181.3197,15.71379,0,False,False
81.68366,-0.023825,1.631363,-0.05928,356.9939,180.3146,358.5067,0,0,0,0,0,0,-0.25851,0.704358,-0.166554,37.05499,181.1324,15.65004,0,False,False
81.69466,-0.023845,1.631302,-0.059287,357.0187,180.3293,358.4995,0,0,0,0,0,0,-0.258325,0.704329,-0.166728,37.0991,181.0161,15.61187,0,False,False
81.70602,-0.023916,1.631292,-0.059274,357.0508,180.3436,358.4819,0,0,0,0,0,0,-0.258066,0.704323,-0.16675,37.11423,180.8942,15.56287,0,False,False
81.71701,-0.02397,1.631306,-0.059284,357.073,180.3587,358.471,0,0,0,0,0,0,-0.257893,0.70411,-0.166834,37.14301,180.8472,15.54968,0,False,False
81.72797,-0.024014,1.631272,-0.059259,357.1063,180.3752,358.4534,0,0,0,0,0,0,-0.257764,0.704131,-0.166934,37.16273,180.7967,15.52961,0,False,False
81.73912,-0.024063,1.631115,-0.059303,357.1263,180.3838,358.4423,0,0,0,0,0,0,-0.257748,0.70403,-0.166997,37.14386,180.8138,15.54696,0,False,False
81.75023,-0.024163,1.631105,-0.059214,357.1604,180.3881,358.4332,0,0,0,0,0,0,-0.257669,0.704031,-0.167016,37.13625,180.8104,15.56083,0,False,False
81.76123,-0.024235,1.631085,-0.059241,357.1859,180.3914,358.4357,0,0,0,0,0,0,-0.257606,0.704028,-0.167046,37.13202,180.8065,15.55065,0,False,False
81.77245,-0.024243,1.631037,-0.059189,357.2131,180.4085,358.436,0,0,0,0,0,0,-0.257454,0.703953,-0.167087,37.13487,180.8346,15.53384,0,False,False
81.78351,-0.024289,1.630964,-0.05917,357.2601,180.4083,358.4389,0,0,0,0,0,0,-0.257421,0.703918,-0.167125,37.13183,180.8241,15.52891,0,False,False
81.79459,-0.024355,1.630902,-0.059151,357.2925,180.4172,358.4385,0,0,0,0,0,0,-0.257351,0.703789,-0.167158,37.12357,180.8432,15.54944,0,False,False
81.80577,-0.024405,1.630839,-0.05907,357.3307,180.4148,358.433,0,0,0,0,0,0,-0.257351,0.703751,-0.167105,37.13718,180.8612,15.57895,0,False,False
81.81682,-0.024465,1.630769,-0.05906,357.3698,180.4252,358.4107,0,0,0,0,0,0,-0.257319,0.703644,-0.167155,37.16607,180.8876,15.57633,0,False,False
81.8279,-0.024498,1.630616,-0.059009,357.4226,180.4394,358.3883,0,0,0,0,0,0,-0.257383,0.703488,-0.167039,37.229,180.9237,15.55223,0,False,False
81.839,-0.024608,1.630528,-0.059063,357.4741,180.4582,358.3769,0,0,0,0,0,0,-0.257404,0.703351,-0.16692,37.28506,180.9432,15.54798,0,False,False
81.85021,-0.024662,1.630443,-0.059023,357.534,180.4693,358.3683,0,0,0,0,0,0,-0.257419,0.703129,-0.166907,37.35487,180.9444,15.55925,0,False,False
81.86127,-0.024749,1.630318,-0.059026,357.6015,180.486,358.374,0,0,0,0,0,0,-0.257425,0.703009,-0.166841,37.40643,180.948,15.57862,0,False,False
81.87238,-0.024833,1.630194,-0.059016,357.6913,180.4972,358.3703,0,0,0,0,0,0,-0.257406,0.702841,-0.166816,37.45609,180.9376,15.57612,0,False,False
81.88345,-0.024867,1.62998,-0.058953,357.773,180.5156,358.3785,0,0,0,0,0,0,-0.257502,0.702791,-0.166834,37.50237,180.9267,15.56527,0,False,False
81.89454,-0.024923,1.629791,-0.058922,357.8863,180.529,358.3765,0,0,0,0,0,0,-0.257501,0.7027,-0.16685,37.53778,180.9234,15.5637,0,False,False
81.90575,-0.024939,1.629604,-0.05887,358.0066,180.5528,358.3688,0,0,0,0,0,0,-0.257508,0.702671,-0.166961,37.58392,180.9219,15.54972,0,False,False
81.91671,-0.02498,1.629408,-0.058838,358.1489,180.578,358.3716,0,0,0,0,0,0,-0.257526,0.702616,-0.166971,37.60865,180.925,15.54729,0,False,False
81.9279,-0.025029,1.629153,-0.058861,358.3066,180.5989,358.3698,0,0,0,0,0,0,-0.257506,0.702759,-0.167062,37.61768,180.9445,15.54456,0,False,False
81.93904,-0.02516,1.628885,-0.058725,358.4802,180.6293,358.3699,0,0,0,0,0,0,-0.257545,0.70269,-0.167035,37.63603,180.9463,15.54419,0,False,False
81.95009,-0.025216,1.628573,-0.058716,358.6888,180.6563,358.3827,0,0,0,0,0,0,-0.257639,0.702622,-0.167094,37.64792,180.9715,15.55657,0,False,False
81.9612,-0.02529,1.628195,-0.058643,358.8818,180.679,358.3926,0,0,0,0,0,0,-0.257803,0.702645,-0.167167,37.67121,181.0023,15.53791,0,False,False
81.97284,-0.025353,1.627875,-0.058664,359.0808,180.7045,358.3905,0,0,0,0,0,0,-0.257943,0.702581,-0.167135,37.71453,181.0418,15.51752,0,False,False
81.98365,-0.025379,1.627496,-0.058687,359.2635,180.7263,358.3795,0,0,0,0,0,0,-0.257859,0.702551,-0.167328,37.751,181.0674,15.50169,0,False,False
81.99472,-0.025516,1.62733,-0.058725,359.4435,180.7299,358.3557,0,0,0,0,0,0,-0.257926,0.702532,-0.167331,37.79824,181.085,15.48183,0,False,False
82.00595,-0.025575,1.6271,-0.058782,359.5994,180.7451,358.3198,0,0,0,0,0,0,-0.258072,0.702524,-0.167364,37.82845,181.1123,15.48853,0,False,False
82.0168,-0.025654,1.626814,-0.058819,359.7564,180.7562,358.294,0,0,0,0,0,0,-0.258189,0.702518,-0.16746,37.86187,181.134,15.4878,0,False,False
82.02808,-0.02571,1.62649,-0.05891,359.9198,180.7666,358.2892,0,0,0,0,0,0,-0.258328,0.702474,-0.167484,37.88243,181.1485,15.49185,0,False,False
82.03902,-0.025788,1.626169,-0.058952,0.1015,180.7859,358.2799,0,0,0,0,0,0,-0.258488,0.702464,-0.167596,37.8998,181.1689,15.47425,0,False,False
82.05014,-0.025878,1.625818,-0.059006,0.294175,180.7938,358.2868,0,0,0,0,0,0,-0.25856,0.702498,-0.167606,37.91007,181.1953,15.45865,0,False,False
82.06125,-0.025876,1.625451,-0.059083,0.502678,180.8005,358.2775,0,0,0,0,0,0,-0.258744,0.702487,-0.167556,37.92052,181.2267,15.45118,0,False,False
82.07256,-0.025901,1.625058,-0.059113,0.710899,180.8137,358.282,0,0,0,0,0,0,-0.258929,0.702512,-0.167654,37.92023,181.2566,15.44636,0,False,False
82.08335,-0.025955,1.624754,-0.059176,0.924046,180.8265,358.2782,0,0,0,0,0,0,-0.259122,0.702503,-0.167675,37.92771,181.2785,15.453,0,False,False
82.09444,-0.025971,1.62442,-0.059253,1.102756,180.8374,358.2721,0,0,0,0,0,0,-0.259239,0.70253,-0.167646,37.92171,181.2991,15.43568,0,False,False
82.10555,-0.026031,1.624134,-0.059373,1.274934,180.8553,358.2611,0,0,0,0,0,0,-0.25933,0.70247,-0.167737,37.931,181.3147,15.4377,0,False,False
82.11663,-0.026043,1.623818,-0.059425,1.447856,180.8665,358.2686,0,0,0,0,0,0,-0.259407,0.702464,-0.167616,37.93383,181.322,15.44614,0,False,False
82.1277,-0.026054,1.623558,-0.059459,1.605033,180.8692,358.2978,0,0,0,0,0,0,-0.25939,0.702406,-0.167414,37.94896,181.3297,15.45295,0,False,False
82.13912,-0.026097,1.623282,-0.059527,1.764483,180.8649,358.3209,0,0,0,0,0,0,-0.259512,0.702316,-0.167385,37.99144,181.3565,15.45425,0,False,False
82.14996,-0.026042,1.622996,-0.059576,1.941864,180.8808,358.3574,0,0,0,0,0,0,-0.25957,0.702213,-0.167265,38.03262,181.3702,15.43766,0,False,False
82.16108,-0.026085,1.622661,-0.059682,2.128388,180.8815,358.3922,0,0,0,0,0,0,-0.259542,0.702176,-0.167189,38.07271,181.387,15.44192,0,False,False
82.17227,-0.026066,1.622352,-0.059754,2.328511,180.8798,358.4128,0,0,0,0,0,0,-0.259588,0.702084,-0.167035,38.11188,181.387,15.43726,0,False,False
82.18334,-0.026046,1.622059,-0.059806,2.541648,180.8674,358.4531,0,0,0,0,0,0,-0.259611,0.701984,-0.166853,38.14539,181.3754,15.40186,0,False,False
82.19456,-0.026017,1.621709,-0.059871,2.721299,180.8535,358.4789,0,0,0,0,0,0,-0.25967,0.70187,-0.166627,38.17029,181.3801,15.38846,0,False,False
82.20555,-0.025971,1.621333,-0.05994,2.927151,180.8379,358.505,0,0,0,0,0,0,-0.259775,0.701677,-0.166428,38.20486,181.3839,15.37045,0,False,False
82.2166,-0.025904,1.62095,-0.060024,3.131131,180.8125,358.5062,0,0,0,0,0,0,-0.259764,0.701523,-0.166356,38.2399,181.3891,15.37489,0,False,False
82.22771,-0.025862,1.620609,-0.060171,3.351693,180.7842,358.5249,0,0,0,0,0,0,-0.259796,0.701465,-0.166299,38.30115,181.4015,15.39656,0,False,False
82.23904,-0.025816,1.620211,-0.060304,3.585635,180.7624,358.5419,0,0,0,0,0,0,-0.259865,0.701344,-0.166094,38.36855,181.4218,15.38802,0,False,False
82.24997,-0.025763,1.619779,-0.060464,3.831602,180.7351,358.5564,0,0,0,0,0,0,-0.25984,0.701257,-0.165872,38.43903,181.4235,15.36355,0,False,False
82.26105,-0.025694,1.619271,-0.060619,4.100837,180.6974,358.5748,0,0,0,0,0,0,-0.259787,0.701077,-0.165558,38.52291,181.4325,15.33858,0,False,False
82.27233,-0.025629,1.618801,-0.060784,4.389465,180.6653,358.5961,0,0,0,0,0,0,-0.259758,0.700941,-0.16532,38.6091,181.4344,15.32185,0,False,False
82.28326,-0.025532,1.618309,-0.060927,4.693105,180.6226,358.6041,0,0,0,0,0,0,-0.259772,0.700779,-0.165121,38.67695,181.441,15.31705,0,False,False
82.29435,-0.025488,1.617831,-0.061148,4.982463,180.5763,358.6162,0,0,0,0,0,0,-0.259798,0.700638,-0.164991,38.755,181.4356,15.29455,0,False,False
82.30555,-0.025364,1.617319,-0.061347,5.274549,180.5406,358.609,0,0,0,0,0,0,-0.259738,0.700529,-0.164752,38.82617,181.4137,15.27973,0,False,False
82.31657,-0.025306,1.616856,-0.061556,5.559993,180.4945,358.6197,0,0,0,0,0,0,-0.259685,0.700334,-0.164476,38.89274,181.4165,15.23575,0,False,False
82.33017,-0.025298,1.616438,-0.061866,5.852198,180.4422,358.6228,0,0,0,0,0,0,-0.259662,0.700142,-0.164162,38.98513,181.3958,15.14177,0,False,False
82.3388,-0.025217,1.615896,-0.062055,6.146791,180.4112,358.63,0,0,0,0,0,0,-0.259597,0.700057,-0.163941,39.07548,181.3855,15.06923,0,False,False
82.35002,-0.025137,1.615349,-0.062251,6.463304,180.3621,358.6543,0,0,0,0,0,0,-0.259446,0.699845,-0.163504,39.16174,181.3421,14.99113,0,False,False
82.36095,-0.025019,1.614747,-0.062503,6.804397,180.3024,358.668,0,0,0,0,0,0,-0.259421,0.699779,-0.163317,39.23751,181.3058,14.96858,0,False,False
82.37217,-0.024947,1.614086,-0.062762,7.156048,180.2576,358.6789,0,0,0,0,0,0,-0.25942,0.699717,-0.163141,39.3145,181.2759,14.95079,0,False,False
82.38319,-0.02479,1.613425,-0.063055,7.547275,180.2194,358.7013,0,0,0,0,0,0,-0.259276,0.699635,-0.162954,39.35966,181.2327,14.95151,0,False,False
82.39443,-0.024632,1.612667,-0.063302,7.948174,180.1723,358.729,0,0,0,0,0,0,-0.259207,0.699407,-0.162696,39.3859,181.2089,14.95648,0,False,False
82.40558,-0.024499,1.611927,-0.063607,8.398751,180.1299,358.7512,0,0,0,0,0,0,-0.259221,0.699367,-0.162582,39.42205,181.206,14.96682,0,False,False
82.41656,-0.024377,1.611258,-0.063925,8.812789,180.088,358.7722,0,0,0,0,0,0,-0.259197,0.69927,-0.16243,39.45515,181.1972,14.94239,0,False,False
82.42764,-0.024297,1.610571,-0.064276,9.231831,180.0358,358.7809,0,0,0,0,0,0,-0.259232,0.699322,-0.162407,39.50012,181.1976,14.91588,0,False,False
82.43881,-0.024198,1.609855,-0.064674,9.635457,179.995,358.7827,0,0,0,0,0,0,-0.259183,0.699299,-0.162318,39.51424,181.217,14.91134,0,False,False
82.45004,-0.024087,1.609138,-0.065047,10.0556,179.962,358.7873,0,0,0,0,0,0,-0.259197,0.699287,-0.162238,39.52976,181.2451,14.90235,0,False,False
82.46098,-0.023989,1.608381,-0.065546,10.49466,179.9267,358.7705,0,0,0,0,0,0,-0.259203,0.699268,-0.16216,39.54909,181.2668,14.88898,0,False,False
82.47211,-0.023891,1.607605,-0.065966,10.91825,179.8924,358.7688,0,0,0,0,0,0,-0.259231,0.699167,-0.161974,39.56609,181.2879,14.8864,0,False,False
82.48323,-0.02381,1.60684,-0.066426,11.34029,179.8625,358.7699,0,0,0,0,0,0,-0.259255,0.699164,-0.161889,39.58238,181.3148,14.88876,0,False,False
82.49427,-0.023717,1.606133,-0.066881,11.7333,179.8377,358.7589,0,0,0,0,0,0,-0.259329,0.699161,-0.161839,39.59419,181.3465,14.90518,0,False,False
82.50545,-0.023781,1.605506,-0.067515,12.11287,179.8021,358.7381,0,0,0,0,0,0,-0.259318,0.69907,-0.161604,39.60526,181.3635,14.8801,0,False,False
82.51646,-0.023674,1.604942,-0.067997,12.47204,179.7869,358.7398,0,0,0,0,0,0,-0.259426,0.699078,-0.161602,39.63244,181.3712,14.8574,0,False,False
82.52754,-0.023611,1.604303,-0.06847,12.79329,179.7778,358.7334,0,0,0,0,0,0,-0.259253,0.698912,-0.161422,39.65801,181.3827,14.85632,0,False,False
82.53889,-0.02358,1.603686,-0.068998,13.12364,179.7637,358.719,0,0,0,0,0,0,-0.259138,0.698849,-0.161277,39.66948,181.3839,14.85739,0,False,False
82.54999,-0.023503,1.603128,-0.06955,13.46907,179.7569,358.709,0,0,0,0,0,0,-0.259193,0.698656,-0.161201,39.69073,181.378,14.85878,0,False,False
82.56117,-0.023455,1.602511,-0.070075,13.80679,179.7593,358.712,0,0,0,0,0,0,-0.259258,0.698533,-0.161079,39.70699,181.3709,14.85657,0,False,False
82.5723,-0.023414,1.601855,-0.070551,14.16001,179.7528,358.7093,0,0,0,0,0,0,-0.259105,0.698493,-0.161034,39.72708,181.3614,14.86649,0,False,False
82.58311,-0.023414,1.601208,-0.071097,14.50669,179.759,358.7088,0,0,0,0,0,0,-0.259111,0.698309,-0.160977,39.75315,181.3678,14.8472,0,False,False
82.59424,-0.023362,1.600659,-0.071605,14.81945,179.77,358.7051,0,0,0,0,0,0,-0.259021,0.698172,-0.160882,39.79873,181.3713,14.84633,0,False,False
82.60537,-0.023289,1.600212,-0.072142,15.08773,179.7607,358.6918,0,0,0,0,0,0,-0.259068,0.698139,-0.160871,39.8398,181.3852,14.85639,0,False,False
82.61642,-0.023241,1.599831,-0.072673,15.32525,179.7771,358.6673,0,0,0,0,0,0,-0.259098,0.698038,-0.16081,39.88254,181.4099,14.90077,0,False,False
82.62754,-0.023209,1.599446,-0.073232,15.5329,179.7829,358.6604,0,0,0,0,0,0,-0.259038,0.697857,-0.160628,39.92566,181.4309,14.93575,0,False,False
82.6387,-0.023239,1.599145,-0.07385,15.70692,179.7925,358.6539,0,0,0,0,0,0,-0.25904,0.697697,-0.160507,39.96383,181.4247,14.93955,0,False,False
82.64977,-0.023225,1.598816,-0.074489,15.88909,179.7953,358.6445,0,0,0,0,0,0,-0.258915,0.697627,-0.160487,39.99408,181.4146,14.92005,0,False,False
82.66085,-0.023211,1.598578,-0.075035,16.03861,179.8022,358.6521,0,0,0,0,0,0,-0.258787,0.697635,-0.160535,40.02267,181.4148,14.91263,0,False,False
82.67232,-0.023192,1.598287,-0.075571,16.19943,179.8176,358.6571,0,0,0,0,0,0,-0.258664,0.697529,-0.160486,40.04959,181.3981,14.88262,0,False,False
82.6831,-0.023226,1.598019,-0.076184,16.36235,179.8151,358.6654,0,0,0,0,0,0,-0.258727,0.697487,-0.160517,40.09863,181.3968,14.80482,0,False,False
82.69423,-0.023142,1.597769,-0.076705,16.49634,179.8245,358.6498,0,0,0,0,0,0,-0.258486,0.697353,-0.16049,40.1379,181.3978,14.80628,0,False,False
82.70537,-0.023109,1.597567,-0.077255,16.61042,179.8357,358.6331,0,0,0,0,0,0,-0.258357,0.69725,-0.16046,40.1722,181.3971,14.83862,0,False,False
82.71638,-0.023087,1.597436,-0.077753,16.7033,179.8395,358.6024,0,0,0,0,0,0,-0.258266,0.697162,-0.16039,40.20694,181.41,14.82515,0,False,False
82.72751,-0.023068,1.597306,-0.078274,16.778,179.8602,358.5778,0,0,0,0,0,0,-0.258165,0.697079,-0.160382,40.25266,181.4264,14.78955,0,False,False
82.73867,-0.023022,1.597224,-0.078804,16.84408,179.8666,358.5526,0,0,0,0,0,0,-0.258055,0.69693,-0.160232,40.2968,181.4511,14.76256,0,False,False
82.74969,-0.022982,1.59716,-0.079416,16.90319,179.8897,358.5597,0,0,0,0,0,0,-0.258037,0.696854,-0.160334,40.33578,181.4458,14.73217,0,False,False
82.76106,-0.022919,1.597093,-0.079981,16.93844,179.9005,358.5654,0,0,0,0,0,0,-0.257899,0.696713,-0.16038,40.35666,181.4416,14.73874,0,False,False
82.77196,-0.022908,1.597082,-0.08053,16.96445,179.9202,358.5529,0,0,0,0,0,0,-0.257783,0.696632,-0.160469,40.35849,181.4101,14.75368,0,False,False
82.78313,-0.022889,1.597078,-0.081049,16.96206,179.9507,358.5564,0,0,0,0,0,0,-0.257657,0.696577,-0.16059,40.35582,181.3858,14.77353,0,False,False
82.79441,-0.02287,1.59717,-0.081574,16.94165,179.9819,358.5482,0,0,0,0,0,0,-0.257588,0.696524,-0.160795,40.35215,181.3659,14.77196,0,False,False
82.80521,-0.022863,1.59728,-0.082121,16.89537,180.0153,358.5432,0,0,0,0,0,0,-0.257396,0.696501,-0.160988,40.36011,181.3424,14.7684,0,False,False
82.81632,-0.02287,1.597425,-0.082606,16.84997,180.0439,358.5313,0,0,0,0,0,0,-0.257353,0.6964,-0.161147,40.38858,181.334,14.76665,0,False,False
82.82738,-0.022851,1.597661,-0.083211,16.76794,180.0752,358.5223,0,0,0,0,0,0,-0.257349,0.696297,-0.161334,40.42896,181.326,14.76621,0,False,False
82.83863,-0.022864,1.59791,-0.083687,16.64123,180.1198,358.5146,0,0,0,0,0,0,-0.257271,0.696174,-0.161432,40.4698,181.3155,14.77469,0,False,False
82.84971,-0.022907,1.598233,-0.084197,16.46733,180.1696,358.5275,0,0,0,0,0,0,-0.257122,0.696091,-0.161552,40.52367,181.2852,14.78017,0,False,False
82.86073,-0.022933,1.598758,-0.084758,16.20952,180.2332,358.5408,0,0,0,0,0,0,-0.256998,0.695993,-0.1617,40.56615,181.2675,14.78704,0,False,False
82.87197,-0.022964,1.59939,-0.085242,15.90151,180.2995,358.5601,0,0,0,0,0,0,-0.25711,0.695939,-0.161979,40.60509,181.2649,14.79738,0,False,False
82.883,-0.023066,1.600197,-0.085716,15.48209,180.3906,358.5825,0,0,0,0,0,0,-0.257048,0.695846,-0.162155,40.62389,181.267,14.79099,0,False,False
82.89405,-0.023112,1.601091,-0.086213,14.99834,180.4971,358.6295,0,0,0,0,0,0,-0.256962,0.695795,-0.162275,40.62932,181.2624,14.7881,0,False,False
82.9054,-0.02319,1.602073,-0.086542,14.43551,180.6211,358.6895,0,0,0,0,0,0,-0.256931,0.695669,-0.162344,40.63789,181.269,14.79964,0,False,False
82.91641,-0.023279,1.60309,-0.086887,13.8719,180.7655,358.7753,0,0,0,0,0,0,-0.256691,0.695515,-0.162426,40.66525,181.2796,14.79697,0,False,False
82.92738,-0.023362,1.60411,-0.087197,13.30612,180.9103,358.8418,0,0,0,0,0,0,-0.256609,0.695418,-0.16253,40.685,181.2835,14.77565,0,False,False
82.93854,-0.02354,1.605251,-0.087456,12.70044,181.0542,358.9248,0,0,0,0,0,0,-0.256546,0.695301,-0.162587,40.71291,181.2914,14.77097,0,False,False
82.94966,-0.023639,1.60629,-0.08767,12.13239,181.1973,358.9678,0,0,0,0,0,0,-0.256611,0.695204,-0.162741,40.75293,181.3019,14.78632,0,False,False
82.96089,-0.023783,1.607323,-0.08791,11.5884,181.3351,359.011,0,0,0,0,0,0,-0.256528,0.695094,-0.162805,40.79496,181.3113,14.78322,0,False,False
82.97217,-0.023919,1.608305,-0.088011,11.05021,181.4793,359.0359,0,0,0,0,0,0,-0.25655,0.694899,-0.162895,40.86176,181.324,14.77767,0,False,False
82.98305,-0.024064,1.609376,-0.088214,10.45976,181.6124,359.0482,0,0,0,0,0,0,-0.256453,0.694753,-0.162823,40.92987,181.3279,14.76894,0,False,False
82.99419,-0.024195,1.610537,-0.088346,9.833511,181.7676,359.0539,0,0,0,0,0,0,-0.256236,0.694628,-0.162869,41.03903,181.3176,14.7594,0,False,False
83.00516,-0.024359,1.611648,-0.088481,9.206231,181.9214,359.0607,0,0,0,0,0,0,-0.256161,0.694379,-0.162933,41.1442,181.2922,14.75134,0,False,False
83.01634,-0.024504,1.612745,-0.088595,8.582833,182.0768,359.0717,0,0,0,0,0,0,-0.256012,0.694153,-0.16294,41.25881,181.2446,14.74123,0,False,False
83.02747,-0.024684,1.613831,-0.08868,7.95282,182.228,359.0709,0,0,0,0,0,0,-0.255817,0.694058,-0.1631,41.35548,181.1938,14.73325,0,False,False
83.03864,-0.024857,1.614895,-0.088761,7.333368,182.3858,359.0738,0,0,0,0,0,0,-0.255547,0.693752,-0.163287,41.41487,181.1324,14.74742,0,False,False
83.04959,-0.025018,1.616056,-0.08885,6.670179,182.5206,359.0713,0,0,0,0,0,0,-0.255436,0.693638,-0.163557,41.46591,181.0725,14.75336,0,False,False
83.06068,-0.025212,1.617228,-0.088926,5.974978,182.6713,359.0672,0,0,0,0,0,0,-0.255258,0.693513,-0.163851,41.49899,181.0056,14.76972,0,False,False
83.07191,-0.025429,1.618434,-0.088962,5.286912,182.8415,359.0815,0,0,0,0,0,0,-0.255025,0.693533,-0.164231,41.5091,180.9372,14.80757,0,False,False
83.08285,-0.025603,1.6195,-0.088943,4.627874,183.0069,359.0799,0,0,0,0,0,0,-0.254963,0.693363,-0.164664,41.50296,180.8689,14.86277,0,False,False
83.094,-0.025863,1.620673,-0.088953,3.984789,183.1569,359.0767,0,0,0,0,0,0,-0.254758,0.693421,-0.164977,41.50778,180.8207,14.89876,0,False,False
83.10531,-0.026,1.621969,-0.088914,3.224546,183.3074,359.0784,0,0,0,0,0,0,-0.254556,0.693384,-0.165322,41.5314,180.7903,14.93392,0,False,False
83.1163,-0.026192,1.623333,-0.088902,2.404396,183.4483,359.0844,0,0,0,0,0,0,-0.25432,0.693267,-0.165664,41.55029,180.7724,14.95151,0,False,False
83.12732,-0.02638,1.624695,-0.08873,1.585785,183.5901,359.0706,0,0,0,0,0,0,-0.254155,0.693171,-0.165967,41.59229,180.7535,14.95778,0,False,False
83.13849,-0.026552,1.625998,-0.088615,0.82158,183.7379,359.0702,0,0,0,0,0,0,-0.253974,0.693103,-0.166349,41.619,180.7425,14.94736,0,False,False
83.14964,-0.026634,1.627132,-0.088425,0.107018,183.8643,359.0716,0,0,0,0,0,0,-0.253785,0.693016,-0.16664,41.64972,180.7481,14.91089,0,False,False
83.16061,-0.026788,1.628297,-0.088148,359.4042,183.9785,359.0892,0,0,0,0,0,0,-0.253562,0.692865,-0.167068,41.67466,180.7074,14.8924,0,False,False
83.17175,-0.026823,1.629344,-0.087827,358.6883,184.0779,359.0938,0,0,0,0,0,0,-0.253434,0.692787,-0.167535,41.68854,180.6684,14.88564,0,False,False
83.18298,-0.026924,1.630467,-0.087547,357.9877,184.1859,359.0941,0,0,0,0,0,0,-0.25323,0.692742,-0.167967,41.69456,180.6158,14.88433,0,False,False
83.19404,-0.027017,1.631519,-0.087261,357.309,184.2652,359.0952,0,0,0,0,0,0,-0.253078,0.692626,-0.168295,41.70359,180.5581,14.88137,0,False,False
83.20519,-0.027121,1.632616,-0.086916,356.6566,184.3594,359.0994,0,0,0,0,0,0,-0.252724,0.692617,-0.168678,41.72734,180.4918,14.83063,0,False,False
83.21651,-0.0272,1.633644,-0.086608,356.0296,184.4553,359.1005,0,0,0,0,0,0,-0.252493,0.692503,-0.169132,41.75252,180.4218,14.8123,0,False,False
83.22723,-0.027287,1.634636,-0.086241,355.4349,184.5473,359.092,0,0,0,0,0,0,-0.252176,0.692465,-0.169486,41.76755,180.3666,14.78741,0,False,False
83.23855,-0.027343,1.635524,-0.085726,354.8435,184.6204,359.0878,0,0,0,0,0,0,-0.251996,0.692446,-0.170002,41.80331,180.3142,14.75332,0,False,False
83.2495,-0.027395,1.636266,-0.08528,354.2971,184.705,359.075,0,0,0,0,0,0,-0.251694,0.692383,-0.170548,41.81747,180.2546,14.74092,0,False,False
83.26061,-0.027504,1.636963,-0.084901,353.8005,184.764,359.0565,0,0,0,0,0,0,-0.251382,0.692415,-0.171067,41.8228,180.2235,14.72465,0,False,False
83.27174,-0.027565,1.637509,-0.084466,353.3875,184.8142,359.0289,0,0,0,0,0,0,-0.25106,0.692354,-0.171717,41.82516,180.1837,14.68479,0,False,False
83.28281,-0.027617,1.638164,-0.084031,352.9771,184.8818,359.0178,0,0,0,0,0,0,-0.250642,0.692385,-0.17226,41.81903,180.1476,14.67805,0,False,False
83.29405,-0.027679,1.638762,-0.083682,352.5737,184.9339,359.0242,0,0,0,0,0,0,-0.250343,0.692407,-0.172808,41.80585,180.1202,14.66157,0,False,False
83.30531,-0.027759,1.639506,-0.083313,352.1285,185.0018,359.0385,0,0,0,0,0,0,-0.250149,0.692495,-0.173304,41.79671,180.0819,14.64138,0,False,False
83.31628,-0.027898,1.640115,-0.083058,351.6996,185.0469,359.0418,0,0,0,0,0,0,-0.249978,0.692434,-0.173888,41.78469,180.0502,14.6385,0,False,False
83.32726,-0.027958,1.640663,-0.082711,351.2993,185.117,359.0418,0,0,0,0,0,0,-0.249752,0.692484,-0.174363,41.76608,180.0079,14.63561,0,False,False
83.33849,-0.027976,1.64115,-0.082389,350.948,185.1792,359.0299,0,0,0,0,0,0,-0.249503,0.692517,-0.174981,41.76384,179.9501,14.60131,0,False,False
83.34952,-0.02803,1.641626,-0.082143,350.6297,185.2191,359.02,0,0,0,0,0,0,-0.249239,0.692465,-0.175603,41.75272,179.8908,14.56815,0,False,False
83.36054,-0.028084,1.64208,-0.081782,350.2898,185.2454,359.0027,0,0,0,0,0,0,-0.249067,0.692424,-0.176281,41.73313,179.8598,14.55839,0,False,False
83.37172,-0.028123,1.642509,-0.08153,349.9676,185.2725,359.0005,0,0,0,0,0,0,-0.248916,0.692512,-0.177016,41.69518,179.8323,14.52155,0,False,False
83.3828,-0.028186,1.64294,-0.081188,349.6553,185.2977,358.992,0,0,0,0,0,0,-0.248693,0.69256,-0.177667,41.63833,179.8344,14.50776,0,False,False
83.39389,-0.02825,1.64334,-0.080954,349.3581,185.3084,358.9895,0,0,0,0,0,0,-0.248468,0.692652,-0.178297,41.58855,179.8157,14.45094,0,False,False
83.40505,-0.028301,1.643745,-0.080592,349.0758,185.3221,358.9811,0,0,0,0,0,0,-0.248348,0.692692,-0.178897,41.52563,179.8117,14.42581,0,False,False
83.41624,-0.028367,1.644102,-0.08025,348.8042,185.326,358.9822,0,0,0,0,0,0,-0.248138,0.692825,-0.179677,41.46283,179.7988,14.42176,0,False,False
83.42732,-0.028399,1.644446,-0.07998,348.5484,185.3252,358.9676,0,0,0,0,0,0,-0.247994,0.692941,-0.180339,41.4108,179.7688,14.40389,0,False,False
83.43832,-0.028434,1.644877,-0.079729,348.2458,185.3112,358.9464,0,0,0,0,0,0,-0.247873,0.693046,-0.181066,41.36344,179.7583,14.39956,0,False,False
83.44941,-0.028437,1.645404,-0.079399,347.8791,185.3055,358.9243,0,0,0,0,0,0,-0.247726,0.693097,-0.181662,41.33384,179.7463,14.39622,0,False,False
83.46057,-0.02846,1.645951,-0.079078,347.4988,185.2978,358.8989,0,0,0,0,0,0,-0.247538,0.693107,-0.18211,41.29907,179.7412,14.39406,0,False,False
83.47166,-0.028443,1.646452,-0.07875,347.131,185.2905,358.8871,0,0,0,0,0,0,-0.247407,0.693163,-0.182715,41.27986,179.7189,14.38967,0,False,False
83.48283,-0.028435,1.646897,-0.078336,346.788,185.278,358.8833,0,0,0,0,0,0,-0.247221,0.693247,-0.183296,41.25657,179.6933,14.36731,0,False,False
83.49384,-0.028485,1.64732,-0.077991,346.4526,185.2532,358.888,0,0,0,0,0,0,-0.247141,0.693288,-0.183761,41.22795,179.6506,14.3138,0,False,False
83.50497,-0.028486,1.64774,-0.077604,346.1521,185.217,358.8897,0,0,0,0,0,0,-0.246996,0.693344,-0.184275,41.19836,179.6247,14.2821,0,False,False
83.51609,-0.028482,1.648133,-0.077233,345.8831,185.1894,358.8775,0,0,0,0,0,0,-0.246828,0.693443,-0.184863,41.15665,179.6112,14.24558,0,False,False
83.52714,-0.028449,1.64843,-0.076837,345.6296,185.1518,358.8744,0,0,0,0,0,0,-0.246651,0.693469,-0.18532,41.12097,179.5989,14.22771,0,False,False
83.53828,-0.028437,1.648681,-0.076464,345.415,185.1067,358.8619,0,0,0,0,0,0,-0.246588,0.693472,-0.185669,41.08479,179.5833,14.22257,0,False,False
83.54951,-0.028432,1.648892,-0.076045,345.2133,185.0595,358.86,0,0,0,0,0,0,-0.246429,0.693469,-0.186072,41.06515,179.5553,14.1949,0,False,False
83.56046,-0.028433,1.649101,-0.075723,345.0345,184.9986,358.8865,0,0,0,0,0,0,-0.246191,0.6934,-0.186381,41.06182,179.4987,14.18603,0,False,False
83.57157,-0.028446,1.649318,-0.075418,344.8726,184.954,358.8917,0,0,0,0,0,0,-0.246115,0.693355,-0.186822,41.06485,179.4624,14.1675,0,False,False
83.58272,-0.028437,1.649526,-0.075171,344.7271,184.8989,358.9012,0,0,0,0,0,0,-0.245961,0.693294,-0.187074,41.08583,179.4145,14.15278,0,False,False
83.59384,-0.028403,1.649704,-0.07494,344.5473,184.8384,358.8937,0,0,0,0,0,0,-0.245935,0.693164,-0.187424,41.10662,179.368,14.12026,0,False,False
83.60499,-0.028316,1.649955,-0.074712,344.3728,184.7796,358.8636,0,0,0,0,0,0,-0.245871,0.693117,-0.187734,41.13262,179.336,14.09463,0,False,False
83.61611,-0.028304,1.650176,-0.074459,344.1868,184.7055,358.8433,0,0,0,0,0,0,-0.245722,0.693051,-0.187995,41.14949,179.3176,14.11413,0,False,False
83.62713,-0.028244,1.650433,-0.074129,343.9923,184.6567,358.8216,0,0,0,0,0,0,-0.24557,0.693047,-0.188167,41.16517,179.2865,14.10552,0,False,False
83.63843,-0.028166,1.650701,-0.073884,343.834,184.5998,358.8152,0,0,0,0,0,0,-0.245459,0.693042,-0.188386,41.17317,179.2707,14.1008,0,False,False
83.64944,-0.028109,1.650847,-0.073664,343.6683,184.5337,358.8245,0,0,0,0,0,0,-0.245347,0.692895,-0.188463,41.17654,179.2525,14.0927,0,False,False
83.66042,-0.02799,1.65104,-0.073393,343.5201,184.4635,358.8385,0,0,0,0,0,0,-0.245302,0.692951,-0.18876,41.18633,179.2436,14.08415,0,False,False
83.6718,-0.027941,1.65119,-0.073166,343.3741,184.3874,358.867,0,0,0,0,0,0,-0.245221,0.692893,-0.189035,41.17821,179.2268,14.06974,0,False,False
83.68281,-0.027861,1.6513,-0.072986,343.265,184.2965,358.8931,0,0,0,0,0,0,-0.245161,0.692944,-0.189335,41.15403,179.2001,14.03674,0,False,False
83.69379,-0.027774,1.651396,-0.072813,343.1762,184.2283,358.9143,0,0,0,0,0,0,-0.245035,0.693091,-0.189743,41.12834,179.1679,14.02434,0,False,False
83.70519,-0.027735,1.651456,-0.072627,343.0915,184.1457,358.9292,0,0,0,0,0,0,-0.24497,0.693179,-0.190081,41.09671,179.117,13.99489,0,False,False
83.71614,-0.02763,1.651572,-0.07244,342.9937,184.071,358.9447,0,0,0,0,0,0,-0.244844,0.693217,-0.190357,41.05293,179.0856,13.98781,0,False,False
83.72708,-0.027575,1.651644,-0.072199,342.91,184.0014,358.946,0,0,0,0,0,0,-0.244782,0.69349,-0.190679,41.01236,179.0439,13.97578,0,False,False
83.7382,-0.027522,1.651744,-0.072063,342.8086,183.9142,358.959,0,0,0,0,0,0,-0.244781,0.693592,-0.190962,40.99266,179.0099,13.97929,0,False,False
83.7493,-0.027489,1.651865,-0.071854,342.7269,183.8363,358.9785,0,0,0,0,0,0,-0.244818,0.693653,-0.191092,40.98939,178.9956,13.98402,0,False,False
83.76038,-0.027438,1.651957,-0.071697,342.6494,183.7485,359.0018,0,0,0,0,0,0,-0.244939,0.693736,-0.191325,40.98935,178.9724,13.97407,0,False,False
83.773,-0.02738,1.652022,-0.071541,342.5903,183.6579,359.0188,0,0,0,0,0,0,-0.24494,0.693767,-0.191566,40.98935,178.9616,13.98068,0,False,False
83.78265,-0.027335,1.652098,-0.071362,342.5256,183.5757,359.0387,0,0,0,0,0,0,-0.245115,0.693802,-0.191971,41.00315,178.9535,13.98373,0,False,False
83.79372,-0.027211,1.652127,-0.071175,342.4855,183.4997,359.0511,0,0,0,0,0,0,-0.245167,0.693882,-0.192197,41.00647,178.927,13.97601,0,False,False
83.80485,-0.027105,1.65218,-0.071057,342.44,183.4183,359.0664,0,0,0,0,0,0,-0.245218,0.693931,-0.192494,40.9972,178.9066,13.97979,0,False,False
83.81596,-0.026977,1.652262,-0.070903,342.3871,183.3315,359.089,0,0,0,0,0,0,-0.245211,0.694027,-0.192614,40.98913,178.8823,13.98401,0,False,False
83.82706,-0.026898,1.652334,-0.070771,342.3223,183.2776,359.1053,0,0,0,0,0,0,-0.245299,0.693994,-0.192684,40.98548,178.8529,13.96853,0,False,False
83.83818,-0.026832,1.652387,-0.070604,342.2529,183.2041,359.1292,0,0,0,0,0,0,-0.245301,0.694044,-0.192804,40.97052,178.8291,13.96098,0,False,False
83.8495,-0.026782,1.65244,-0.07048,342.2018,183.1357,359.1466,0,0,0,0,0,0,-0.245357,0.694136,-0.192936,40.95467,178.8116,13.98649,0,False,False
83.86037,-0.026756,1.652409,-0.070314,342.1625,183.0774,359.1553,0,0,0,0,0,0,-0.245494,0.694001,-0.192966,40.94653,178.783,13.98475,0,False,False
83.87145,-0.026706,1.652442,-0.070177,342.1428,183.0137,359.1653,0,0,0,0,0,0,-0.245707,0.694079,-0.193174,40.93478,178.7878,14.00704,0,False,False
83.88263,-0.026655,1.652399,-0.070012,342.1266,182.9658,359.1609,0,0,0,0,0,0,-0.245763,0.694161,-0.193303,40.91027,178.7973,14.05465,0,False,False
83.89375,-0.026607,1.652418,-0.069835,342.1083,182.9032,359.1793,0,0,0,0,0,0,-0.245942,0.694224,-0.193456,40.91162,178.8029,14.07549,0,False,False
83.90489,-0.026592,1.65239,-0.069767,342.1111,182.8497,359.1919,0,0,0,0,0,0,-0.246194,0.694302,-0.193727,40.91472,178.8164,14.08674,0,False,False
83.91597,-0.02655,1.652398,-0.069615,342.1036,182.8003,359.2137,0,0,0,0,0,0,-0.246339,0.694467,-0.193833,40.9108,178.8031,14.09336,0,False,False
83.92702,-0.026531,1.652432,-0.069499,342.1012,182.7493,359.2395,0,0,0,0,0,0,-0.246504,0.694517,-0.193886,40.91505,178.7949,14.12257,0,False,False
83.93807,-0.026475,1.652409,-0.069347,342.08,182.7144,359.2487,0,0,0,0,0,0,-0.246555,0.69464,-0.193928,40.90675,178.7652,14.16145,0,False,False
83.94928,-0.026425,1.652462,-0.069197,342.0561,182.6756,359.2542,0,0,0,0,0,0,-0.246702,0.694677,-0.193975,40.91735,178.7312,14.17098,0,False,False
83.96031,-0.026359,1.652516,-0.069094,342.0464,182.628,359.2469,0,0,0,0,0,0,-0.246846,0.694714,-0.194008,40.92859,178.7122,14.17217,0,False,False
83.9715,-0.026307,1.652524,-0.069008,342.0319,182.5835,359.2545,0,0,0,0,0,0,-0.246982,0.694773,-0.194042,40.94321,178.6962,14.18108,0,False,False
83.98253,-0.026254,1.652518,-0.068922,342.036,182.5323,359.261,0,0,0,0,0,0,-0.247285,0.694892,-0.194087,40.96588,178.6861,14.20586,0,False,False
83.99361,-0.026194,1.652484,-0.068788,342.0246,182.4874,359.2874,0,0,0,0,0,0,-0.247457,0.694888,-0.194042,40.97136,178.6859,14.24091,0,False,False
84.00482,-0.026167,1.652505,-0.068633,342.0356,182.4262,359.3073,0,0,0,0,0,0,-0.247629,0.694885,-0.193999,40.95559,178.6777,14.26651,0,False,False
84.01592,-0.026094,1.652433,-0.068472,342.0231,182.3604,359.3359,0,0,0,0,0,0,-0.247734,0.694961,-0.193931,40.9369,178.677,14.29172,0,False,False
84.02693,-0.025996,1.652465,-0.068386,342.0349,182.3095,359.3538,0,0,0,0,0,0,-0.247861,0.695057,-0.193935,40.91565,178.6634,14.3059,0,False,False
84.03812,-0.025912,1.652435,-0.06828,342.0271,182.2522,359.3709,0,0,0,0,0,0,-0.248054,0.695159,-0.193916,40.90552,178.6698,14.32303,0,False,False
84.04924,-0.025818,1.652454,-0.068204,342.0405,182.1941,359.3803,0,0,0,0,0,0,-0.248163,0.695233,-0.19389,40.9066,178.6662,14.32176,0,False,False
84.06027,-0.025763,1.652461,-0.068092,342.0358,182.1362,359.3957,0,0,0,0,0,0,-0.24832,0.695355,-0.193867,40.9135,178.6575,14.32178,0,False,False
84.07137,-0.025694,1.652458,-0.068048,342.0509,182.0738,359.4015,0,0,0,0,0,0,-0.248379,0.695355,-0.193754,40.93276,178.6431,14.34487,0,False,False
84.08257,-0.025627,1.652423,-0.067937,342.0497,182.0188,359.4134,0,0,0,0,0,0,-0.248534,0.69544,-0.19369,40.95791,178.6237,14.34561,0,False,False
84.09362,-0.025565,1.65241,-0.067825,342.0646,181.983,359.4218,0,0,0,0,0,0,-0.248589,0.695482,-0.193583,40.97433,178.6008,14.35744,0,False,False
84.10474,-0.025525,1.652377,-0.067741,342.0865,181.9357,359.4475,0,0,0,0,0,0,-0.248824,0.695535,-0.193504,40.9892,178.584,14.36257,0,False,False
84.11591,-0.025458,1.652354,-0.067632,342.1039,181.8877,359.4572,0,0,0,0,0,0,-0.248928,0.695581,-0.193382,41.01223,178.5648,14.35877,0,False,False
84.12696,-0.025376,1.652367,-0.067533,342.1231,181.8457,359.4673,0,0,0,0,0,0,-0.249071,0.695611,-0.193221,41.02674,178.5485,14.34589,0,False,False
84.13828,-0.025284,1.652328,-0.067389,342.1082,181.8036,359.4899,0,0,0,0,0,0,-0.249223,0.695556,-0.193122,41.03243,178.5474,14.33289,0,False,False
84.14916,-0.025266,1.652308,-0.06729,342.1283,181.7627,359.5065,0,0,0,0,0,0,-0.249294,0.695616,-0.193109,41.03544,178.5418,14.33495,0,False,False
84.16034,-0.025177,1.652341,-0.067172,342.1295,181.7258,359.5153,0,0,0,0,0,0,-0.249479,0.695702,-0.193007,41.0298,178.5502,14.35685,0,False,False
84.1716,-0.025138,1.652306,-0.067047,342.1355,181.6948,359.5306,0,0,0,0,0,0,-0.249668,0.695742,-0.192823,41.01878,178.5654,14.38324,0,False,False
84.18262,-0.025079,1.652285,-0.066931,342.1404,181.6658,359.5374,0,0,0,0,0,0,-0.24981,0.695808,-0.192734,41.00826,178.5846,14.40596,0,False,False
84.1937,-0.024999,1.652265,-0.066785,342.1514,181.6251,359.5576,0,0,0,0,0,0,-0.24996,0.695823,-0.192572,41.0005,178.6189,14.4089,0,False,False
84.2047,-0.02491,1.652262,-0.06662,342.1539,181.5953,359.5719,0,0,0,0,0,0,-0.250059,0.695906,-0.192487,41.00409,178.6458,14.40448,0,False,False
84.21572,-0.024829,1.652274,-0.066484,342.1587,181.5678,359.5866,0,0,0,0,0,0,-0.250226,0.69601,-0.192318,40.99989,178.6606,14.41621,0,False,False
84.2269,-0.024798,1.652253,-0.066399,342.1719,181.5332,359.5984,0,0,0,0,0,0,-0.250318,0.696092,-0.192122,41.01149,178.6721,14.41223,0,False,False
84.23809,-0.024713,1.652254,-0.066276,342.1728,181.508,359.6073,0,0,0,0,0,0,-0.250557,0.696143,-0.19205,41.03082,178.6727,14.41452,0,False,False
84.24923,-0.024622,1.652219,-0.066102,342.1736,181.4775,359.6218,0,0,0,0,0,0,-0.250716,0.696132,-0.191945,41.04508,178.6544,14.40686,0,False,False
84.26018,-0.024588,1.652215,-0.065918,342.1858,181.4625,359.6263,0,0,0,0,0,0,-0.250894,0.696232,-0.191669,41.04219,178.6671,14.41881,0,False,False
84.27142,-0.024467,1.652174,-0.065763,342.1956,181.4405,359.635,0,0,0,0,0,0,-0.251017,0.69615,-0.191493,41.04665,178.6832,14.42668,0,False,False
84.28251,-0.02442,1.652175,-0.06559,342.2003,181.4201,359.6423,0,0,0,0,0,0,-0.25123,0.696173,-0.191144,41.04029,178.7175,14.44364,0,False,False
84.29366,-0.024294,1.652162,-0.065407,342.2202,181.4139,359.6464,0,0,0,0,0,0,-0.251326,0.696341,-0.190945,41.0403,178.7523,14.47202,0,False,False
84.30461,-0.024235,1.652143,-0.065256,342.2149,181.3999,359.6403,0,0,0,0,0,0,-0.251594,0.696321,-0.190653,41.03304,178.7869,14.50482,0,False,False
84.31574,-0.024193,1.652166,-0.065074,342.2158,181.3875,359.6599,0,0,0,0,0,0,-0.25173,0.696438,-0.190433,41.04035,178.8281,14.5372,0,False,False
84.32695,-0.024075,1.652156,-0.06485,342.2127,181.3743,359.6606,0,0,0,0,0,0,-0.251869,0.696393,-0.190141,41.06259,178.8549,14.52493,0,False,False
84.3379,-0.02398,1.652163,-0.064688,342.2176,181.3664,359.6667,0,0,0,0,0,0,-0.251937,0.696342,-0.190007,41.08147,178.8599,14.50188,0,False,False
84.34912,-0.023924,1.65217,-0.064455,342.2175,181.3609,359.6707,0,0,0,0,0,0,-0.251999,0.696338,-0.18974,41.1137,178.8455,14.47852,0,False,False
84.36012,-0.023838,1.652148,-0.064259,342.2119,181.3577,359.6737,0,0,0,0,0,0,-0.251964,0.696336,-0.189575,41.12452,178.8226,14.50282,0,False,False
84.37129,-0.023766,1.652141,-0.064065,342.2182,181.3399,359.6781,0,0,0,0,0,0,-0.251958,0.696352,-0.189339,41.12743,178.7884,14.52842,0,False,False
84.38242,-0.023695,1.652112,-0.063875,342.209,181.3355,359.692,0,0,0,0,0,0,-0.25203,0.696318,-0.1891,41.12822,178.7941,14.54763,0,False,False
84.39362,-0.023615,1.652111,-0.063705,342.2146,181.3277,359.7019,0,0,0,0,0,0,-0.252115,0.696266,-0.188812,41.14025,178.7958,14.54515,0,False,False
84.40474,-0.023566,1.652102,-0.063572,342.2007,181.3018,359.7314,0,0,0,0,0,0,-0.2522,0.696253,-0.188518,41.14096,178.8095,14.53668,0,False,False
84.4157,-0.023526,1.652039,-0.063495,342.184,181.2838,359.7495,0,0,0,0,0,0,-0.252313,0.69625,-0.188307,41.16735,178.8271,14.54022,0,False,False
84.42682,-0.023467,1.652044,-0.063344,342.1918,181.262,359.762,0,0,0,0,0,0,-0.252545,0.696143,-0.188062,41.18886,178.8462,14.54677,0,False,False
84.43811,-0.023428,1.652058,-0.06321,342.1954,181.2655,359.7757,0,0,0,0,0,0,-0.252594,0.696163,-0.187925,41.20844,178.8611,14.55179,0,False,False
84.4492,-0.023391,1.652034,-0.063064,342.1904,181.2535,359.7906,0,0,0,0,0,0,-0.252697,0.696161,-0.187741,41.23586,178.855,14.56574,0,False,False
84.49212,-0.023186,1.651988,-0.062778,342.2082,181.2156,359.7721,0,0,0,0,0,0,-0.252971,0.696151,-0.186596,41.29585,178.9408,14.59131,0,False,False
84.49702,-0.023099,1.652023,-0.062718,342.2183,181.2079,359.7672,0,0,0,0,0,0,-0.253008,0.696156,-0.18649,41.30525,178.9541,14.60274,0,False,False
84.50195,-0.023021,1.65205,-0.06264,342.2356,181.1997,359.7691,0,0,0,0,0,0,-0.253018,0.69614,-0.186379,41.31769,178.9536,14.60933,0,False,False
84.5107,-0.022942,1.652026,-0.06255,342.2359,181.1912,359.7751,0,0,0,0,0,0,-0.252895,0.696097,-0.186212,41.34022,178.9269,14.61603,0,False,False
84.5219,-0.022868,1.652079,-0.062451,342.236,181.1774,359.788,0,0,0,0,0,0,-0.252913,0.696151,-0.186068,41.36346,178.909,14.61636,0,False,False
84.53291,-0.022792,1.652088,-0.062358,342.2408,181.1577,359.8269,0,0,0,0,0,0,-0.252853,0.696144,-0.186019,41.37672,178.8839,14.6095,0,False,False
84.5441,-0.022701,1.652066,-0.062277,342.266,181.1638,359.8381,0,0,0,0,0,0,-0.252851,0.696122,-0.185883,41.37964,178.8699,14.59277,0,False,False
84.55524,-0.022668,1.652036,-0.062254,342.2841,181.1436,359.8643,0,0,0,0,0,0,-0.252862,0.696091,-0.185775,41.38261,178.873,14.57043,0,False,False
84.56633,-0.0226,1.651999,-0.062151,342.3039,181.1438,359.8711,0,0,0,0,0,0,-0.252866,0.696063,-0.18567,41.38198,178.8754,14.54204,0,False,False
84.5773,-0.022545,1.651999,-0.062064,342.3249,181.1298,359.8852,0,0,0,0,0,0,-0.252848,0.696106,-0.185631,41.3746,178.8863,14.52883,0,False,False
84.58863,-0.022451,1.651996,-0.062022,342.3433,181.1349,359.8784,0,0,0,0,0,0,-0.252855,0.696124,-0.185571,41.34733,178.9017,14.53795,0,False,False
84.59951,-0.022352,1.651928,-0.061947,342.3399,181.1288,359.8925,0,0,0,0,0,0,-0.252821,0.696063,-0.18549,41.33536,178.9257,14.57091,0,False,False
84.61072,-0.022218,1.651937,-0.061774,342.359,181.1237,359.8792,0,0,0,0,0,0,-0.25281,0.696067,-0.185419,41.32874,178.9514,14.5795,0,False,False
84.62186,-0.022175,1.651938,-0.06168,342.3713,181.1075,359.877,0,0,0,0,0,0,-0.252631,0.696066,-0.185295,41.32275,178.981,14.57001,0,False,False
84.63293,-0.02215,1.651946,-0.061568,342.3657,181.1022,359.8878,0,0,0,0,0,0,-0.252693,0.696061,-0.185158,41.33294,179.0127,14.57232,0,False,False
84.64394,-0.02211,1.651934,-0.061472,342.3729,181.1139,359.8727,0,0,0,0,0,0,-0.252636,0.69608,-0.18508,41.33002,179.0301,14.56447,0,False,False
84.65524,-0.022094,1.651936,-0.061362,342.3726,181.1097,359.8629,0,0,0,0,0,0,-0.252605,0.696152,-0.184996,41.33356,179.0013,14.53943,0,False,False
84.66628,-0.022115,1.651902,-0.061374,342.3864,181.11,359.8632,0,0,0,0,0,0,-0.252557,0.696159,-0.184882,41.32529,178.9916,14.53885,0,False,False
84.67751,-0.022097,1.651879,-0.061288,342.3747,181.1245,359.8608,0,0,0,0,0,0,-0.252441,0.696085,-0.184825,41.32683,178.9417,14.51556,0,False,False
84.68852,-0.02202,1.651921,-0.061159,342.3668,181.1278,359.8661,0,0,0,0,0,0,-0.252308,0.696058,-0.184791,41.32172,178.9125,14.49439,0,False,False
84.69954,-0.021982,1.651891,-0.061068,342.3888,181.123,359.8742,0,0,0,0,0,0,-0.252222,0.695989,-0.184742,41.31675,178.8874,14.44427,0,False,False
84.71072,-0.021959,1.651856,-0.060974,342.3727,181.1299,359.8586,0,0,0,0,0,0,-0.252099,0.695941,-0.184656,41.30973,178.8748,14.4228,0,False,False
84.72174,-0.021863,1.651877,-0.06082,342.3763,181.1405,359.8349,0,0,0,0,0,0,-0.25194,0.695949,-0.18471,41.295,178.8655,14.41126,0,False,False
84.73294,-0.021846,1.651886,-0.060733,342.3571,181.1535,359.8263,0,0,0,0,0,0,-0.251748,0.695958,-0.184703,41.28132,178.8723,14.45026,0,False,False
84.74388,-0.021814,1.651941,-0.060653,342.345,181.1632,359.8031,0,0,0,0,0,0,-0.251703,0.695985,-0.184625,41.27197,178.8921,14.4689,0,False,False
84.75522,-0.021811,1.651953,-0.060541,342.345,181.1589,359.8089,0,0,0,0,0,0,-0.251564,0.695986,-0.184581,41.29153,178.9111,14.4567,0,False,False
84.76616,-0.021803,1.651977,-0.060431,342.3401,181.1584,359.801,0,0,0,0,0,0,-0.251504,0.695956,-0.184478,41.29754,178.9363,14.45117,0,False,False
84.77721,-0.021768,1.651965,-0.06035,342.3349,181.151,359.805,0,0,0,0,0,0,-0.251402,0.695932,-0.184385,41.30793,178.9319,14.4417,0,False,False
84.78865,-0.021726,1.651973,-0.060192,342.3412,181.1531,359.8102,0,0,0,0,0,0,-0.251356,0.69585,-0.184317,41.31126,178.93,14.45063,0,False,False
84.79947,-0.021676,1.651905,-0.060136,342.3413,181.1512,359.794,0,0,0,0,0,0,-0.251324,0.695987,-0.184227,41.3061,178.8906,14.44413,0,False,False
84.81059,-0.021667,1.651903,-0.060046,342.3511,181.1335,359.7919,0,0,0,0,0,0,-0.251206,0.695939,-0.184148,41.31638,178.8443,14.42394,0,False,False
84.82168,-0.021612,1.651883,-0.060055,342.3571,181.1301,359.7767,0,0,0,0,0,0,-0.25109,0.695842,-0.18414,41.31146,178.8069,14.40031,0,False,False
84.83296,-0.021571,1.65188,-0.059999,342.3259,181.121,359.7696,0,0,0,0,0,0,-0.250899,0.695858,-0.184174,41.32079,178.7819,14.36565,0,False,False
84.84391,-0.02151,1.651838,-0.059949,342.3245,181.0973,359.7705,0,0,0,0,0,0,-0.250807,0.695778,-0.184171,41.32925,178.7685,14.33068,0,False,False
84.8553,-0.021493,1.65185,-0.059902,342.3,181.0722,359.7737,0,0,0,0,0,0,-0.250688,0.695755,-0.184202,41.33206,178.7627,14.31012,0,False,False
84.86616,-0.021463,1.651811,-0.059759,342.2982,181.0484,359.784,0,0,0,0,0,0,-0.250588,0.695711,-0.184128,41.33153,178.772,14.33334,0,False,False
84.87717,-0.021455,1.651851,-0.059628,342.3047,181.0225,359.7834,0,0,0,0,0,0,-0.250508,0.695677,-0.184127,41.3213,178.7699,14.35307,0,False,False
84.88848,-0.02137,1.651819,-0.059527,342.31,181.0059,359.7813,0,0,0,0,0,0,-0.250395,0.695717,-0.18413,41.31164,178.7872,14.366,0,False,False
84.89942,-0.021322,1.651767,-0.059458,342.3193,180.9836,359.7814,0,0,0,0,0,0,-0.250414,0.695586,-0.184089,41.29921,178.8071,14.37342,0,False,False
84.91063,-0.021244,1.651764,-0.059347,342.3289,180.9627,359.7661,0,0,0,0,0,0,-0.250334,0.695569,-0.184149,41.29711,178.8375,14.3825,0,False,False
84.92218,-0.021216,1.651755,-0.059278,342.337,180.9537,359.7552,0,0,0,0,0,0,-0.250345,0.695452,-0.184137,41.29414,178.841,14.36638,0,False,False
84.93324,-0.021225,1.651751,-0.059208,342.3387,180.9317,359.7401,0,0,0,0,0,0,-0.250323,0.695446,-0.184045,41.28783,178.8343,14.35561,0,False,False
84.94468,-0.021174,1.651721,-0.059163,342.3346,180.912,359.7341,0,0,0,0,0,0,-0.250228,0.695424,-0.184026,41.28432,178.8115,14.33735,0,False,False
84.95609,-0.021141,1.651734,-0.059089,342.3459,180.8926,359.7372,0,0,0,0,0,0,-0.250283,0.695523,-0.18407,41.27624,178.7883,14.32426,0,False,False
84.96751,-0.021076,1.651698,-0.05902,342.356,180.8718,359.7362,0,0,0,0,0,0,-0.250161,0.695528,-0.184059,41.27485,178.7578,14.31923,0,False,False
84.97891,-0.02105,1.651703,-0.058953,342.3755,180.8524,359.73,0,0,0,0,0,0,-0.249988,0.695635,-0.184041,41.27059,178.7392,14.30528,0,False,False
84.99053,-0.021071,1.651676,-0.058911,342.3838,180.8328,359.7394,0,0,0,0,0,0,-0.250022,0.695609,-0.1841,41.26741,178.7368,14.28955,0,False,False
85.00173,-0.020982,1.65163,-0.058831,342.3927,180.8175,359.7227,0,0,0,0,0,0,-0.249931,0.695634,-0.184112,41.2603,178.7307,14.27616,0,False,False
85.01318,-0.02101,1.651565,-0.05879,342.4086,180.7952,359.7208,0,0,0,0,0,0,-0.250006,0.695668,-0.184245,41.24839,178.7421,14.28321,0,False,False
85.02472,-0.020957,1.651522,-0.058754,342.4203,180.7716,359.7141,0,0,0,0,0,0,-0.249954,0.695648,-0.184228,41.23586,178.7486,14.28133,0,False,False
85.03611,-0.02094,1.651479,-0.058692,342.4023,180.756,359.6982,0,0,0,0,0,0,-0.249896,0.695571,-0.184168,41.23035,178.7505,14.28326,0,False,False
85.0474,-0.020897,1.651441,-0.058667,342.4011,180.7454,359.6969,0,0,0,0,0,0,-0.249859,0.695467,-0.184199,41.223,178.764,14.28804,0,False,False
85.05888,-0.020868,1.651405,-0.058612,342.4099,180.728,359.6933,0,0,0,0,0,0,-0.249841,0.695408,-0.184225,41.22098,178.7676,14.30402,0,False,False
85.07037,-0.020859,1.651403,-0.058603,342.4306,180.7189,359.6858,0,0,0,0,0,0,-0.249782,0.695431,-0.184184,41.22207,178.7788,14.30692,0,False,False
85.08167,-0.020855,1.651384,-0.05862,342.4318,180.707,359.6891,0,0,0,0,0,0,-0.249852,0.695419,-0.1844,41.23995,178.7947,14.27181,0,False,False
85.09309,-0.02081,1.651394,-0.058577,342.4383,180.6962,359.6763,0,0,0,0,0,0,-0.249811,0.695379,-0.18441,41.25296,178.81,14.23823,0,False,False
85.10442,-0.020766,1.651381,-0.058578,342.4348,180.6864,359.6663,0,0,0,0,0,0,-0.249607,0.69543,-0.184402,41.2538,178.788,14.20434,0,False,False
85.11546,-0.020699,1.651374,-0.058504,342.4403,180.6789,359.6569,0,0,0,0,0,0,-0.249466,0.695472,-0.18441,41.2456,178.7678,14.20856,0,False,False
85.1266,-0.02065,1.651368,-0.058473,342.4438,180.6636,359.6646,0,0,0,0,0,0,-0.249271,0.695453,-0.184445,41.223,178.7542,14.213,0,False,False
85.13763,-0.020597,1.65135,-0.058463,342.4534,180.6671,359.6466,0,0,0,0,0,0,-0.249174,0.695459,-0.18442,41.19673,178.7219,14.20573,0,False,False
85.14906,-0.020586,1.651322,-0.058451,342.4636,180.667,359.6398,0,0,0,0,0,0,-0.24906,0.695463,-0.18439,41.19181,178.6966,14.18874,0,False,False
85.15993,-0.020575,1.651283,-0.058437,342.4945,180.6672,359.6432,0,0,0,0,0,0,-0.249085,0.695345,-0.184266,41.18174,178.7113,14.1741,0,False,False
85.17097,-0.020559,1.651255,-0.058407,342.506,180.6751,359.6463,0,0,0,0,0,0,-0.249057,0.69531,-0.184231,41.19436,178.7298,14.14128,0,False,False
85.18233,-0.020547,1.651269,-0.058478,342.5293,180.6858,359.6457,0,0,0,0,0,0,-0.249146,0.695319,-0.184274,41.20252,178.7401,14.11494,0,False,False
85.19324,-0.020524,1.651252,-0.058487,342.5272,180.6914,359.6467,0,0,0,0,0,0,-0.249162,0.69533,-0.184291,41.19935,178.7561,14.11724,0,False,False
85.20433,-0.02052,1.651243,-0.058553,342.5327,180.7059,359.6409,0,0,0,0,0,0,-0.2491,0.695437,-0.184325,41.18409,178.7722,14.14003,0,False,False
85.21546,-0.0205,1.651204,-0.058559,342.5473,180.7114,359.641,0,0,0,0,0,0,-0.249119,0.695458,-0.184289,41.18345,178.7858,14.15261,0,False,False
85.22659,-0.020479,1.651188,-0.058656,342.5758,180.7175,359.6409,0,0,0,0,0,0,-0.249055,0.69539,-0.184224,41.17681,178.7954,14.15344,0,False,False
85.23766,-0.020425,1.651165,-0.058679,342.6122,180.7165,359.6523,0,0,0,0,0,0,-0.248913,0.695406,-0.184124,41.18367,178.7855,14.11651,0,False,False
85.24869,-0.020414,1.651118,-0.058721,342.6392,180.7081,359.6606,0,0,0,0,0,0,-0.248899,0.695402,-0.184084,41.19998,178.783,14.10266,0,False,False
85.25986,-0.020372,1.651117,-0.058791,342.6857,180.7124,359.6806,0,0,0,0,0,0,-0.24884,0.695341,-0.183974,41.20362,178.7715,14.09225,0,False,False
85.27112,-0.020355,1.65107,-0.058921,342.6951,180.7106,359.6846,0,0,0,0,0,0,-0.248839,0.69535,-0.183943,41.20738,178.76,14.07323,0,False,False
85.28231,-0.02039,1.651046,-0.059036,342.708,180.7063,359.6827,0,0,0,0,0,0,-0.248829,0.695289,-0.183918,41.20153,178.7628,14.05336,0,False,False
85.29331,-0.020381,1.651005,-0.059149,342.7376,180.7089,359.67,0,0,0,0,0,0,-0.24891,0.695214,-0.183971,41.19534,178.7814,14.04714,0,False,False
85.30432,-0.020437,1.65099,-0.059262,342.7708,180.707,359.6411,0,0,0,0,0,0,-0.248982,0.695217,-0.183908,41.19449,178.8192,14.04588,0,False,False
85.31542,-0.020483,1.650949,-0.059413,342.7969,180.7151,359.615,0,0,0,0,0,0,-0.2491,0.695257,-0.18387,41.20684,178.8542,14.03917,0,False,False
85.32654,-0.02045,1.650907,-0.05954,342.8347,180.7304,359.5941,0,0,0,0,0,0,-0.249168,0.695236,-0.183784,41.21869,178.8795,14.04509,0,False,False
85.33761,-0.020468,1.650859,-0.059681,342.8692,180.7348,359.586,0,0,0,0,0,0,-0.249137,0.695191,-0.183813,41.23716,178.8891,14.07068,0,False,False
85.34875,-0.020441,1.650738,-0.059862,342.9077,180.7388,359.5846,0,0,0,0,0,0,-0.249164,0.695162,-0.183724,41.24677,178.8924,14.09576,0,False,False
85.35971,-0.02044,1.650661,-0.059979,342.9423,180.7401,359.5869,0,0,0,0,0,0,-0.249199,0.695137,-0.183646,41.25806,178.8919,14.10902,0,False,False
85.37112,-0.020464,1.650616,-0.060091,342.9874,180.7484,359.5992,0,0,0,0,0,0,-0.249294,0.695071,-0.183546,41.2705,178.8823,14.10081,0,False,False
85.38205,-0.020457,1.650553,-0.060264,343.0239,180.7476,359.6103,0,0,0,0,0,0,-0.249412,0.695081,-0.183588,41.29447,178.8789,14.06832,0,False,False
85.39315,-0.020478,1.650486,-0.060414,343.0526,180.7427,359.6119,0,0,0,0,0,0,-0.249362,0.695048,-0.183578,41.29574,178.8859,14.05826,0,False,False
85.40417,-0.020427,1.65042,-0.060552,343.0957,180.7488,359.6147,0,0,0,0,0,0,-0.249455,0.695074,-0.183616,41.30827,178.8756,14.04241,0,False,False
85.41536,-0.020423,1.650347,-0.0607,343.1366,180.7498,359.6258,0,0,0,0,0,0,-0.249571,0.695017,-0.183467,41.30207,178.8728,14.05964,0,False,False
85.42642,-0.020352,1.650265,-0.060749,343.1916,180.74,359.6422,0,0,0,0,0,0,-0.249623,0.694993,-0.183382,41.3083,178.8916,14.07759,0,False,False
85.43752,-0.020362,1.650218,-0.060889,343.2461,180.7355,359.6523,0,0,0,0,0,0,-0.249618,0.694829,-0.183409,41.31078,178.9239,14.1096,0,False,False
85.44884,-0.020373,1.650196,-0.061036,343.2899,180.7187,359.6615,0,0,0,0,0,0,-0.249738,0.694786,-0.183439,41.3302,178.9626,14.12064,0,False,False
85.4598,-0.020332,1.650095,-0.061191,343.3365,180.7015,359.6657,0,0,0,0,0,0,-0.249924,0.694777,-0.183516,41.35688,178.9824,14.11929,0,False,False
85.47085,-0.020322,1.650062,-0.06136,343.377,180.7005,359.677,0,0,0,0,0,0,-0.24994,0.694826,-0.183577,41.35336,178.9929,14.11164,0,False,False
85.48209,-0.020357,1.649979,-0.061571,343.4196,180.6823,359.6629,0,0,0,0,0,0,-0.249935,0.694762,-0.183502,41.36176,178.9914,14.10672,0,False,False
85.493,-0.02037,1.649898,-0.06173,343.4672,180.6762,359.6496,0,0,0,0,0,0,-0.249954,0.694832,-0.183586,41.35917,178.9572,14.09726,0,False,False
85.50444,-0.020364,1.649817,-0.061902,343.5231,180.6677,359.6458,0,0,0,0,0,0,-0.250019,0.694784,-0.18361,41.36966,178.9381,14.08986,0,False,False
85.51526,-0.020444,1.649777,-0.062081,343.5964,180.6501,359.6517,0,0,0,0,0,0,-0.250026,0.694895,-0.18361,41.36946,178.9328,14.10525,0,False,False
85.52652,-0.020495,1.649648,-0.062232,343.6558,180.6275,359.6638,0,0,0,0,0,0,-0.250119,0.694801,-0.183674,41.37916,178.92,14.08841,0,False,False
85.53748,-0.020543,1.649548,-0.062379,343.7444,180.6191,359.6585,0,0,0,0,0,0,-0.250098,0.694749,-0.183607,41.38707,178.9309,14.0841,0,False,False
85.54865,-0.020518,1.649386,-0.06257,343.8235,180.6021,359.6587,0,0,0,0,0,0,-0.250097,0.694626,-0.183608,41.37976,178.9435,14.08585,0,False,False
85.55965,-0.020538,1.649299,-0.062759,343.8907,180.6087,359.6346,0,0,0,0,0,0,-0.25013,0.694607,-0.183613,41.393,178.9465,14.07411,0,False,False
85.57087,-0.020546,1.649176,-0.062938,343.9646,180.6017,359.6068,0,0,0,0,0,0,-0.250034,0.694521,-0.183667,41.40609,178.9414,14.06612,0,False,False
85.58186,-0.020531,1.649094,-0.063125,344.0365,180.5954,359.5933,0,0,0,0,0,0,-0.24998,0.694446,-0.1836,41.42236,178.931,14.06678,0,False,False
85.59303,-0.02057,1.648945,-0.063341,344.1327,180.5726,359.5902,0,0,0,0,0,0,-0.249969,0.694391,-0.183563,41.43917,178.9292,14.09191,0,False,False
85.60419,-0.020569,1.648851,-0.063558,344.2358,180.5425,359.5912,0,0,0,0,0,0,-0.249813,0.694382,-0.183524,41.45341,178.9218,14.09812,0,False,False
85.61538,-0.020558,1.648688,-0.063784,344.3516,180.5277,359.6021,0,0,0,0,0,0,-0.249834,0.694329,-0.183576,41.48072,178.9144,14.09864,0,False,False
85.62635,-0.020532,1.648492,-0.064004,344.4782,180.5053,359.5982,0,0,0,0,0,0,-0.249853,0.694289,-0.183632,41.48664,178.9037,14.08198,0,False,False
85.63738,-0.020508,1.648249,-0.064334,344.6279,180.4698,359.5893,0,0,0,0,0,0,-0.249867,0.694238,-0.183767,41.49371,178.89,14.07534,0,False,False
85.6486,-0.020507,1.648113,-0.064573,344.7604,180.4398,359.5799,0,0,0,0,0,0,-0.249817,0.69423,-0.183823,41.48514,178.8755,14.05989,0,False,False
85.65961,-0.020509,1.648047,-0.064867,344.8737,180.4053,359.5664,0,0,0,0,0,0,-0.249906,0.69423,-0.183917,41.47216,178.8521,14.04478,0,False,False
85.67082,-0.02045,1.647904,-0.06514,344.9662,180.3709,359.5633,0,0,0,0,0,0,-0.249874,0.694222,-0.184011,41.45742,178.8145,14.03264,0,False,False
85.68202,-0.020453,1.647715,-0.065413,345.0893,180.3288,359.5585,0,0,0,0,0,0,-0.249831,0.694177,-0.184073,41.45393,178.8021,14.03769,0,False,False
85.69316,-0.020445,1.647514,-0.065724,345.2136,180.2926,359.5562,0,0,0,0,0,0,-0.249774,0.694138,-0.184055,41.46581,178.7871,14.02615,0,False,False
85.7042,-0.020408,1.647268,-0.065961,345.3674,180.2695,359.5664,0,0,0,0,0,0,-0.249718,0.694117,-0.184118,41.48204,178.792,14.0206,0,False,False
85.71529,-0.02042,1.646989,-0.06623,345.5373,180.2372,359.5811,0,0,0,0,0,0,-0.24972,0.694121,-0.184211,41.49871,178.7948,14.00628,0,False,False
85.72651,-0.020404,1.646694,-0.066443,345.7418,180.1999,359.594,0,0,0,0,0,0,-0.249777,0.694051,-0.184271,41.50106,178.8171,14.0156,0,False,False
85.7375,-0.02037,1.646401,-0.0667,345.9567,180.1819,359.5961,0,0,0,0,0,0,-0.249789,0.694125,-0.184379,41.49446,178.8266,14.01523,0,False,False
85.74857,-0.020396,1.646099,-0.067023,346.1494,180.1615,359.592,0,0,0,0,0,0,-0.249758,0.694153,-0.184416,41.48059,178.8139,13.99709,0,False,False
85.75963,-0.020388,1.645873,-0.067274,346.3463,180.1406,359.5755,0,0,0,0,0,0,-0.249772,0.694174,-0.184427,41.45765,178.8147,14.00613,0,False,False
85.77073,-0.020371,1.645608,-0.067541,346.5204,180.1042,359.5724,0,0,0,0,0,0,-0.249709,0.694223,-0.184527,41.45509,178.8022,13.99974,0,False,False
85.78194,-0.020312,1.645278,-0.067793,346.7358,180.0816,359.5417,0,0,0,0,0,0,-0.24968,0.694247,-0.184538,41.47073,178.7802,14.00863,0,False,False
85.79297,-0.020337,1.644908,-0.068043,346.9409,180.0471,359.534,0,0,0,0,0,0,-0.249625,0.694313,-0.184552,41.48833,178.7614,13.99627,0,False,False
85.80414,-0.020331,1.644536,-0.068278,347.1877,180.0202,359.5345,0,0,0,0,0,0,-0.24961,0.6943,-0.184545,41.52262,178.7433,13.98925,0,False,False
85.81512,-0.020239,1.644111,-0.068533,347.4378,179.9902,359.5426,0,0,0,0,0,0,-0.249613,0.694296,-0.184506,41.53674,178.7261,13.98384,0,False,False
85.82629,-0.020226,1.643691,-0.068792,347.7299,179.9615,359.5587,0,0,0,0,0,0,-0.249674,0.694325,-0.184595,41.54248,178.7182,13.97237,0,False,False
85.83737,-0.020136,1.643288,-0.069062,348.0298,179.9449,359.5744,0,0,0,0,0,0,-0.249688,0.69439,-0.184795,41.54139,178.7117,13.96152,0,False,False
85.84844,-0.020102,1.642849,-0.069304,348.3495,179.9261,359.5977,0,0,0,0,0,0,-0.24965,0.694337,-0.184853,41.52707,178.7028,13.96175,0,False,False
85.85977,-0.020073,1.642492,-0.069634,348.6574,179.8909,359.5983,0,0,0,0,0,0,-0.249692,0.694369,-0.184904,41.51262,178.7079,13.96148,0,False,False
85.87065,-0.02006,1.642127,-0.06994,348.9207,179.8776,359.576,0,0,0,0,0,0,-0.249697,0.69422,-0.18498,41.5139,178.7144,13.96604,0,False,False
85.88177,-0.020069,1.641769,-0.070278,349.1599,179.843,359.5499,0,0,0,0,0,0,-0.249769,0.694231,-0.185034,41.51066,178.739,13.99778,0,False,False
85.89285,-0.020077,1.641374,-0.070593,349.4365,179.8073,359.5302,0,0,0,0,0,0,-0.249949,0.694259,-0.185047,41.53627,178.738,14.01356,0,False,False
85.9041,-0.020061,1.640982,-0.070928,349.7231,179.7819,359.5186,0,0,0,0,0,0,-0.250089,0.694333,-0.185163,41.56083,178.7466,14.03207,0,False,False
85.91521,-0.020059,1.640525,-0.071242,350.0363,179.7353,359.5232,0,0,0,0,0,0,-0.250132,0.694354,-0.185156,41.56461,178.7594,14.06254,0,False,False
85.92623,-0.019993,1.640013,-0.071523,350.3773,179.7088,359.5279,0,0,0,0,0,0,-0.25014,0.694413,-0.185265,41.56815,178.7648,14.06292,0,False,False
85.93735,-0.019956,1.639473,-0.071767,350.761,179.6764,359.5336,0,0,0,0,0,0,-0.250114,0.694537,-0.185314,41.54247,178.7731,14.05725,0,False,False
85.94856,-0.019925,1.638829,-0.07196,351.1673,179.6511,359.554,0,0,0,0,0,0,-0.250138,0.694569,-0.185388,41.50386,178.7822,14.04232,0,False,False
85.95959,-0.019902,1.63819,-0.072195,351.61,179.6248,359.5654,0,0,0,0,0,0,-0.25018,0.694676,-0.185507,41.46616,178.793,14.02916,0,False,False
85.97061,-0.019929,1.63747,-0.072559,352.0716,179.6024,359.5866,0,0,0,0,0,0,-0.250268,0.694768,-0.185618,41.43343,178.8016,14.02209,0,False,False
85.98174,-0.019908,1.636782,-0.072837,352.538,179.5947,359.5951,0,0,0,0,0,0,-0.250409,0.694848,-0.18574,41.40934,178.7918,14.00903,0,False,False
85.99293,-0.019906,1.63616,-0.073123,352.985,179.5822,359.605,0,0,0,0,0,0,-0.250475,0.69486,-0.185721,41.40407,178.7951,14.02338,0,False,False
86.00393,-0.01985,1.635528,-0.073447,353.4167,179.5702,359.5934,0,0,0,0,0,0,-0.250491,0.694871,-0.185823,41.4103,178.799,14.0571,0,False,False
86.01507,-0.019861,1.634884,-0.073767,353.8549,179.5664,359.5729,0,0,0,0,0,0,-0.250568,0.69487,-0.185883,41.44274,178.7907,14.09216,0,False,False
86.02613,-0.019833,1.634225,-0.074104,354.2915,179.5611,359.5621,0,0,0,0,0,0,-0.250566,0.694843,-0.185889,41.4618,178.7928,14.12496,0,False,False
86.03724,-0.019847,1.633607,-0.074368,354.7434,179.5681,359.5553,0,0,0,0,0,0,-0.250523,0.694797,-0.185937,41.48868,178.7862,14.13376,0,False,False
86.04842,-0.019819,1.632884,-0.074652,355.1999,179.5757,359.5541,0,0,0,0,0,0,-0.250432,0.694822,-0.185989,41.49576,178.781,14.14592,0,False,False
86.05953,-0.019778,1.632186,-0.074941,355.6648,179.5893,359.5568,0,0,0,0,0,0,-0.250433,0.69483,-0.186011,41.47557,178.7887,14.14001,0,False,False
86.07072,-0.019798,1.631512,-0.075212,356.137,179.5893,359.5631,0,0,0,0,0,0,-0.250442,0.694916,-0.186126,41.44461,178.8073,14.12543,0,False,False
86.0817,-0.019742,1.630737,-0.075591,356.5956,179.6073,359.558,0,0,0,0,0,0,-0.250451,0.695088,-0.18627,41.38583,178.8226,14.1026,0,False,False
86.09287,-0.019776,1.630024,-0.075932,357.0462,179.6134,359.5533,0,0,0,0,0,0,-0.250459,0.695348,-0.186611,41.34102,178.8235,14.08479,0,False,False
86.10394,-0.019745,1.629341,-0.076284,357.5183,179.6431,359.5475,0,0,0,0,0,0,-0.250398,0.695438,-0.186756,41.28968,178.817,14.08705,0,False,False
86.1151,-0.019829,1.628657,-0.076619,357.9879,179.6529,359.5504,0,0,0,0,0,0,-0.250394,0.69566,-0.186968,41.25868,178.8167,14.08504,0,False,False
86.12622,-0.019864,1.627969,-0.076995,358.4618,179.6778,359.5351,0,0,0,0,0,0,-0.250298,0.69565,-0.187078,41.23663,178.8121,14.08471,0,False,False
86.13725,-0.019906,1.627265,-0.077315,358.9147,179.7192,359.5288,0,0,0,0,0,0,-0.25021,0.695722,-0.187129,41.21638,178.809,14.08397,0,False,False
86.14842,-0.019943,1.626586,-0.077636,359.3656,179.7628,359.5172,0,0,0,0,0,0,-0.250195,0.695763,-0.18727,41.20779,178.8306,14.09989,0,False,False
86.15952,-0.020082,1.625987,-0.07805,359.7699,179.7961,359.4863,0,0,0,0,0,0,-0.25017,0.695803,-0.187272,41.1907,178.849,14.10418,0,False,False
86.1706,-0.020151,1.625385,-0.078391,0.173379,179.8391,359.4437,0,0,0,0,0,0,-0.25022,0.69582,-0.187399,41.17603,178.8611,14.10536,0,False,False
86.18172,-0.020294,1.624823,-0.078694,0.57648,179.8914,359.388,0,0,0,0,0,0,-0.250129,0.695847,-0.187381,41.16924,178.8558,14.09776,0,False,False
86.19283,-0.020344,1.62417,-0.07904,0.986821,179.9342,359.3584,0,0,0,0,0,0,-0.250023,0.695877,-0.187395,41.16449,178.8231,14.08854,0,False,False
86.20387,-0.020442,1.623522,-0.07933,1.397206,179.978,359.3215,0,0,0,0,0,0,-0.249929,0.696004,-0.187414,41.16911,178.8064,14.09847,0,False,False
86.21512,-0.020458,1.622763,-0.079638,1.833989,180.0435,359.3062,0,0,0,0,0,0,-0.249923,0.69598,-0.187294,41.16145,178.7853,14.08169,0,False,False
86.22609,-0.02055,1.621936,-0.080096,2.290924,180.1037,359.2935,0,0,0,0,0,0,-0.249903,0.696066,-0.187329,41.16145,178.7591,14.03928,0,False,False
86.2375,-0.020699,1.621163,-0.080455,2.788187,180.1711,359.2928,0,0,0,0,0,0,-0.249855,0.696122,-0.187308,41.15329,178.7347,13.99223,0,False,False
86.24826,-0.020776,1.620367,-0.080776,3.265552,180.2448,359.2916,0,0,0,0,0,0,-0.24975,0.696237,-0.187307,41.14056,178.7226,13.96877,0,False,False
86.25952,-0.020909,1.619628,-0.081154,3.751313,180.2991,359.2761,0,0,0,0,0,0,-0.24959,0.69623,-0.187252,41.11617,178.7053,13.97778,0,False,False
86.27052,-0.020935,1.618912,-0.081539,4.177901,180.3615,359.2719,0,0,0,0,0,0,-0.249512,0.696272,-0.187198,41.0967,178.6976,13.99809,0,False,False
86.28159,-0.021006,1.618254,-0.081893,4.604238,180.4224,359.2542,0,0,0,0,0,0,-0.249501,0.696222,-0.187054,41.09832,178.7303,14.01903,0,False,False
86.29292,-0.021081,1.617584,-0.082315,5.039413,180.4589,359.2361,0,0,0,0,0,0,-0.24943,0.696222,-0.186973,41.11191,178.7356,14.02007,0,False,False
86.30386,-0.021134,1.616895,-0.082621,5.483292,180.5112,359.2337,0,0,0,0,0,0,-0.249479,0.696322,-0.186855,41.14012,178.7704,14.01967,0,False,False
86.31502,-0.021172,1.616219,-0.08293,5.921884,180.5655,359.2268,0,0,0,0,0,0,-0.249566,0.696255,-0.186618,41.16072,178.7933,14.03024,0,False,False
86.32611,-0.021217,1.615449,-0.083241,6.377953,180.6194,359.232,0,0,0,0,0,0,-0.249507,0.696206,-0.186439,41.17301,178.7889,14.02417,0,False,False
86.33726,-0.021322,1.614755,-0.083596,6.836985,180.6667,359.2343,0,0,0,0,0,0,-0.249512,0.696283,-0.186425,41.16808,178.7987,14.02032,0,False,False
86.34827,-0.021332,1.614035,-0.083906,7.270777,180.7216,359.2367,0,0,0,0,0,0,-0.249418,0.696329,-0.18635,41.156,178.7947,14.01803,0,False,False
86.35948,-0.021418,1.613452,-0.084331,7.665377,180.7626,359.2295,0,0,0,0,0,0,-0.249333,0.696346,-0.186278,41.14964,178.7687,13.97816,0,False,False
86.39833,-0.021535,1.611688,-0.085433,8.718955,180.8663,359.1795,0,0,0,0,0,0,-0.249191,0.696386,-0.185708,41.123,178.7684,13.94664,0,False,False
86.4166,-0.021597,1.610525,-0.086115,9.409633,180.9357,359.1364,0,0,0,0,0,0,-0.249303,0.696312,-0.185273,41.12944,178.7924,13.95668,0,False,False
86.42295,-0.021596,1.60991,-0.086458,9.767344,180.9733,359.1119,0,0,0,0,0,0,-0.249271,0.696303,-0.185172,41.1371,178.8086,13.96854,0,False,False
86.43414,-0.021623,1.609252,-0.086798,10.16043,181.0131,359.0877,0,0,0,0,0,0,-0.249323,0.696242,-0.184955,41.14901,178.8267,13.99188,0,False,False
86.44519,-0.021657,1.608678,-0.087176,10.53981,181.0522,359.0741,0,0,0,0,0,0,-0.249367,0.696211,-0.18467,41.16228,178.8574,14.03252,0,False,False
86.4565,-0.021654,1.608076,-0.087489,10.90391,181.0931,359.0552,0,0,0,0,0,0,-0.249376,0.696224,-0.184448,41.18746,178.8766,14.05484,0,False,False
86.46735,-0.021673,1.607499,-0.087849,11.246,181.1275,359.0187,0,0,0,0,0,0,-0.249379,0.696072,-0.184276,41.21469,178.8812,14.06184,0,False,False
86.50606,-0.021722,1.605704,-0.089058,12.287,181.1944,358.8942,0,0,0,0,0,0,-0.249337,0.695965,-0.183498,41.29545,178.8739,14.02317,0,False,False
86.51942,-0.021724,1.605095,-0.089456,12.64888,181.2151,358.8641,0,0,0,0,0,0,-0.249282,0.695993,-0.183179,41.30417,178.8267,14.01437,0,False,False
86.52479,-0.021706,1.604407,-0.089792,13.03113,181.2388,358.8285,0,0,0,0,0,0,-0.249249,0.695993,-0.183072,41.31035,178.8092,13.99968,0,False,False
86.53422,-0.021685,1.603694,-0.090101,13.4284,181.261,358.7963,0,0,0,0,0,0,-0.249169,0.695887,-0.182892,41.32226,178.7923,13.99848,0,False,False
86.54478,-0.021684,1.60295,-0.090357,13.8373,181.2745,358.7806,0,0,0,0,0,0,-0.249188,0.695921,-0.182665,41.32828,178.8056,13.99926,0,False,False
86.55569,-0.021617,1.602295,-0.090657,14.23498,181.3002,358.7453,0,0,0,0,0,0,-0.249219,0.695854,-0.182396,41.35339,178.8195,13.99602,0,False,False
86.56547,-0.021587,1.601728,-0.091002,14.55437,181.306,358.7076,0,0,0,0,0,0,-0.249232,0.695865,-0.18226,41.36604,178.8423,13.98,0,False,False
86.57675,-0.021541,1.601216,-0.091338,14.83545,181.3236,358.6522,0,0,0,0,0,0,-0.249258,0.695875,-0.182108,41.36898,178.8792,13.98389,0,False,False
86.58762,-0.021497,1.600781,-0.091763,15.10986,181.332,358.6072,0,0,0,0,0,0,-0.249282,0.695925,-0.18198,41.36081,178.9095,13.99684,0,False,False
86.59882,-0.021486,1.600358,-0.092114,15.3407,181.332,358.5556,0,0,0,0,0,0,-0.249242,0.695993,-0.181802,41.34369,178.9135,14.00495,0,False,False
86.61005,-0.021462,1.599899,-0.092395,15.58621,181.3453,358.5253,0,0,0,0,0,0,-0.249198,0.696125,-0.181744,41.35028,178.9126,13.99671,0,False,False
86.63229,-0.021376,1.599465,-0.092663,15.83134,181.3676,358.4987,0,0,0,0,0,0,-0.249165,0.696273,-0.181518,41.34558,178.9248,14.01014,0,False,False
86.63898,-0.021343,1.599004,-0.092891,16.08724,181.3806,358.4918,0,0,0,0,0,0,-0.249142,0.696227,-0.1815,41.3432,178.9357,14.01852,0,False,False
86.69972,-0.021108,1.597451,-0.094308,17.08575,181.4722,358.3821,0,0,0,0,0,0,-0.248839,0.696277,-0.180459,41.4293,178.9474,14.00451,0,False,False
86.70699,-0.021039,1.597244,-0.094558,17.20249,181.5112,358.3695,0,0,0,0,0,0,-0.248737,0.696228,-0.180215,41.4453,178.9394,13.9917,0,False,False
86.71199,-0.020931,1.597061,-0.09486,17.33643,181.5392,358.3736,0,0,0,0,0,0,-0.248643,0.696177,-0.180181,41.4533,178.9397,13.99515,0,False,False
86.72102,-0.02089,1.596902,-0.095245,17.43533,181.5652,358.3901,0,0,0,0,0,0,-0.24865,0.696126,-0.180043,41.48275,178.9266,13.98059,0,False,False
86.73214,-0.020881,1.596672,-0.095603,17.56765,181.5848,358.3935,0,0,0,0,0,0,-0.248567,0.695996,-0.179869,41.51453,178.925,13.98255,0,False,False
86.74348,-0.020791,1.596393,-0.095786,17.6894,181.6319,358.4124,0,0,0,0,0,0,-0.248537,0.695918,-0.179684,41.55011,178.9171,13.97785,0,False,False
86.75445,-0.020733,1.596198,-0.095961,17.84699,181.6451,358.4201,0,0,0,0,0,0,-0.248367,0.695872,-0.179573,41.58913,178.9098,13.98462,0,False,False
86.76556,-0.020606,1.595949,-0.09619,17.97428,181.6791,358.423,0,0,0,0,0,0,-0.248295,0.695816,-0.179456,41.60354,178.8978,13.99246,0,False,False
86.77662,-0.020556,1.595748,-0.096412,18.0966,181.7071,358.4288,0,0,0,0,0,0,-0.248176,0.695793,-0.179322,41.6274,178.8855,13.98592,0,False,False
86.78769,-0.020442,1.595587,-0.096781,18.20545,181.7183,358.4224,0,0,0,0,0,0,-0.248045,0.695752,-0.179201,41.63663,178.8784,13.96649,0,False,False
86.79903,-0.020367,1.595309,-0.096841,18.30099,181.7286,358.4399,0,0,0,0,0,0,-0.248071,0.695772,-0.179018,41.65009,178.8786,13.95749,0,False,False
86.81008,-0.020257,1.5951,-0.097046,18.39568,181.7485,358.4349,0,0,0,0,0,0,-0.248026,0.695765,-0.178869,41.65928,178.8917,13.95495,0,False,False
86.82121,-0.02019,1.594922,-0.097245,18.49112,181.7647,358.4547,0,0,0,0,0,0,-0.247942,0.695827,-0.178692,41.66902,178.8906,13.96645,0,False,False
86.83205,-0.020083,1.594671,-0.097355,18.60085,181.7642,358.4561,0,0,0,0,0,0,-0.247874,0.695828,-0.178478,41.68196,178.891,13.96206,0,False,False
86.84338,-0.019972,1.594453,-0.097568,18.70373,181.7778,358.4781,0,0,0,0,0,0,-0.247795,0.695729,-0.178319,41.69455,178.8906,13.98693,0,False,False
86.85443,-0.019875,1.594277,-0.097738,18.80183,181.7738,358.4805,0,0,0,0,0,0,-0.247694,0.695686,-0.178047,41.71561,178.8879,13.99185,0,False,False
86.86548,-0.019755,1.594088,-0.097887,18.90029,181.7778,358.4879,0,0,0,0,0,0,-0.247598,0.695642,-0.177942,41.74513,178.8762,14.01084,0,False,False
86.87673,-0.0196,1.593997,-0.097941,18.98452,181.7782,358.4963,0,0,0,0,0,0,-0.247597,0.695662,-0.17769,41.77138,178.8661,14.00972,0,False,False
86.88763,-0.019561,1.593885,-0.098176,19.07498,181.7588,358.5068,0,0,0,0,0,0,-0.247523,0.695613,-0.177546,41.79193,178.8511,14.01426,0,False,False
86.8989,-0.019386,1.593775,-0.09831,19.15899,181.7425,358.4914,0,0,0,0,0,0,-0.247475,0.695679,-0.177491,41.81392,178.8479,14.00706,0,False,False
86.90991,-0.019259,1.593614,-0.098426,19.21338,181.7263,358.4932,0,0,0,0,0,0,-0.247408,0.695673,-0.177411,41.81498,178.8459,13.97814,0,False,False
86.92112,-0.01912,1.593469,-0.098526,19.27712,181.7158,358.5084,0,0,0,0,0,0,-0.24739,0.695651,-0.177215,41.82203,178.8507,13.98316,0,False,False
86.93256,-0.019001,1.593376,-0.098659,19.35199,181.698,358.5164,0,0,0,0,0,0,-0.247353,0.695643,-0.177187,41.81952,178.8702,13.97835,0,False,False
86.94326,-0.018901,1.593233,-0.098775,19.43412,181.6828,358.5296,0,0,0,0,0,0,-0.247374,0.69562,-0.177173,41.82665,178.8759,13.99721,0,False,False
86.95425,-0.018768,1.593048,-0.098821,19.50209,181.6778,358.5562,0,0,0,0,0,0,-0.247301,0.695627,-0.177083,41.83011,178.8678,14.01467,0,False,False
86.96557,-0.01872,1.592855,-0.098824,19.60297,181.6535,358.5733,0,0,0,0,0,0,-0.247227,0.695735,-0.177119,41.82685,178.8803,14.02856,0,False,False
86.97664,-0.018611,1.592659,-0.098853,19.69148,181.6362,358.5886,0,0,0,0,0,0,-0.247149,0.69576,-0.177069,41.82933,178.864,14.04444,0,False,False
86.98753,-0.018456,1.592479,-0.098891,19.78781,181.6303,358.6005,0,0,0,0,0,0,-0.247056,0.695769,-0.177115,41.83139,178.8371,14.00444,0,False,False
86.99876,-0.018348,1.592294,-0.098911,19.89564,181.6026,358.6199,0,0,0,0,0,0,-0.246971,0.695825,-0.177105,41.83263,178.8196,14.00279,0,False,False
87.00977,-0.018267,1.592061,-0.09893,19.99283,181.5869,358.6485,0,0,0,0,0,0,-0.246893,0.695842,-0.177222,41.8255,178.7955,14.02163,0,False,False
87.021,-0.018118,1.591876,-0.098845,20.08473,181.5612,358.6648,0,0,0,0,0,0,-0.246825,0.695842,-0.177265,41.80688,178.7716,14.03234,0,False,False
87.03192,-0.017905,1.591703,-0.098892,20.19677,181.5422,358.7017,0,0,0,0,0,0,-0.246806,0.695909,-0.177366,41.80142,178.7602,14.04234,0,False,False
87.04327,-0.017789,1.591523,-0.09888,20.30677,181.5182,358.7246,0,0,0,0,0,0,-0.246728,0.695917,-0.177381,41.78192,178.7722,14.05877,0,False,False
87.05418,-0.017618,1.591292,-0.098912,20.43434,181.4951,358.752,0,0,0,0,0,0,-0.246657,0.69597,-0.177555,41.76556,178.7724,14.06454,0,False,False
87.06544,-0.017465,1.590971,-0.098889,20.57227,181.4709,358.7746,0,0,0,0,0,0,-0.246573,0.696003,-0.177604,41.7615,178.7773,14.07111,0,False,False
87.07662,-0.017245,1.59074,-0.098903,20.71899,181.4495,358.785,0,0,0,0,0,0,-0.246444,0.696076,-0.177745,41.74706,178.7586,14.08134,0,False,False
87.08759,-0.017089,1.590414,-0.098854,20.87888,181.4132,358.823,0,0,0,0,0,0,-0.246297,0.696099,-0.177765,41.75659,178.7336,14.08895,0,False,False
87.09861,-0.016917,1.590146,-0.098782,21.04975,181.3775,358.8629,0,0,0,0,0,0,-0.246091,0.696191,-0.1779,41.74077,178.7065,14.09167,0,False,False
87.10987,-0.016768,1.589803,-0.098563,21.19178,181.3268,358.8851,0,0,0,0,0,0,-0.246088,0.696219,-0.178035,41.72886,178.6699,14.0822,0,False,False
87.12099,-0.016549,1.589544,-0.098481,21.33199,181.2743,358.9339,0,0,0,0,0,0,-0.24593,0.696303,-0.17805,41.68566,178.6508,14.08246,0,False,False
87.13207,-0.01639,1.589337,-0.098413,21.47218,181.2119,358.959,0,0,0,0,0,0,-0.245963,0.696439,-0.178205,41.64479,178.6273,14.06861,0,False,False
87.14333,-0.016137,1.589061,-0.098292,21.56717,181.1471,358.9864,0,0,0,0,0,0,-0.245883,0.696572,-0.178357,41.57515,178.6159,14.05311,0,False,False
87.15436,-0.015872,1.588851,-0.098228,21.68772,181.0802,359.0149,0,0,0,0,0,0,-0.245819,0.696596,-0.178447,41.52767,178.6178,14.05054,0,False,False
87.16545,-0.015641,1.588682,-0.098165,21.8025,181.0022,359.0268,0,0,0,0,0,0,-0.245747,0.696682,-0.178512,41.47267,178.6228,14.0467,0,False,False
87.17659,-0.015366,1.588472,-0.097997,21.90667,180.9143,359.0576,0,0,0,0,0,0,-0.245575,0.696678,-0.178561,41.44689,178.6416,14.04992,0,False,False
87.18764,-0.015102,1.58827,-0.097835,22.01157,180.8116,359.0674,0,0,0,0,0,0,-0.245413,0.696764,-0.178538,41.44682,178.6584,14.04974,0,False,False
87.19891,-0.014772,1.588014,-0.097625,22.11854,180.6863,359.1027,0,0,0,0,0,0,-0.245332,0.696808,-0.178523,41.44445,178.6516,14.07651,0,False,False
87.21058,-0.014418,1.587847,-0.097519,22.24063,180.5328,359.1148,0,0,0,0,0,0,-0.245264,0.696805,-0.17836,41.42864,178.6359,14.10431,0,False,False
87.22202,-0.013968,1.587669,-0.097396,22.33959,180.3315,359.135,0,0,0,0,0,0,-0.245199,0.696914,-0.178326,41.42469,178.5984,14.11459,0,False,False
87.23355,-0.013538,1.587506,-0.097308,22.434,180.0465,359.1274,0,0,0,0,0,0,-0.245075,0.697033,-0.178358,41.40678,178.5663,14.08947,0,False,False
87.24491,-0.012961,1.587293,-0.097199,22.54255,179.7776,359.1194,0,0,0,0,0,0,-0.24503,0.697112,-0.178412,41.39367,178.5439,14.02942,0,False,False
87.2565,-0.01241,1.587056,-0.097021,22.65338,179.4502,359.0917,0,0,0,0,0,0,-0.244989,0.697139,-0.178404,41.35526,178.5393,14.00958,0,False,False
87.26794,-0.011847,1.586781,-0.096842,22.77354,179.1141,359.0832,0,0,0,0,0,0,-0.244847,0.697201,-0.178396,41.33094,178.5296,13.98787,0,False,False
87.27943,-0.011261,1.586506,-0.096733,22.88909,178.7561,359.0736,0,0,0,0,0,0,-0.244885,0.697091,-0.178412,41.2828,178.5437,13.97262,0,False,False
87.29105,-0.01059,1.586267,-0.096609,23.01235,178.4035,359.0659,0,0,0,0,0,0,-0.244929,0.697146,-0.178359,41.22507,178.5632,13.96667,0,False,False
87.30254,-0.00994,1.585966,-0.096569,23.12987,178.0169,359.0616,0,0,0,0,0,0,-0.244995,0.697375,-0.178341,41.1779,178.6025,13.98337,0,False,False
87.31417,-0.009159,1.585696,-0.096512,23.25121,177.6213,359.0482,0,0,0,0,0,0,-0.245017,0.697398,-0.178236,41.14577,178.6349,13.97118,0,False,False
87.32565,-0.008402,1.58545,-0.096499,23.38488,177.1516,359.0204,0,0,0,0,0,0,-0.245035,0.697448,-0.178067,41.12681,178.6574,13.95096,0,False,False
87.33666,-0.007516,1.585159,-0.096433,23.50772,176.6581,359.0051,0,0,0,0,0,0,-0.245055,0.697463,-0.177918,41.12043,178.681,13.95239,0,False,False
87.34801,-0.006609,1.584817,-0.096354,23.63983,176.1722,358.9822,0,0,0,0,0,0,-0.244936,0.697363,-0.177831,41.11572,178.7051,13.93778,0,False,False
87.35923,-0.005542,1.584483,-0.096214,23.80226,175.6735,358.9811,0,0,0,0,0,0,-0.24488,0.697335,-0.177623,41.11833,178.7134,13.91336,0,False,False
87.37029,-0.004555,1.58413,-0.096157,23.94909,175.1332,358.9645,0,0,0,0,0,0,-0.244663,0.697367,-0.177409,41.09155,178.6948,13.86283,0,False,False
87.38137,-0.003512,1.583807,-0.096064,24.09692,174.6033,358.9629,0,0,0,0,0,0,-0.244586,0.697367,-0.177296,41.05632,178.6843,13.82391,0,False,False
87.39256,-0.002405,1.583469,-0.096037,24.24279,174.0114,358.9411,0,0,0,0,0,0,-0.244467,0.697372,-0.177073,41.01355,178.6606,13.76967,0,False,False
87.4037,-0.0012,1.583105,-0.095961,24.3887,173.3749,358.9112,0,0,0,0,0,0,-0.244326,0.69737,-0.17692,40.97435,178.657,13.73768,0,False,False
87.4147,0.000088,1.582717,-0.095945,24.55265,172.6878,358.8832,0,0,0,0,0,0,-0.244234,0.697325,-0.176674,40.95896,178.6468,13.69312,0,False,False
87.42573,0.001331,1.582299,-0.095763,24.74205,171.9733,358.8588,0,0,0,0,0,0,-0.244225,0.697226,-0.176264,40.96318,178.6366,13.67312,0,False,False
87.43681,0.002829,1.581843,-0.095637,24.94452,171.1941,358.8455,0,0,0,0,0,0,-0.244194,0.697109,-0.175974,40.97611,178.6567,13.66262,0,False,False
87.44801,0.004299,1.581356,-0.095439,25.16123,170.364,358.8369,0,0,0,0,0,0,-0.244262,0.69692,-0.175763,40.98615,178.6794,13.65106,0,False,False
87.45925,0.005945,1.580863,-0.09516,25.40756,169.5022,358.8664,0,0,0,0,0,0,-0.244268,0.696888,-0.175496,40.99331,178.6927,13.62305,0,False,False
87.47021,0.007653,1.580364,-0.094979,25.6289,168.5939,358.8789,0,0,0,0,0,0,-0.244203,0.696793,-0.175234,40.97148,178.7038,13.59833,0,False,False
87.48132,0.009332,1.579886,-0.094761,25.82983,167.6738,358.8755,0,0,0,0,0,0,-0.244125,0.696782,-0.175057,40.95107,178.7011,13.57002,0,False,False
87.49247,0.011236,1.579409,-0.094588,26.00872,166.725,358.8647,0,0,0,0,0,0,-0.244032,0.696717,-0.174795,40.91567,178.6967,13.54117,0,False,False
87.50349,0.013111,1.578913,-0.094423,26.18655,165.771,358.8388,0,0,0,0,0,0,-0.243887,0.696729,-0.174437,40.88839,178.6849,13.49219,0,False,False
87.5146,0.015114,1.578363,-0.094163,26.39384,164.8315,358.8228,0,0,0,0,0,0,-0.243765,0.696613,-0.174122,40.88942,178.6744,13.41422,0,False,False
87.52573,0.017099,1.577794,-0.093931,26.61375,163.8929,358.8065,0,0,0,0,0,0,-0.243486,0.696475,-0.17374,40.91876,178.6516,13.34381,0,False,False
87.53686,0.019232,1.577239,-0.093654,26.84965,162.8959,358.7658,0,0,0,0,0,0,-0.243237,0.696302,-0.173461,40.9361,178.6299,13.30229,0,False,False
87.54806,0.021419,1.576701,-0.093405,27.04596,161.867,358.7281,0,0,0,0,0,0,-0.243035,0.696153,-0.173138,40.94081,178.6019,13.32974,0,False,False
87.55914,0.023752,1.576181,-0.093203,27.22305,160.7448,358.6698,0,0,0,0,0,0,-0.242883,0.696028,-0.172833,40.95667,178.5852,13.33171,0,False,False
87.57014,0.026151,1.575674,-0.09293,27.41102,159.6028,358.6049,0,0,0,0,0,0,-0.242734,0.695958,-0.172587,40.96617,178.5805,13.21532,0,False,False
87.58122,0.028615,1.57505,-0.092644,27.5792,158.4207,358.5282,0,0,0,0,0,0,-0.242656,0.695838,-0.172485,40.99034,178.6008,12.98843,0,False,False
87.59257,0.031217,1.574322,-0.092212,27.77619,157.1366,358.4129,0,0,0,0,0,0,-0.242631,0.695889,-0.172486,40.9901,178.6243,12.83844,0,False,False
87.60358,0.034065,1.57361,-0.091595,27.96845,155.7854,358.2329,0,0,0,0,0,0,-0.242476,0.695902,-0.172495,40.97285,178.6176,12.80752,0,False,False
87.61458,0.036866,1.572927,-0.091055,28.18354,154.3777,358.0236,0,0,0,0,0,0,-0.242478,0.695922,-0.172558,40.96276,178.6185,12.77076,0,False,False
87.62582,0.039887,1.572155,-0.09035,28.41194,152.8383,357.768,0,0,0,0,0,0,-0.242408,0.69596,-0.172683,40.93119,178.6092,12.7234,0,False,False
87.63701,0.042894,1.57132,-0.089587,28.64481,151.3042,357.5375,0,0,0,0,0,0,-0.242481,0.695862,-0.172837,40.87898,178.6062,12.6444,0,False,False
87.64786,0.045862,1.570536,-0.088718,28.89474,149.7592,357.3567,0,0,0,0,0,0,-0.242427,0.695885,-0.17299,40.83313,178.5805,12.58843,0,False,False
87.65901,0.04877,1.569668,-0.087783,29.1289,148.2301,357.2162,0,0,0,0,0,0,-0.242367,0.695933,-0.173174,40.77227,178.5345,12.56059,0,False,False
87.67018,0.051609,1.568856,-0.086733,29.40246,146.7312,357.1173,0,0,0,0,0,0,-0.24221,0.695963,-0.173349,40.71859,178.5029,12.5329,0,False,False
87.68114,0.054442,1.568073,-0.085664,29.65915,145.2869,357.0261,0,0,0,0,0,0,-0.242126,0.69598,-0.173545,40.67858,178.4426,12.54032,0,False,False
87.69231,0.057099,1.567282,-0.084596,29.89774,143.9255,356.9186,0,0,0,0,0,0,-0.24199,0.69592,-0.173657,40.66999,178.3767,12.49453,0,False,False
87.70341,0.059636,1.566542,-0.083478,30.10738,142.6127,356.8001,0,0,0,0,0,0,-0.241901,0.695889,-0.173798,40.70294,178.3017,12.42554,0,False,False
87.71445,0.062102,1.56586,-0.082434,30.27487,141.3863,356.6876,0,0,0,0,0,0,-0.241812,0.69593,-0.173859,40.74142,178.1858,12.41232,0,False,False
87.72578,0.064508,1.565265,-0.081375,30.41981,140.2516,356.5997,0,0,0,0,0,0,-0.241717,0.695986,-0.173868,40.79634,178.0311,12.47398,0,False,False
87.73671,0.066802,1.564689,-0.080402,30.55657,139.1701,356.5186,0,0,0,0,0,0,-0.241565,0.695909,-0.173909,40.86256,177.8853,12.53074,0,False,False
87.74783,0.068896,1.564206,-0.079498,30.65925,138.1812,356.4609,0,0,0,0,0,0,-0.241428,0.695699,-0.174065,40.96193,177.7232,12.62203,0,False,False
87.75916,0.070991,1.563629,-0.078604,30.7807,137.2157,356.3818,0,0,0,0,0,0,-0.241269,0.695597,-0.174141,41.07053,177.5573,12.6653,0,False,False
87.77018,0.072899,1.563124,-0.077703,30.88069,136.3698,356.3036,0,0,0,0,0,0,-0.241056,0.695536,-0.174469,41.17545,177.3707,12.74206,0,False,False
87.78136,0.07481,1.562643,-0.076763,31.00406,135.5583,356.2123,0,0,0,0,0,0,-0.240688,0.695512,-0.174572,41.25623,177.1115,12.92587,0,False,False
87.79266,0.076504,1.56219,-0.075875,31.1412,134.8436,356.1745,0,0,0,0,0,0,-0.240414,0.695529,-0.174845,41.34122,176.8597,13.02429,0,False,False
87.80361,0.078056,1.561764,-0.075086,31.27863,134.2111,356.1405,0,0,0,0,0,0,-0.240094,0.695542,-0.175138,41.39768,176.559,13.13645,0,False,False
87.81438,0.079543,1.561386,-0.074369,31.40662,133.6332,356.1419,0,0,0,0,0,0,-0.239717,0.69564,-0.175418,41.45139,176.2895,13.24929,0,False,False
87.82571,0.080884,1.561096,-0.073738,31.50356,133.1414,356.1761,0,0,0,0,0,0,-0.239469,0.695688,-0.175738,41.51388,176.0172,13.37369,0,False,False
87.83666,0.082224,1.560853,-0.073129,31.5801,132.6835,356.2122,0,0,0,0,0,0,-0.239222,0.695793,-0.17617,41.58826,175.7512,13.48271,0,False,False
87.84772,0.08343,1.56064,-0.072605,31.62637,132.33,356.2876,0,0,0,0,0,0,-0.238842,0.695927,-0.176652,41.6636,175.434,13.66017,0,False,False
87.85893,0.08468,1.560446,-0.072175,31.66297,131.9519,356.3432,0,0,0,0,0,0,-0.238531,0.696155,-0.177179,41.75912,175.1168,13.76271,0,False,False
87.87004,0.085782,1.560298,-0.071767,31.69679,131.6397,356.4121,0,0,0,0,0,0,-0.238143,0.696272,-0.177642,41.8441,174.7894,13.91229,0,False,False
87.88109,0.08691,1.560166,-0.071413,31.73641,131.3244,356.4885,0,0,0,0,0,0,-0.237901,0.696487,-0.178,41.92622,174.4783,14.04581,0,False,False
87.89216,0.087865,1.559942,-0.071072,31.79146,131.0452,356.5664,0,0,0,0,0,0,-0.237578,0.696585,-0.17861,42.01194,174.1539,14.18404,0,False,False
87.90334,0.088875,1.559752,-0.070743,31.86779,130.7878,356.6785,0,0,0,0,0,0,-0.237198,0.696704,-0.179228,42.08426,173.8555,14.31853,0,False,False
87.91435,0.089866,1.559557,-0.070419,31.93105,130.5163,356.768,0,0,0,0,0,0,-0.236903,0.696895,-0.179881,42.14909,173.5834,14.41851,0,False,False
87.92564,0.090775,1.559381,-0.070085,31.99318,130.2676,356.8427,0,0,0,0,0,0,-0.236551,0.697237,-0.180715,42.19592,173.3326,14.47992,0,False,False
87.93671,0.091699,1.559185,-0.069844,32.03334,129.9807,356.8821,0,0,0,0,0,0,-0.236095,0.697465,-0.181471,42.23433,173.0919,14.55777,0,False,False
87.94769,0.092569,1.558952,-0.069575,32.08377,129.7285,356.9126,0,0,0,0,0,0,-0.235778,0.697812,-0.182451,42.23619,172.9124,14.64163,0,False,False
87.95905,0.093387,1.558789,-0.069376,32.15745,129.489,356.9399,0,0,0,0,0,0,-0.23544,0.698116,-0.183366,42.23531,172.7168,14.71396,0,False,False
87.97009,0.094098,1.558534,-0.069195,32.24107,129.2759,356.9494,0,0,0,0,0,0,-0.235213,0.698325,-0.184529,42.22105,172.5561,14.78795,0,False,False
87.98105,0.094761,1.558267,-0.068953,32.35722,129.0814,356.9648,0,0,0,0,0,0,-0.234899,0.698693,-0.185474,42.19926,172.4086,14.84955,0,False,False
87.99216,0.095375,1.557949,-0.068735,32.49228,128.9137,356.9838,0,0,0,0,0,0,-0.234458,0.69897,-0.1866,42.1843,172.2422,14.90958,0,False,False
88.00334,0.095906,1.557668,-0.068581,32.63321,128.7578,357.0054,0,0,0,0,0,0,-0.234052,0.699186,-0.18775,42.15147,172.0532,14.98128,0,False,False
88.01437,0.096321,1.557376,-0.068561,32.77393,128.6496,357.0432,0,0,0,0,0,0,-0.233477,0.699568,-0.188778,42.12243,171.8574,15.04598,0,False,False
88.02557,0.096757,1.557123,-0.068497,32.87117,128.5616,357.0809,0,0,0,0,0,0,-0.232989,0.69989,-0.189971,42.09295,171.6487,15.09374,0,False,False
88.03675,0.09713,1.55689,-0.068469,32.98318,128.4869,357.1274,0,0,0,0,0,0,-0.232612,0.700043,-0.191179,42.05236,171.4492,15.15578,0,False,False
88.04771,0.097326,1.556687,-0.068519,33.097,128.4601,357.1608,0,0,0,0,0,0,-0.231895,0.700494,-0.192612,42.02465,171.2529,15.16749,0,False,False
88.05889,0.09749,1.55642,-0.068619,33.21289,128.4738,357.1909,0,0,0,0,0,0,-0.231557,0.700785,-0.193694,42.01081,171.0645,15.21054,0,False,False
88.06996,0.097533,1.556171,-0.068739,33.33168,128.5306,357.2186,0,0,0,0,0,0,-0.231195,0.701026,-0.194898,41.99331,170.8796,15.25221,0,False,False
88.08101,0.097624,1.555976,-0.068838,33.44331,128.6084,357.2369,0,0,0,0,0,0,-0.2307,0.701236,-0.195932,41.95202,170.6995,15.29788,0,False,False
88.09224,0.097642,1.555801,-0.069065,33.54335,128.7025,357.2371,0,0,0,0,0,0,-0.230152,0.701558,-0.197051,41.90252,170.5261,15.35113,0,False,False
88.10332,0.097613,1.555628,-0.069286,33.61373,128.7974,357.2293,0,0,0,0,0,0,-0.229604,0.701891,-0.198207,41.84299,170.389,15.381,0,False,False
88.11436,0.097521,1.555508,-0.069543,33.68418,128.9082,357.2117,0,0,0,0,0,0,-0.229052,0.702174,-0.199407,41.7774,170.24,15.40031,0,False,False
88.12556,0.097272,1.555391,-0.069873,33.76334,129.0269,357.1999,0,0,0,0,0,0,-0.228542,0.70259,-0.200792,41.70484,170.1074,15.38383,0,False,False
88.13657,0.096947,1.55522,-0.070279,33.86271,129.1723,357.1951,0,0,0,0,0,0,-0.227857,0.702905,-0.202046,41.62014,169.9827,15.37363,0,False,False
88.14764,0.096538,1.555047,-0.070712,33.96138,129.3714,357.1931,0,0,0,0,0,0,-0.227366,0.703344,-0.203416,41.5224,169.8649,15.37212,0,False,False
88.15887,0.096122,1.554891,-0.071183,34.06413,129.5955,357.1646,0,0,0,0,0,0,-0.226763,0.703856,-0.204787,41.40842,169.7357,15.36098,0,False,False
88.17001,0.095593,1.554778,-0.071778,34.15632,129.8863,357.1418,0,0,0,0,0,0,-0.226137,0.704341,-0.205964,41.30264,169.601,15.3436,0,False,False
88.18112,0.09505,1.554672,-0.072427,34.23513,130.1991,357.118,0,0,0,0,0,0,-0.225644,0.704779,-0.207266,41.19592,169.4906,15.33348,0,False,False
88.19209,0.094356,1.554512,-0.073185,34.30246,130.583,357.0588,0,0,0,0,0,0,-0.224986,0.705144,-0.208417,41.08295,169.4025,15.33011,0,False,False
88.20325,0.09363,1.554382,-0.073956,34.40591,130.971,356.9985,0,0,0,0,0,0,-0.22443,0.705641,-0.209602,40.96312,169.3391,15.32001,0,False,False
88.21432,0.092812,1.554235,-0.074704,34.51579,131.4256,356.9468,0,0,0,0,0,0,-0.22394,0.706049,-0.210754,40.85828,169.2696,15.30085,0,False,False
88.22537,0.091889,1.55402,-0.075554,34.64633,131.9403,356.9354,0,0,0,0,0,0,-0.223535,0.70636,-0.211783,40.74333,169.2532,15.26145,0,False,False
88.23665,0.090914,1.553788,-0.076512,34.78596,132.4877,356.9781,0,0,0,0,0,0,-0.223199,0.706728,-0.212921,40.63181,169.2327,15.23159,0,False,False
88.24759,0.089866,1.553503,-0.077468,34.94209,133.0851,357.0797,0,0,0,0,0,0,-0.222861,0.707113,-0.213891,40.49589,169.2403,15.20562,0,False,False
88.25877,0.088839,1.553242,-0.078417,35.08528,133.6901,357.1953,0,0,0,0,0,0,-0.222627,0.707568,-0.214984,40.35738,169.2728,15.19348,0,False,False
88.27007,0.087715,1.552972,-0.079362,35.24652,134.295,357.3039,0,0,0,0,0,0,-0.222265,0.707944,-0.215776,40.22248,169.3297,15.18275,0,False,False
88.28094,0.086675,1.552689,-0.08033,35.41526,134.9167,357.4394,0,0,0,0,0,0,-0.221905,0.708393,-0.216474,40.09454,169.3898,15.14201,0,False,False
88.29206,0.085509,1.552361,-0.081252,35.59641,135.5638,357.5618,0,0,0,0,0,0,-0.221664,0.708731,-0.217088,39.96785,169.4482,15.08614,0,False,False
88.3032,0.084325,1.552059,-0.082188,35.78445,136.2008,357.6603,0,0,0,0,0,0,-0.221405,0.709087,-0.21747,39.84652,169.5034,15.04802,0,False,False
88.31422,0.083047,1.551712,-0.083132,36.00508,136.8741,357.7544,0,0,0,0,0,0,-0.221317,0.709359,-0.217955,39.73286,169.5563,15.02522,0,False,False
88.32545,0.081631,1.551359,-0.084095,36.23323,137.6199,357.8689,0,0,0,0,0,0,-0.221129,0.70968,-0.218305,39.62258,169.6127,14.98595,0,False,False
88.33665,0.080181,1.550994,-0.085109,36.48488,138.4076,357.9997,0,0,0,0,0,0,-0.220929,0.709815,-0.218369,39.52749,169.6708,14.9294,0,False,False
88.34755,0.078548,1.550604,-0.086188,36.73224,139.279,358.125,0,0,0,0,0,0,-0.220739,0.709961,-0.218476,39.45124,169.7268,14.86601,0,False,False
88.35905,0.076963,1.550316,-0.08729,36.94035,140.1615,358.2357,0,0,0,0,0,0,-0.220647,0.710018,-0.218367,39.36522,169.7935,14.80567,0,False,False
88.36998,0.075356,1.550045,-0.088317,37.11993,141.0417,358.3047,0,0,0,0,0,0,-0.220535,0.710178,-0.21801,39.31079,169.8405,14.74579,0,False,False
88.38107,0.073674,1.549767,-0.089423,37.28461,141.8843,358.3519,0,0,0,0,0,0,-0.220432,0.71027,-0.217735,39.25813,169.88,14.68265,0,False,False
88.39233,0.071864,1.549514,-0.090519,37.44166,142.7828,358.396,0,0,0,0,0,0,-0.220336,0.710336,-0.217177,39.25499,169.9025,14.59407,0,False,False
88.40319,0.069953,1.54932,-0.091576,37.61459,143.7702,358.4863,0,0,0,0,0,0,-0.22043,0.710176,-0.216414,39.27705,169.9337,14.5293,0,False,False
88.41428,0.06794,1.549075,-0.092695,37.79757,144.8376,358.5967,0,0,0,0,0,0,-0.220527,0.710018,-0.215733,39.28724,169.9963,14.48466,0,False,False
88.42539,0.065677,1.548878,-0.093857,37.97564,146.098,358.7321,0,0,0,0,0,0,-0.22092,0.709848,-0.214939,39.33643,170.1083,14.47512,0,False,False
88.43648,0.063278,1.548715,-0.095113,38.15373,147.4735,358.9188,0,0,0,0,0,0,-0.220852,0.709879,-0.214357,39.35324,170.2758,14.4247,0,False,False
88.44772,0.060507,1.54848,-0.096506,38.31176,149.0991,359.2015,0,0,0,0,0,0,-0.221618,0.709562,-0.213451,39.40171,170.4297,14.41925,0,False,False
88.45878,0.057618,1.548316,-0.097892,38.47222,150.8097,359.5221,0,0,0,0,0,0,-0.22199,0.709315,-0.2125,39.41474,170.5943,14.40912,0,False,False
88.46987,0.054384,1.548265,-0.099206,38.59019,152.7464,359.9283,0,0,0,0,0,0,-0.222623,0.708802,-0.211079,39.46805,170.7896,14.43677,0,False,False
88.48099,0.051064,1.548265,-0.100552,38.67221,154.7576,0.347797,0,0,0,0,0,0,-0.223318,0.708451,-0.209565,39.52832,170.9725,14.472,0,False,False
88.49202,0.047552,1.548377,-0.101894,38.71675,156.8593,0.77432,0,0,0,0,0,0,-0.223999,0.708057,-0.20808,39.66399,171.1498,14.52395,0,False,False
88.50312,0.043822,1.548543,-0.103147,38.68316,159.1254,1.238107,0,0,0,0,0,0,-0.224793,0.707516,-0.206251,39.77343,171.3546,14.57471,0,False,False
88.51425,0.040069,1.548656,-0.104396,38.63422,161.3436,1.683845,0,0,0,0,0,0,-0.225703,0.707099,-0.204677,39.92992,171.5907,14.62834,0,False,False
88.52532,0.036045,1.548902,-0.105519,38.55322,163.6391,2.136912,0,0,0,0,0,0,-0.226664,0.706653,-0.202998,40.085,171.8487,14.68096,0,False,False
88.53645,0.032045,1.549087,-0.106565,38.48318,165.932,2.605788,0,0,0,0,0,0,-0.227625,0.70642,-0.20136,40.21492,172.1016,14.717,0,False,False
88.54756,0.027781,1.549351,-0.107337,38.41707,168.273,3.066246,0,0,0,0,0,0,-0.228566,0.706013,-0.199635,40.34307,172.3523,14.74225,0,False,False
88.55864,0.023478,1.549565,-0.108106,38.34237,170.6371,3.490772,0,0,0,0,0,0,-0.22969,0.705658,-0.197995,40.43051,172.6553,14.78254,0,False,False
88.56969,0.018972,1.5498,-0.10857,38.23696,173.0692,3.901623,0,0,0,0,0,0,-0.230922,0.705348,-0.196413,40.51963,172.9944,14.83893,0,False,False
88.58083,0.014507,1.550074,-0.108937,38.13097,175.4904,4.280968,0,0,0,0,0,0,-0.232311,0.705076,-0.19481,40.57582,173.3702,14.89092,0,False,False
88.59207,0.009992,1.550341,-0.109156,38.00119,177.9178,4.648878,0,0,0,0,0,0,-0.233692,0.7049,-0.193111,40.6216,173.7823,14.9607,0,False,False
88.60329,0.005503,1.550604,-0.10924,37.89723,180.2805,4.980405,0,0,0,0,0,0,-0.234944,0.704685,-0.19139,40.68237,174.2036,15.02274,0,False,False
88.61413,0.00093,1.550864,-0.109083,37.81035,182.6455,5.251991,0,0,0,0,0,0,-0.236452,0.704618,-0.189886,40.6966,174.6334,15.07562,0,False,False
88.62536,-0.003658,1.551065,-0.10892,37.68721,185.0094,5.506554,0,0,0,0,0,0,-0.238067,0.704587,-0.188155,40.69158,175.0861,15.1315,0,False,False
88.63653,-0.008321,1.55127,-0.10853,37.57618,187.33,5.724904,0,0,0,0,0,0,-0.239675,0.704757,-0.186667,40.67153,175.5692,15.18948,0,False,False
88.64757,-0.012817,1.551475,-0.108044,37.4506,189.6331,5.964999,0,0,0,0,0,0,-0.241304,0.704824,-0.185086,40.63363,176.0684,15.23993,0,False,False
88.65868,-0.017353,1.551658,-0.107228,37.30893,191.9057,6.209064,0,0,0,0,0,0,-0.242888,0.705012,-0.183654,40.61122,176.5466,15.26449,0,False,False
88.66976,-0.021943,1.551821,-0.106352,37.20596,194.1597,6.429976,0,0,0,0,0,0,-0.244492,0.70519,-0.182067,40.56149,177.0539,15.29285,0,False,False
88.68083,-0.026429,1.551967,-0.105379,37.10003,196.4071,6.635805,0,0,0,0,0,0,-0.246092,0.705348,-0.18056,40.50636,177.5649,15.32766,0,False,False
88.69199,-0.031051,1.551999,-0.104046,36.98969,198.729,6.814,0,0,0,0,0,0,-0.247809,0.705627,-0.178956,40.4192,178.1242,15.35461,0,False,False
88.70308,-0.035687,1.552161,-0.102871,36.86454,201.0701,6.979827,0,0,0,0,0,0,-0.249358,0.705873,-0.177427,40.33585,178.6606,15.39606,0,False,False
88.71422,-0.040259,1.552294,-0.101281,36.7175,203.4636,7.162312,0,0,0,0,0,0,-0.251226,0.706311,-0.17589,40.22392,179.2523,15.41129,0,False,False
88.72546,-0.044902,1.552441,-0.099625,36.59051,205.8983,7.341417,0,0,0,0,0,0,-0.253076,0.706614,-0.174155,40.09889,179.8596,15.42257,0,False,False
88.7365,-0.049438,1.55254,-0.097677,36.4465,208.3342,7.543204,0,0,0,0,0,0,-0.254909,0.706971,-0.172423,39.97712,180.4609,15.42931,0,False,False
88.74752,-0.053846,1.552672,-0.095647,36.27656,210.7764,7.750976,0,0,0,0,0,0,-0.256709,0.707181,-0.170642,39.87469,181.0562,15.45406,0,False,False
88.75869,-0.05835,1.552766,-0.09344,36.08741,213.2887,7.993855,0,0,0,0,0,0,-0.25851,0.70741,-0.168831,39.78242,181.6837,15.4815,0,False,False
88.76981,-0.062794,1.553078,-0.091108,35.86428,215.872,8.276655,0,0,0,0,0,0,-0.260459,0.707634,-0.166823,39.70581,182.3316,15.51676,0,False,False
88.78092,-0.066972,1.553324,-0.088597,35.64113,218.4169,8.59628,0,0,0,0,0,0,-0.262256,0.707811,-0.164764,39.63018,182.9965,15.5588,0,False,False
88.79191,-0.071052,1.553439,-0.085776,35.45717,220.9193,8.966201,0,0,0,0,0,0,-0.26405,0.707939,-0.162581,39.57295,183.6547,15.58867,0,False,False
88.80311,-0.074893,1.553475,-0.08281,35.32319,223.2989,9.308088,0,0,0,0,0,0,-0.265851,0.707978,-0.160152,39.52102,184.3251,15.61374,0,False,False
88.81427,-0.078549,1.553643,-0.079961,35.19226,225.5494,9.67894,0,0,0,0,0,0,-0.267757,0.70793,-0.157501,39.47256,184.9851,15.63561,0,False,False
88.82533,-0.081897,1.553674,-0.077073,35.09349,227.6342,10.02084,0,0,0,0,0,0,-0.269561,0.707925,-0.154949,39.43541,185.6362,15.64096,0,False,False
88.83646,-0.084945,1.553587,-0.074191,35.00749,229.5457,10.33373,0,0,0,0,0,0,-0.271148,0.70783,-0.152401,39.42259,186.2918,15.6477,0,False,False
88.84747,-0.08783,1.55358,-0.071287,34.92316,231.3692,10.58678,0,0,0,0,0,0,-0.272867,0.707651,-0.149553,39.42818,186.9682,15.64184,0,False,False
88.85867,-0.090413,1.553599,-0.068423,34.85752,233.0471,10.77694,0,0,0,0,0,0,-0.274519,0.707411,-0.146602,39.43914,187.6546,15.63973,0,False,False
88.86964,-0.09298,1.553587,-0.065454,34.74873,234.7184,10.9225,0,0,0,0,0,0,-0.276134,0.707245,-0.14366,39.43098,188.3278,15.6379,0,False,False
88.88084,-0.095393,1.553852,-0.062639,34.66874,236.2333,11.0169,0,0,0,0,0,0,-0.277707,0.706866,-0.140547,39.44152,189.0193,15.61486,0,False,False
88.89194,-0.097739,1.553775,-0.059954,34.59736,237.7383,11.06352,0,0,0,0,0,0,-0.279238,0.706553,-0.137702,39.43853,189.6703,15.60004,0,False,False
88.90298,-0.099719,1.553955,-0.057254,34.5409,239.008,11.02908,0,0,0,0,0,0,-0.280665,0.706214,-0.134475,39.42951,190.3507,15.59568,0,False,False
88.91433,-0.101587,1.554146,-0.054825,34.45245,240.1766,10.99515,0,0,0,0,0,0,-0.282078,0.705898,-0.131277,39.41566,191.0308,15.58537,0,False,False
88.92525,-0.103366,1.554131,-0.052295,34.38145,241.2996,10.92216,0,0,0,0,0,0,-0.283356,0.705552,-0.128089,39.41462,191.6748,15.57276,0,False,False
88.93644,-0.10498,1.554139,-0.049941,34.30366,242.3582,10.8491,0,0,0,0,0,0,-0.284611,0.704987,-0.124549,39.42738,192.3474,15.51533,0,False,False
88.9475,-0.106591,1.554071,-0.047526,34.25863,243.4203,10.7722,0,0,0,0,0,0,-0.285935,0.70442,-0.12092,39.45312,193.0448,15.46654,0,False,False
88.95857,-0.107965,1.55408,-0.045098,34.21114,244.3774,10.6457,0,0,0,0,0,0,-0.287038,0.703842,-0.117263,39.48146,193.7392,15.42276,0,False,False
88.9698,-0.109478,1.553972,-0.042758,34.20304,245.355,10.51153,0,0,0,0,0,0,-0.288222,0.703305,-0.113792,39.52243,194.3985,15.37337,0,False,False
88.98084,-0.110741,1.553807,-0.040486,34.22491,246.2675,10.35568,0,0,0,0,0,0,-0.289123,0.702616,-0.109989,39.5831,195.0811,15.33202,0,False,False
88.99277,-0.112005,1.553554,-0.038244,34.26913,247.1569,10.21601,0,0,0,0,0,0,-0.290156,0.701846,-0.105803,39.65892,195.8129,15.26142,0,False,False
89.00308,-0.1132,1.553349,-0.036069,34.31139,248.0306,10.11543,0,0,0,0,0,0,-0.290845,0.701132,-0.102285,39.73582,196.4092,15.20454,0,False,False
89.01411,-0.114139,1.553015,-0.03391,34.40052,248.819,10.04274,0,0,0,0,0,0,-0.291714,0.70039,-0.098524,39.81049,197.0441,15.14252,0,False,False
89.02521,-0.115044,1.552788,-0.031785,34.50083,249.545,9.962335,0,0,0,0,0,0,-0.292457,0.699566,-0.094644,39.91483,197.715,15.08876,0,False,False
89.03645,-0.115806,1.55246,-0.029872,34.60419,250.1761,9.906836,0,0,0,0,0,0,-0.293008,0.698748,-0.090681,40.03154,198.3868,15.05514,0,False,False
89.04742,-0.116622,1.552189,-0.02788,34.67905,250.7846,9.827909,0,0,0,0,0,0,-0.293595,0.697945,-0.086792,40.1563,199.0489,15.05455,0,False,False
89.05847,-0.117434,1.551877,-0.026105,34.76564,251.3302,9.739209,0,0,0,0,0,0,-0.294216,0.697203,-0.083241,40.28194,199.655,15.06936,0,False,False
89.06974,-0.118176,1.551566,-0.024346,34.81944,251.8811,9.619861,0,0,0,0,0,0,-0.294681,0.696326,-0.079326,40.40908,200.2879,15.0774,0,False,False
89.08083,-0.118896,1.551241,-0.022733,34.91819,252.4014,9.500235,0,0,0,0,0,0,-0.295211,0.69543,-0.075532,40.53099,200.937,15.08876,0,False,False
89.09182,-0.119547,1.55087,-0.021071,35.01512,252.8799,9.384477,0,0,0,0,0,0,-0.295568,0.694546,-0.07169,40.64063,201.5474,15.07393,0,False,False
89.10295,-0.12015,1.550515,-0.019513,35.13952,253.3302,9.285904,0,0,0,0,0,0,-0.295897,0.693741,-0.068195,40.75029,202.1047,15.03409,0,False,False
89.11411,-0.120678,1.550055,-0.018044,35.27062,253.7318,9.178181,0,0,0,0,0,0,-0.296051,0.692806,-0.064515,40.84412,202.6672,15.00206,0,False,False
89.12526,-0.121303,1.549719,-0.016521,35.38399,254.1295,9.070409,0,0,0,0,0,0,-0.296323,0.691928,-0.060922,40.96704,203.2214,14.97355,0,False,False
89.13638,-0.121879,1.549303,-0.015106,35.48201,254.5257,8.981196,0,0,0,0,0,0,-0.296407,0.691093,-0.057287,41.06878,203.7555,14.90485,0,False,False
89.14739,-0.122513,1.548911,-0.013713,35.5651,254.9368,8.861317,0,0,0,0,0,0,-0.296627,0.690227,-0.053872,41.19688,204.298,14.85649,0,False,False
89.15851,-0.123169,1.548537,-0.01231,35.64952,255.369,8.748877,0,0,0,0,0,0,-0.296888,0.689352,-0.050463,41.32959,204.8828,14.7986,0,False,False
89.16962,-0.123703,1.548132,-0.010907,35.73265,255.8171,8.649067,0,0,0,0,0,0,-0.296902,0.68842,-0.047038,41.43192,205.4551,14.79517,0,False,False
89.1807,-0.12429,1.54767,-0.009573,35.83759,256.2823,8.582098,0,0,0,0,0,0,-0.297015,0.68757,-0.043689,41.54726,206.0184,14.81742,0,False,False
89.19183,-0.124754,1.547204,-0.008244,35.95969,256.7133,8.540295,0,0,0,0,0,0,-0.296825,0.686636,-0.040503,41.63641,206.5124,14.8142,0,False,False
89.20291,-0.125148,1.546779,-0.00691,36.09527,257.1573,8.528734,0,0,0,0,0,0,-0.29681,0.685766,-0.037277,41.73949,207.0242,14.75183,0,False,False
89.21419,-0.125496,1.546334,-0.00566,36.24805,257.5626,8.539093,0,0,0,0,0,0,-0.296687,0.68499,-0.034255,41.84611,207.5426,14.67522,0,False,False
89.22538,-0.125917,1.545951,-0.004424,36.39613,257.9515,8.548429,0,0,0,0,0,0,-0.296502,0.684233,-0.031291,41.92594,208.0333,14.60834,0,False,False
89.23647,-0.126218,1.545636,-0.003341,36.52492,258.3126,8.552314,0,0,0,0,0,0,-0.296385,0.68352,-0.028424,42.02742,208.5425,14.56832,0,False,False
89.24741,-0.126447,1.545298,-0.002411,36.65459,258.6151,8.539135,0,0,0,0,0,0,-0.296082,0.682833,-0.025759,42.11037,208.9678,14.53756,0,False,False
89.25843,-0.126635,1.545012,-0.001521,36.78801,258.8965,8.520921,0,0,0,0,0,0,-0.295671,0.682108,-0.022949,42.21862,209.4366,14.53057,0,False,False
89.2695,-0.126759,1.544705,-0.000873,36.9273,259.0432,8.468792,0,0,0,0,0,0,-0.295276,0.681411,-0.02044,42.34255,209.8345,14.4936,0,False,False
89.28069,-0.126893,1.544457,-0.000423,37.08403,259.1016,8.434812,0,0,0,0,0,0,-0.295027,0.68064,-0.017774,42.47645,210.2612,14.39828,0,False,False
89.2918,-0.126875,1.544337,-0.000358,37.23365,258.9168,8.380765,0,0,0,0,0,0,-0.294593,0.679902,-0.015318,42.61662,210.6572,14.3023,0,False,False
89.30295,-0.126807,1.544174,-0.000583,37.38575,258.5522,8.285408,0,0,0,0,0,0,-0.294207,0.67935,-0.013187,42.71172,211.1184,14.21267,0,False,False
89.31408,-0.126544,1.544038,-0.001343,37.55012,257.7699,8.084359,0,0,0,0,0,0,-0.294054,0.678613,-0.010875,42.81101,211.5944,14.10172,0,False,False
89.32502,-0.126118,1.543844,-0.002549,37.72881,256.6861,7.782079,0,0,0,0,0,0,-0.293695,0.677979,-0.008976,42.90474,211.9449,14.17753,0,False,False
89.33617,-0.125612,1.54367,-0.003984,37.93092,255.4545,7.397318,0,0,0,0,0,0,-0.293441,0.677334,-0.007002,42.99475,212.3532,14.10936,0,False,False
89.34739,-0.124782,1.543429,-0.006054,38.1448,253.8454,6.882016,0,0,0,0,0,0,-0.293064,0.676515,-0.005144,43.12524,212.6563,14.08212,0,False,False
89.35838,-0.123827,1.543117,-0.008166,38.39238,252.1153,6.286825,0,0,0,0,0,0,-0.292724,0.675772,-0.003465,43.25089,212.9709,14.02288,0,False,False
89.36954,-0.122636,1.54281,-0.010881,38.66603,250.0641,5.538882,0,0,0,0,0,0,-0.292724,0.675132,-0.002042,43.3009,213.3159,13.84117,0,False,False
89.38064,-0.121417,1.542488,-0.013622,38.91208,247.9458,4.732883,0,0,0,0,0,0,-0.292238,0.674174,-0.000648,43.40076,213.5443,13.81917,0,False,False
89.39178,-0.119918,1.542201,-0.016439,39.14928,245.6351,3.846013,0,0,0,0,0,0,-0.291888,0.673583,0.00027,43.46199,213.7119,13.70349,0,False,False
89.40286,-0.118347,1.541836,-0.019569,39.38154,243.2021,2.890347,0,0,0,0,0,0,-0.291585,0.673122,0.001007,43.50425,213.8132,13.57248,0,False,False
89.41387,-0.116791,1.541519,-0.022726,39.60071,240.7288,1.914992,0,0,0,0,0,0,-0.291559,0.672592,0.001859,43.48959,214.0088,13.3509,0,False,False
89.42509,-0.115117,1.541274,-0.025938,39.75699,238.2611,0.945097,0,0,0,0,0,0,-0.291432,0.672232,0.002249,43.4531,214.0997,13.31174,0,False,False
89.4362,-0.113452,1.541089,-0.028871,39.84583,235.8214,359.9919,0,0,0,0,0,0,-0.291204,0.671873,0.002438,43.44823,214.1721,13.2862,0,False,False
89.44727,-0.111679,1.540998,-0.031831,39.91338,233.4733,359.1118,0,0,0,0,0,0,-0.291092,0.671519,0.002613,43.46562,214.1472,13.26309,0,False,False
89.4584,-0.109965,1.540904,-0.03484,39.96161,231.2073,358.3065,0,0,0,0,0,0,-0.290831,0.671156,0.002947,43.47602,214.1316,13.19115,0,False,False
89.46949,-0.108134,1.540901,-0.037581,40.00474,228.9618,357.5301,0,0,0,0,0,0,-0.290643,0.670866,0.002898,43.47,214.0853,13.11882,0,False,False
89.4808,-0.106345,1.540854,-0.040314,40.0046,226.8495,356.7956,0,0,0,0,0,0,-0.290579,0.670699,0.002676,43.44532,214.0009,13.04637,0,False,False
89.49171,-0.104518,1.540881,-0.042805,39.97601,224.8225,356.0969,0,0,0,0,0,0,-0.290435,0.670492,0.002472,43.44971,213.8978,13.03644,0,False,False
89.50278,-0.102885,1.540978,-0.045289,39.91763,222.9668,355.4477,0,0,0,0,0,0,-0.290384,0.670331,0.002074,43.47264,213.7683,13.01941,0,False,False
89.51391,-0.101156,1.541149,-0.04759,39.84434,221.217,354.8397,0,0,0,0,0,0,-0.290384,0.670211,0.001628,43.50367,213.6342,12.9988,0,False,False
89.52501,-0.099621,1.541385,-0.049777,39.78125,219.6552,354.3109,0,0,0,0,0,0,-0.290309,0.670042,0.001018,43.57773,213.4288,13.02114,0,False,False
89.5362,-0.098133,1.541528,-0.051863,39.7164,218.1752,353.847,0,0,0,0,0,0,-0.290234,0.669888,0.000325,43.66605,213.15,13.06063,0,False,False
89.54716,-0.096744,1.541651,-0.053668,39.67551,216.8811,353.4733,0,0,0,0,0,0,-0.290174,0.669884,-0.00063,43.75322,212.8569,13.11897,0,False,False
89.5584,-0.095395,1.541778,-0.055473,39.60708,215.6233,353.128,0,0,0,0,0,0,-0.290137,0.669823,-0.001597,43.84112,212.4921,13.16933,0,False,False
89.5695,-0.094229,1.541923,-0.057048,39.56808,214.5593,352.8662,0,0,0,0,0,0,-0.289948,0.669766,-0.00254,43.93232,212.1436,13.21515,0,False,False
89.58063,-0.093176,1.542111,-0.058492,39.55177,213.6591,352.727,0,0,0,0,0,0,-0.289899,0.669791,-0.003835,44.03692,211.7114,13.22906,0,False,False
89.59169,-0.092205,1.542277,-0.059947,39.5564,212.8294,352.623,0,0,0,0,0,0,-0.290028,0.669884,-0.005103,44.13085,211.2787,13.27744,0,False,False
89.60284,-0.091411,1.542412,-0.061194,39.57103,212.2075,352.6638,0,0,0,0,0,0,-0.289868,0.669726,-0.006151,44.24463,210.8211,13.4306,0,False,False
89.61387,-0.090584,1.542578,-0.062421,39.58187,211.6572,352.7486,0,0,0,0,0,0,-0.290029,0.669775,-0.007483,44.36336,210.369,13.58052,0,False,False
89.62502,-0.089923,1.542735,-0.063449,39.58105,211.2115,352.8822,0,0,0,0,0,0,-0.290335,0.669693,-0.00877,44.50541,209.9158,13.78411,0,False,False
89.63609,-0.089335,1.54293,-0.064615,39.57117,210.7683,353.0072,0,0,0,0,0,0,-0.290749,0.669856,-0.010324,44.60088,209.4906,13.90075,0,False,False
89.64728,-0.088791,1.543084,-0.065596,39.57232,210.4781,353.152,0,0,0,0,0,0,-0.291267,0.670178,-0.012098,44.66282,209.0658,13.94,0,False,False
89.65833,-0.088417,1.543194,-0.066621,39.58477,210.186,353.25,0,0,0,0,0,0,-0.291895,0.670654,-0.014166,44.65126,208.6872,13.90444,0,False,False
89.66943,-0.088008,1.543309,-0.067489,39.59771,210.0184,353.4033,0,0,0,0,0,0,-0.292574,0.67114,-0.016156,44.61677,208.3025,13.87085,0,False,False
89.68053,-0.087758,1.543371,-0.068259,39.62828,209.9072,353.579,0,0,0,0,0,0,-0.293422,0.671788,-0.018438,44.537,207.9179,13.88172,0,False,False
89.69163,-0.087485,1.543443,-0.068963,39.66731,209.856,353.7983,0,0,0,0,0,0,-0.293795,0.672226,-0.021293,44.41249,207.525,13.83682,0,False,False
89.70275,-0.087238,1.543503,-0.069627,39.71262,209.8214,354.0204,0,0,0,0,0,0,-0.294882,0.672528,-0.023609,44.27705,207.1295,13.87687,0,False,False
89.71375,-0.087125,1.543565,-0.070283,39.7601,209.8524,354.2816,0,0,0,0,0,0,-0.295801,0.673193,-0.026143,44.13279,206.8128,14.00631,0,False,False
89.72493,-0.086981,1.543643,-0.070866,39.78509,209.8698,354.51,0,0,0,0,0,0,-0.296658,0.673947,-0.028743,44.00171,206.456,14.09545,0,False,False
89.73602,-0.086902,1.543692,-0.071421,39.81289,209.9049,354.7134,0,0,0,0,0,0,-0.297546,0.674844,-0.031703,43.82623,206.1903,14.25171,0,False,False
89.74709,-0.086845,1.54373,-0.071923,39.83234,209.9438,354.8963,0,0,0,0,0,0,-0.298691,0.675751,-0.034729,43.63858,205.9575,14.3582,0,False,False
89.75828,-0.086772,1.543757,-0.0724,39.86436,210.0333,355.0619,0,0,0,0,0,0,-0.299688,0.676835,-0.037619,43.43422,205.7405,14.41734,0,False,False
89.76929,-0.08674,1.543818,-0.072817,39.89076,210.1172,355.2027,0,0,0,0,0,0,-0.300741,0.678044,-0.040876,43.19759,205.5226,14.45236,0,False,False
89.78057,-0.086819,1.543895,-0.073137,39.91409,210.2477,355.3412,0,0,0,0,0,0,-0.30197,0.679161,-0.043936,42.96634,205.2656,14.50035,0,False,False
89.79177,-0.087037,1.54397,-0.073474,39.92714,210.4081,355.4716,0,0,0,0,0,0,-0.303073,0.68048,-0.047199,42.6872,205.047,14.54802,0,False,False
89.80272,-0.08724,1.544073,-0.07369,39.93487,210.6009,355.6075,0,0,0,0,0,0,-0.30409,0.681836,-0.050216,42.40236,204.822,14.5631,0,False,False
89.81384,-0.08757,1.544159,-0.073855,39.92654,210.8807,355.7237,0,0,0,0,0,0,-0.305331,0.683176,-0.05334,42.09938,204.6257,14.58367,0,False,False
89.82491,-0.088069,1.544328,-0.073783,39.89413,211.2796,355.843,0,0,0,0,0,0,-0.306428,0.684544,-0.056671,41.80719,204.4231,14.60704,0,False,False
89.836,-0.088696,1.544612,-0.073629,39.82209,211.7542,355.9463,0,0,0,0,0,0,-0.307417,0.686004,-0.059905,41.47227,204.2419,14.60225,0,False,False
89.84717,-0.08974,1.544935,-0.073212,39.69757,212.4803,356.1165,0,0,0,0,0,0,-0.308384,0.687577,-0.063098,41.12256,204.0785,14.60273,0,False,False
89.85822,-0.090873,1.54528,-0.072752,39.54335,213.3441,356.3492,0,0,0,0,0,0,-0.309365,0.689115,-0.066348,40.76587,203.9003,14.60856,0,False,False
89.86932,-0.092342,1.545703,-0.072065,39.3339,214.5181,356.679,0,0,0,0,0,0,-0.31026,0.690787,-0.069682,40.38436,203.7123,14.59709,0,False,False
89.88066,-0.093854,1.546127,-0.071318,39.15178,215.7669,357.043,0,0,0,0,0,0,-0.311065,0.692674,-0.072924,39.98575,203.5185,14.60146,0,False,False
89.89144,-0.095512,1.546498,-0.070195,38.94043,217.2455,357.4772,0,0,0,0,0,0,-0.31193,0.694197,-0.07585,39.61466,203.3457,14.58839,0,False,False
89.90263,-0.097259,1.546872,-0.068959,38.76952,218.7988,357.9579,0,0,0,0,0,0,-0.312712,0.695888,-0.07882,39.2342,203.224,14.5351,0,False,False
89.91386,-0.099061,1.547284,-0.067572,38.58141,220.3992,358.4467,0,0,0,0,0,0,-0.313536,0.697607,-0.081733,38.85867,203.104,14.50644,0,False,False
89.92484,-0.101018,1.547727,-0.065836,38.3847,222.1709,358.9722,0,0,0,0,0,0,-0.314238,0.699133,-0.084379,38.48723,203.0547,14.47585,0,False,False
89.93596,-0.102854,1.548188,-0.064082,38.18634,223.9681,359.5092,0,0,0,0,0,0,-0.315013,0.700732,-0.086784,38.15604,203.0565,14.46563,0,False,False
89.94712,-0.104827,1.548616,-0.062104,37.98446,225.8669,0.081163,0,0,0,0,0,0,-0.315807,0.702362,-0.089169,37.81361,203.092,14.46194,0,False,False
89.95824,-0.106719,1.548997,-0.060129,37.80133,227.7463,0.660236,0,0,0,0,0,0,-0.316504,0.704139,-0.091382,37.48058,203.1451,14.4411,0,False,False
89.9693,-0.10847,1.549373,-0.057781,37.61825,229.633,1.245374,0,0,0,0,0,0,-0.317258,0.705788,-0.093727,37.14344,203.1902,14.40514,0,False,False
89.98043,-0.110258,1.549627,-0.05542,37.44783,231.5327,1.789402,0,0,0,0,0,0,-0.317957,0.707304,-0.09553,36.82346,203.2947,14.33597,0,False,False
89.99148,-0.111938,1.54992,-0.052895,37.27303,233.4175,2.319624,0,0,0,0,0,0,-0.318512,0.708905,-0.097209,36.47085,203.4037,14.2552,0,False,False
90.00261,-0.113658,1.550247,-0.05028,37.10159,235.3121,2.791161,0,0,0,0,0,0,-0.319201,0.710421,-0.098715,36.13218,203.553,14.16298,0,False,False
90.01376,-0.115313,1.550577,-0.047707,36.90374,237.1971,3.219461,0,0,0,0,0,0,-0.319734,0.711965,-0.100237,35.7907,203.6749,14.07698,0,False,False
90.02501,-0.116925,1.550911,-0.044899,36.71225,239.0745,3.582524,0,0,0,0,0,0,-0.320309,0.71337,-0.10127,35.49365,203.856,13.99096,0,False,False
90.03619,-0.118559,1.551316,-0.042134,36.48755,240.9394,3.926374,0,0,0,0,0,0,-0.320915,0.714804,-0.102184,35.20483,204.0495,13.89451,0,False,False
90.04734,-0.120117,1.551635,-0.039099,36.23233,242.8226,4.190611,0,0,0,0,0,0,-0.321564,0.716207,-0.102933,34.90964,204.2444,13.79873,0,False,False
90.05811,-0.121746,1.551966,-0.035981,36.00047,244.6865,4.420278,0,0,0,0,0,0,-0.322171,0.717309,-0.103285,34.66731,204.4636,13.70745,0,False,False
90.06921,-0.123256,1.552291,-0.032919,35.74145,246.5845,4.627525,0,0,0,0,0,0,-0.322705,0.718373,-0.10321,34.40652,204.6993,13.63683,0,False,False
90.08044,-0.124753,1.552565,-0.029586,35.4944,248.531,4.794902,0,0,0,0,0,0,-0.323146,0.719303,-0.103061,34.1651,204.9471,13.55733,0,False,False
90.09145,-0.126284,1.552802,-0.026258,35.25227,250.4959,4.984558,0,0,0,0,0,0,-0.323626,0.720217,-0.102611,33.96461,205.2108,13.4739,0,False,False
90.10252,-0.127699,1.55296,-0.022807,35.03252,252.4421,5.144756,0,0,0,0,0,0,-0.324196,0.720788,-0.101723,33.78778,205.5092,13.4146,0,False,False
90.11375,-0.129005,1.553103,-0.019232,34.85311,254.4297,5.320271,0,0,0,0,0,0,-0.324753,0.721268,-0.100545,33.64291,205.8625,13.36398,0,False,False
90.12483,-0.130219,1.55308,-0.015561,34.69019,256.335,5.463169,0,0,0,0,0,0,-0.325354,0.721826,-0.09935,33.50473,206.2225,13.30857,0,False,False
90.13591,-0.131298,1.553045,-0.011907,34.626,258.2107,5.572355,0,0,0,0,0,0,-0.325887,0.721947,-0.097714,33.42449,206.6268,13.29138,0,False,False
90.14699,-0.132341,1.55292,-0.00824,34.56711,260.0442,5.660091,0,0,0,0,0,0,-0.326517,0.721941,-0.095726,33.40334,207.0744,13.30303,0,False,False
90.15818,-0.133264,1.552739,-0.00454,34.54848,261.7888,5.684834,0,0,0,0,0,0,-0.327243,0.721739,-0.0932,33.41093,207.59,13.27482,0,False,False
90.16938,-0.134124,1.552443,-0.000907,34.53785,263.4313,5.669617,0,0,0,0,0,0,-0.328018,0.72143,-0.090505,33.46272,208.1831,13.27405,0,False,False
90.18033,-0.134953,1.55211,0.002598,34.51288,265.0598,5.654441,0,0,0,0,0,0,-0.328756,0.721063,-0.087801,33.49785,208.7641,13.27848,0,False,False
90.19149,-0.135647,1.551679,0.006094,34.55647,266.6088,5.611025,0,0,0,0,0,0,-0.329579,0.720628,-0.084676,33.5919,209.4398,13.31592,0,False,False
90.20248,-0.136068,1.551199,0.009488,34.62267,268.1,5.567866,0,0,0,0,0,0,-0.330512,0.720004,-0.081257,33.69942,210.1669,13.36202,0,False,False
90.21365,-0.136523,1.550747,0.012851,34.73819,269.5644,5.550401,0,0,0,0,0,0,-0.331204,0.719395,-0.077809,33.78517,210.8989,13.39185,0,False,False
90.22477,-0.136725,1.550219,0.01605,34.86213,270.9497,5.546632,0,0,0,0,0,0,-0.332162,0.718496,-0.073837,33.90924,211.7371,13.41209,0,False,False
90.23583,-0.136941,1.549744,0.019185,34.95356,272.3096,5.558154,0,0,0,0,0,0,-0.333002,0.717426,-0.06975,34.03281,212.5761,13.41334,0,False,False
90.24708,-0.137116,1.549267,0.022178,35.01355,273.6094,5.597248,0,0,0,0,0,0,-0.33396,0.716348,-0.065367,34.16943,213.5252,13.42899,0,False,False
90.25807,-0.13726,1.548807,0.025155,35.06927,274.8668,5.634195,0,0,0,0,0,0,-0.334774,0.715125,-0.060796,34.30494,214.5162,13.46224,0,False,False
90.2692,-0.137301,1.548388,0.027974,35.13378,276.0612,5.667887,0,0,0,0,0,0,-0.335481,0.713898,-0.055742,34.44386,215.5975,13.50919,0,False,False
90.28032,-0.137336,1.54796,0.030754,35.19369,277.1879,5.703424,0,0,0,0,0,0,-0.336309,0.712655,-0.050692,34.59966,216.706,13.53544,0,False,False
90.29144,-0.137365,1.547499,0.033427,35.26927,278.3144,5.738155,0,0,0,0,0,0,-0.33692,0.711401,-0.045556,34.74243,217.7685,13.54384,0,False,False
90.30245,-0.137322,1.547052,0.036139,35.329,279.417,5.757575,0,0,0,0,0,0,-0.337372,0.710145,-0.040057,34.90583,218.8664,13.5583,0,False,False
90.31367,-0.137201,1.546639,0.038817,35.37854,280.5197,5.777745,0,0,0,0,0,0,-0.337917,0.708774,-0.03455,35.05202,219.9551,13.58553,0,False,False
90.32483,-0.136958,1.546185,0.041384,35.46815,281.6465,5.783781,0,0,0,0,0,0,-0.338296,0.707527,-0.028802,35.22031,221.0656,13.5814,0,False,False
90.33582,-0.136724,1.545795,0.043947,35.57887,282.7538,5.787552,0,0,0,0,0,0,-0.338366,0.706414,-0.023008,35.39902,222.1541,13.53193,0,False,False
90.34702,-0.136369,1.54547,0.04647,35.68629,283.8686,5.791185,0,0,0,0,0,0,-0.338328,0.705148,-0.016687,35.57516,223.331,13.5554,0,False,False
90.35796,-0.13603,1.545091,0.048888,35.752,284.9754,5.796694,0,0,0,0,0,0,-0.338167,0.704006,-0.010361,35.77797,224.4932,13.59298,0,False,False
90.36916,-0.135654,1.544747,0.051286,35.79915,286.1074,5.817533,0,0,0,0,0,0,-0.337939,0.702828,-0.004036,35.96244,225.6604,13.62888,0,False,False
90.38023,-0.135138,1.544353,0.053641,35.8548,287.2341,5.850177,0,0,0,0,0,0,-0.337475,0.701912,0.002186,36.14424,226.7688,13.66817,0,False,False
90.39141,-0.134631,1.543878,0.055945,35.94434,288.3914,5.900628,0,0,0,0,0,0,-0.33695,0.70066,0.008819,36.31683,227.9294,13.7193,0,False,False
90.40252,-0.13404,1.543392,0.058139,36.03322,289.5363,5.95968,0,0,0,0,0,0,-0.33629,0.699632,0.015414,36.47568,229.0594,13.7843,0,False,False
90.41357,-0.133462,1.542874,0.060258,36.1398,290.6789,6.025171,0,0,0,0,0,0,-0.33532,0.698564,0.021878,36.60416,230.1367,13.86354,0,False,False
90.42463,-0.13286,1.542356,0.062338,36.20539,291.8325,6.092078,0,0,0,0,0,0,-0.334029,0.697587,0.028559,36.74406,231.2748,13.93708,0,False,False
90.43581,-0.132234,1.541826,0.064392,36.26812,293.0108,6.186567,0,0,0,0,0,0,-0.332686,0.696449,0.035317,36.8956,232.4123,14.06493,0,False,False
90.44695,-0.131502,1.541226,0.066274,36.33558,294.1672,6.301349,0,0,0,0,0,0,-0.331211,0.6953,0.041984,37.05827,233.5464,14.18154,0,False,False
90.45795,-0.130807,1.540478,0.068104,36.43648,295.2974,6.421824,0,0,0,0,0,0,-0.329607,0.69427,0.048437,37.21645,234.6351,14.29358,0,False,False
90.46906,-0.129998,1.539779,0.069793,36.5407,296.3901,6.550977,0,0,0,0,0,0,-0.327674,0.693152,0.055156,37.3966,235.742,14.41791,0,False,False
90.48019,-0.129256,1.539118,0.071455,36.62986,297.4814,6.686222,0,0,0,0,0,0,-0.325614,0.69185,0.06179,37.5901,236.8499,14.52746,0,False,False
90.49138,-0.128478,1.538405,0.07298,36.69049,298.5071,6.806951,0,0,0,0,0,0,-0.323243,0.690506,0.068902,37.81551,237.9146,14.62955,0,False,False
90.50243,-0.127716,1.537758,0.074412,36.76027,299.5418,6.916618,0,0,0,0,0,0,-0.320697,0.689077,0.075409,38.05714,238.9911,14.76107,0,False,False
90.51357,-0.127008,1.537166,0.075842,36.83657,300.5761,7.045147,0,0,0,0,0,0,-0.318224,0.687972,0.081843,38.29096,240.0015,14.88856,0,False,False
90.5247,-0.126172,1.536583,0.077107,36.94665,301.5792,7.181775,0,0,0,0,0,0,-0.315317,0.686477,0.088291,38.5723,241.0563,15.05736,0,False,False
90.53572,-0.125448,1.536004,0.07836,37.04699,302.5566,7.32894,0,0,0,0,0,0,-0.312042,0.684983,0.094941,38.89449,242.0971,15.21309,0,False,False
90.54687,-0.124542,1.535428,0.07953,37.14433,303.4666,7.508493,0,0,0,0,0,0,-0.308674,0.683429,0.101446,39.24196,243.1587,15.36577,0,False,False
90.55785,-0.123783,1.534955,0.080591,37.22638,304.3481,7.69342,0,0,0,0,0,0,-0.305504,0.681977,0.107526,39.55449,244.2052,15.53001,0,False,False
90.56912,-0.123057,1.534515,0.081472,37.30794,305.1699,7.858288,0,0,0,0,0,0,-0.301808,0.680524,0.1139,39.92253,245.2851,15.69727,0,False,False
90.58022,-0.122337,1.53407,0.082375,37.37978,305.9662,7.999253,0,0,0,0,0,0,-0.298049,0.678959,0.120167,40.30127,246.3779,15.87865,0,False,False
90.59129,-0.121655,1.533661,0.083041,37.45601,306.7183,8.102729,0,0,0,0,0,0,-0.294349,0.677518,0.125787,40.68866,247.4207,16.0576,0,False,False
90.60231,-0.120997,1.533219,0.083691,37.54318,307.4223,8.185061,0,0,0,0,0,0,-0.290354,0.675968,0.1316,41.08667,248.4744,16.21701,0,False,False
90.61361,-0.120321,1.532928,0.084213,37.63684,308.0853,8.243869,0,0,0,0,0,0,-0.28628,0.674612,0.137114,41.49068,249.5192,16.36696,0,False,False
90.62463,-0.11973,1.532662,0.084621,37.72775,308.6474,8.290181,0,0,0,0,0,0,-0.282227,0.673181,0.142783,41.8912,250.5521,16.49928,0,False,False
90.63563,-0.119196,1.532403,0.085047,37.81849,309.2047,8.342547,0,0,0,0,0,0,-0.278191,0.671981,0.147633,42.25446,251.5043,16.59605,0,False,False
90.64676,-0.118727,1.532207,0.085303,37.88575,309.6803,8.360952,0,0,0,0,0,0,-0.273888,0.670672,0.15267,42.62914,252.4721,16.70975,0,False,False
90.65794,-0.118318,1.53211,0.085569,37.96825,310.1534,8.375856,0,0,0,0,0,0,-0.269508,0.669427,0.157625,42.98273,253.3927,16.80591,0,False,False
90.66946,-0.117969,1.531965,0.085721,38.03617,310.5653,8.369768,0,0,0,0,0,0,-0.265062,0.668197,0.162521,43.35889,254.3863,16.92872,0,False,False
90.68055,-0.117744,1.531888,0.085731,38.08697,310.9489,8.381929,0,0,0,0,0,0,-0.260845,0.667292,0.166678,43.69601,255.2013,17.04587,0,False,False
90.69128,-0.117653,1.531843,0.085693,38.10903,311.2832,8.379837,0,0,0,0,0,0,-0.256709,0.666357,0.170335,44.03737,255.9693,17.18808,0,False,False
90.70237,-0.117647,1.531841,0.085562,38.11589,311.5451,8.37544,0,0,0,0,0,0,-0.252465,0.665382,0.174017,44.41079,256.7131,17.32831,0,False,False
90.71335,-0.117781,1.531918,0.085381,38.09381,311.7824,8.385389,0,0,0,0,0,0,-0.248383,0.664457,0.177379,44.76122,257.419,17.46288,0,False,False
90.72454,-0.117998,1.531961,0.085102,38.03155,311.9803,8.432843,0,0,0,0,0,0,-0.244128,0.663338,0.180278,45.15091,257.9498,17.57701,0,False,False
90.7357,-0.118175,1.532058,0.084854,38.0052,312.1479,8.480136,0,0,0,0,0,0,-0.239828,0.662303,0.183342,45.52899,258.5184,17.72278,0,False,False
90.74673,-0.118471,1.532048,0.084422,37.99559,312.2919,8.555126,0,0,0,0,0,0,-0.235784,0.661415,0.185655,45.89253,258.9209,17.81437,0,False,False
90.75781,-0.118764,1.532046,0.084037,37.99346,312.4182,8.607533,0,0,0,0,0,0,-0.231964,0.660564,0.187757,46.26271,259.2341,17.85979,0,False,False
90.76881,-0.119173,1.532017,0.083628,38.00805,312.5404,8.652844,0,0,0,0,0,0,-0.22823,0.659833,0.189775,46.60714,259.5659,17.92169,0,False,False
90.78012,-0.119568,1.531968,0.083251,38.02832,312.6671,8.713486,0,0,0,0,0,0,-0.224752,0.659048,0.191325,46.97235,259.7861,17.96476,0,False,False
90.79125,-0.120013,1.531928,0.082985,38.06741,312.7906,8.771352,0,0,0,0,0,0,-0.221395,0.658402,0.192822,47.34377,259.9926,17.98402,0,False,False
90.80225,-0.120486,1.531714,0.082681,38.11647,312.911,8.822605,0,0,0,0,0,0,-0.218458,0.657704,0.193919,47.71572,260.158,18.00903,0,False,False
90.81329,-0.120969,1.531471,0.082467,38.18243,313.0187,8.874318,0,0,0,0,0,0,-0.215449,0.657005,0.195017,48.05117,260.3267,18.06561,0,False,False
90.82445,-0.121494,1.531132,0.082178,38.29971,313.1391,8.941748,0,0,0,0,0,0,-0.213014,0.656385,0.195765,48.37409,260.4063,18.13892,0,False,False
90.83567,-0.12205,1.530819,0.081907,38.44127,313.2323,9.00621,0,0,0,0,0,0,-0.211009,0.65575,0.196244,48.66953,260.4338,18.16282,0,False,False
90.84689,-0.122705,1.530379,0.081592,38.58893,313.2897,9.04895,0,0,0,0,0,0,-0.209031,0.655123,0.196811,48.98407,260.5157,18.20604,0,False,False
90.85788,-0.123397,1.52998,0.081298,38.75853,313.3656,9.141604,0,0,0,0,0,0,-0.207546,0.654604,0.197138,49.25513,260.5463,18.22493,0,False,False
90.86901,-0.124174,1.529539,0.081025,38.89498,313.3863,9.197306,0,0,0,0,0,0,-0.206076,0.65393,0.19746,49.54107,260.5999,18.26492,0,False,False
90.88003,-0.125037,1.52909,0.080619,39.03492,313.3959,9.292701,0,0,0,0,0,0,-0.205571,0.653348,0.197272,49.781,260.6104,18.32178,0,False,False
90.89137,-0.125907,1.528637,0.080215,39.19055,313.366,9.386697,0,0,0,0,0,0,-0.205301,0.652725,0.197005,49.96999,260.5513,18.37897,0,False,False
90.90213,-0.126914,1.528178,0.079643,39.33163,313.2776,9.499125,0,0,0,0,0,0,-0.205412,0.652209,0.196365,50.0998,260.4313,18.45118,0,False,False
90.91338,-0.127879,1.527729,0.079155,39.48992,313.1511,9.592079,0,0,0,0,0,0,-0.20605,0.651954,0.195558,50.17601,260.2351,18.50028,0,False,False
90.92451,-0.128998,1.52728,0.078552,39.64272,312.9683,9.689825,0,0,0,0,0,0,-0.206734,0.651707,0.194807,50.25041,260.0376,18.5137,0,False,False
90.93547,-0.130089,1.526851,0.077988,39.78935,312.7867,9.785863,0,0,0,0,0,0,-0.208286,0.651677,0.193443,50.19319,259.7289,18.49895,0,False,False
90.94678,-0.131229,1.52644,0.077485,39.9619,312.5359,9.846936,0,0,0,0,0,0,-0.210206,0.651872,0.191742,50.09056,259.3846,18.41353,0,False,False
90.95773,-0.132398,1.526037,0.076959,40.12772,312.3211,9.920292,0,0,0,0,0,0,-0.21256,0.652275,0.189935,49.8999,258.9926,18.26096,0,False,False
90.96895,-0.133545,1.525691,0.076438,40.29329,312.0689,9.976645,0,0,0,0,0,0,-0.215358,0.652889,0.187912,49.64428,258.5847,18.04518,0,False,False
90.98002,-0.134666,1.525484,0.075832,40.44739,311.8035,10.01358,0,0,0,0,0,0,-0.217624,0.653417,0.186083,49.40981,258.2014,17.87076,0,False,False
90.99106,-0.135868,1.52525,0.07515,40.59285,311.5296,10.04318,0,0,0,0,0,0,-0.22101,0.654353,0.183781,49.03933,257.7599,17.63503,0,False,False
91.0022,-0.137164,1.525106,0.074318,40.7007,311.1407,10.04979,0,0,0,0,0,0,-0.224819,0.655372,0.181227,48.66378,257.3065,17.4224,0,False,False
91.01337,-0.138554,1.524962,0.073435,40.80654,310.6563,10.01385,0,0,0,0,0,0,-0.228773,0.656397,0.178615,48.2469,256.8385,17.22166,0,False,False
91.0245,-0.140019,1.524906,0.072366,40.88637,310.0859,9.950882,0,0,0,0,0,0,-0.23289,0.657475,0.175958,47.85135,256.3708,17.04455,0,False,False
91.03561,-0.141618,1.524785,0.071124,40.94923,309.429,9.908401,0,0,0,0,0,0,-0.237193,0.658638,0.17311,47.38692,255.8797,16.91588,0,False,False
91.0467,-0.143227,1.524716,0.069799,41.03453,308.7567,9.918473,0,0,0,0,0,0,-0.241753,0.660082,0.16994,46.86565,255.3168,16.79241,0,False,False
91.05775,-0.144907,1.524663,0.068269,41.1281,307.9592,9.966494,0,0,0,0,0,0,-0.246179,0.661455,0.166789,46.35988,254.7577,16.68741,0,False,False
91.06878,-0.146675,1.524554,0.066621,41.21718,307.1203,10.0753,0,0,0,0,0,0,-0.25079,0.66288,0.163411,45.81359,254.1273,16.54709,0,False,False
91.0799,-0.148462,1.524527,0.064708,41.34584,306.1372,10.22818,0,0,0,0,0,0,-0.255587,0.664481,0.160005,45.24487,253.48,16.39827,0,False,False
91.091,-0.150299,1.524446,0.062593,41.48405,305.0292,10.33434,0,0,0,0,0,0,-0.260347,0.666088,0.156272,44.70227,252.7509,16.24765,0,False,False
91.10215,-0.152117,1.524416,0.060372,41.63362,303.868,10.33579,0,0,0,0,0,0,-0.265074,0.667694,0.152381,44.17892,251.9708,16.09545,0,False,False
91.1133,-0.153883,1.524371,0.057923,41.74827,302.5631,10.23234,0,0,0,0,0,0,-0.269608,0.669334,0.148309,43.70905,251.1171,15.94937,0,False,False
91.12432,-0.155594,1.524365,0.05553,41.8296,301.2997,10.0843,0,0,0,0,0,0,-0.273821,0.670809,0.144277,43.29085,250.2301,15.82496,0,False,False
91.13543,-0.157257,1.524332,0.052991,41.91509,299.9281,9.821551,0,0,0,0,0,0,-0.278169,0.672459,0.140207,42.86681,249.3553,15.73247,0,False,False
91.14697,-0.15892,1.52423,0.050355,42.00686,298.5066,9.558531,0,0,0,0,0,0,-0.282523,0.674111,0.135657,42.48502,248.2967,15.60995,0,False,False
91.15771,-0.160453,1.524119,0.047809,42.12447,297.1006,9.306995,0,0,0,0,0,0,-0.286089,0.675386,0.131691,42.14489,247.3765,15.49698,0,False,False
91.16879,-0.161964,1.524005,0.045056,42.28556,295.5373,9.031774,0,0,0,0,0,0,-0.289899,0.676806,0.127195,41.84018,246.2792,15.37618,0,False,False
91.17984,-0.163385,1.523858,0.042217,42.4747,293.9442,8.786365,0,0,0,0,0,0,-0.293526,0.677954,0.122681,41.54992,245.1682,15.25267,0,False,False
91.1925,-0.164775,1.523675,0.039151,42.7357,292.1967,8.549994,0,0,0,0,0,0,-0.297126,0.679212,0.118236,41.30891,244.0586,15.1556,0,False,False
91.20207,-0.166144,1.523544,0.035916,42.98392,290.3771,8.317805,0,0,0,0,0,0,-0.30046,0.680228,0.114003,41.07608,243.0294,15.07848,0,False,False
91.21323,-0.167381,1.523351,0.032277,43.24556,288.3395,8.018905,0,0,0,0,0,0,-0.303675,0.681188,0.109602,40.9041,241.9766,15.03218,0,False,False
91.22447,-0.168587,1.523142,0.028428,43.49065,286.2247,7.672258,0,0,0,0,0,0,-0.306819,0.681847,0.105325,40.80719,240.9396,15.04042,0,False,False
91.2355,-0.169517,1.522945,0.024304,43.74279,283.976,7.261551,0,0,0,0,0,0,-0.309621,0.682377,0.101262,40.75008,239.9599,15.10763,0,False,False
91.24664,-0.170365,1.522822,0.020033,43.99089,281.7125,6.8742,0,0,0,0,0,0,-0.312501,0.682594,0.097144,40.76989,238.9918,15.23891,0,False,False
91.25762,-0.171145,1.522718,0.015507,44.20443,279.4232,6.512982,0,0,0,0,0,0,-0.315059,0.682905,0.093251,40.77842,238.0493,15.37036,0,False,False
91.26874,-0.171738,1.522659,0.010736,44.37461,277.0395,6.179627,0,0,0,0,0,0,-0.317489,0.682802,0.089053,40.9007,237.057,15.56713,0,False,False
91.27994,-0.172315,1.52265,0.005904,44.53857,274.5634,5.859746,0,0,0,0,0,0,-0.319906,0.682666,0.084838,41.04342,236.0446,15.74288,0,False,False
91.2909,-0.172517,1.522644,0.000886,44.67693,271.9569,5.573871,0,0,0,0,0,0,-0.321859,0.682568,0.08065,41.1657,235.037,15.86564,0,False,False
91.30213,-0.172607,1.522613,-0.004356,44.80786,269.2254,5.249026,0,0,0,0,0,0,-0.323972,0.682496,0.076327,41.27723,233.9636,15.98916,0,False,False
91.31329,-0.172216,1.522547,-0.009727,44.93627,266.3676,4.903848,0,0,0,0,0,0,-0.325776,0.682465,0.07187,41.37849,232.8531,16.02097,0,False,False
91.32451,-0.171717,1.522482,-0.015047,45.06944,263.5174,4.537618,0,0,0,0,0,0,-0.32763,0.682388,0.067386,41.46606,231.7423,16.08623,0,False,False
91.33552,-0.170812,1.522489,-0.02063,45.18237,260.6166,4.178987,0,0,0,0,0,0,-0.329301,0.682201,0.062802,41.52223,230.6314,16.16543,0,False,False
91.3465,-0.169471,1.522491,-0.026046,45.26635,257.7312,3.80171,0,0,0,0,0,0,-0.33085,0.682231,0.058253,41.56223,229.5686,16.22985,0,False,False
91.35771,-0.168156,1.522512,-0.031707,45.33809,254.8357,3.39297,0,0,0,0,0,0,-0.332389,0.682171,0.053642,41.59991,228.4541,16.30283,0,False,False
91.36873,-0.166238,1.522561,-0.037254,45.38622,251.8941,2.957417,0,0,0,0,0,0,-0.333731,0.682013,0.048897,41.60432,227.3526,16.38895,0,False,False
91.37974,-0.164276,1.522689,-0.042975,45.37887,248.8827,2.480857,0,0,0,0,0,0,-0.334905,0.682169,0.044067,41.60043,226.2712,16.46649,0,False,False
91.39094,-0.161863,1.522825,-0.048696,45.34904,245.8076,1.959236,0,0,0,0,0,0,-0.335846,0.682031,0.039049,41.61782,225.1241,16.53419,0,False,False
91.40195,-0.159329,1.523068,-0.054338,45.27255,242.7383,1.459653,0,0,0,0,0,0,-0.336761,0.681991,0.034124,41.64006,223.9407,16.56337,0,False,False
91.41319,-0.156383,1.52336,-0.059939,45.18201,239.6651,1.020447,0,0,0,0,0,0,-0.337318,0.68196,0.028966,41.69136,222.7184,16.54472,0,False,False
91.42422,-0.153185,1.523714,-0.065345,45.10388,236.5572,0.620897,0,0,0,0,0,0,-0.337469,0.68224,0.023865,41.73876,221.5143,16.49924,0,False,False
91.43544,-0.149852,1.524045,-0.070945,45.02028,233.4114,0.248361,0,0,0,0,0,0,-0.337513,0.682542,0.018363,41.79583,220.2198,16.4252,0,False,False
91.44649,-0.145828,1.524384,-0.076101,44.95023,230.1739,359.8885,0,0,0,0,0,0,-0.337405,0.68261,0.013041,41.84122,218.9131,16.33594,0,False,False
91.45753,-0.141689,1.524749,-0.081201,44.8791,226.911,359.5074,0,0,0,0,0,0,-0.337276,0.682831,0.007843,41.8712,217.6473,16.26948,0,False,False
91.46861,-0.13703,1.524995,-0.0861,44.81962,223.6274,359.1094,0,0,0,0,0,0,-0.336988,0.682922,0.002526,41.8912,216.3205,16.20145,0,False,False
91.47972,-0.132275,1.525222,-0.09082,44.75745,220.3436,358.7012,0,0,0,0,0,0,-0.336541,0.683005,-0.002817,41.9151,214.9648,16.15322,0,False,False
91.49086,-0.127001,1.525455,-0.095204,44.75761,217.0943,358.3305,0,0,0,0,0,0,-0.335702,0.683002,-0.008153,41.94015,213.5901,16.10464,0,False,False
91.50205,-0.12146,1.525633,-0.099188,44.74733,213.8357,357.9832,0,0,0,0,0,0,-0.334727,0.683004,-0.013505,41.98765,212.1948,16.04268,0,False,False
91.51309,-0.115876,1.525845,-0.10317,44.71959,210.5705,357.6416,0,0,0,0,0,0,-0.33383,0.683058,-0.018675,42.04459,210.8465,15.97527,0,False,False
91.52429,-0.110048,1.525988,-0.10663,44.68996,207.3288,357.3059,0,0,0,0,0,0,-0.332663,0.683007,-0.024015,42.13051,209.4324,15.90194,0,False,False
91.53532,-0.104319,1.526185,-0.110035,44.61329,204.0944,356.9504,0,0,0,0,0,0,-0.331329,0.682914,-0.029308,42.23722,208.0099,15.85753,0,False,False
91.54649,-0.098215,1.526365,-0.112856,44.53802,200.9378,356.6163,0,0,0,0,0,0,-0.329899,0.682849,-0.03445,42.36287,206.5667,15.80851,0,False,False
91.5576,-0.09215,1.526559,-0.115493,44.48128,197.7775,356.2684,0,0,0,0,0,0,-0.328573,0.682698,-0.039431,42.47384,205.169,15.75704,0,False,False
91.56868,-0.085852,1.526814,-0.117532,44.45641,194.6969,355.973,0,0,0,0,0,0,-0.326911,0.68246,-0.044414,42.6218,203.6961,15.72375,0,False,False
91.57999,-0.079549,1.527064,-0.119404,44.40458,191.6218,355.6881,0,0,0,0,0,0,-0.325003,0.682174,-0.049643,42.79091,202.2211,15.70816,0,False,False
91.59084,-0.073358,1.527311,-0.121058,44.34112,188.6654,355.4634,0,0,0,0,0,0,-0.32324,0.681867,-0.054739,42.96993,200.7398,15.71055,0,False,False
91.60186,-0.066916,1.527337,-0.122275,44.25411,185.725,355.2757,0,0,0,0,0,0,-0.321459,0.681704,-0.059543,43.12994,199.3241,15.71991,0,False,False
91.61292,-0.06058,1.527497,-0.12335,44.15461,182.7997,355.0518,0,0,0,0,0,0,-0.319703,0.681525,-0.064696,43.28785,197.8776,15.74917,0,False,False
91.62419,-0.054519,1.527558,-0.12385,44.02382,179.9507,354.8464,0,0,0,0,0,0,-0.317723,0.681349,-0.069624,43.43058,196.4262,15.76455,0,False,False
91.63525,-0.048423,1.527887,-0.12459,43.90721,177.111,354.5881,0,0,0,0,0,0,-0.315811,0.681235,-0.074709,43.56456,194.9822,15.79945,0,False,False
91.64626,-0.042357,1.528063,-0.124891,43.78653,174.3315,354.3341,0,0,0,0,0,0,-0.313973,0.68141,-0.079809,43.68009,193.6616,15.80077,0,False,False
91.65746,-0.036391,1.52829,-0.124884,43.67495,171.6118,354.0989,0,0,0,0,0,0,-0.311946,0.681549,-0.084774,43.77961,192.3123,15.78427,0,False,False
91.66855,-0.030443,1.528473,-0.124924,43.5805,168.8958,353.842,0,0,0,0,0,0,-0.310073,0.681724,-0.089912,43.88707,190.9997,15.77773,0,False,False
91.67959,-0.024534,1.528606,-0.124434,43.50852,166.2021,353.5555,0,0,0,0,0,0,-0.308102,0.681925,-0.094762,43.93368,189.8217,15.75211,0,False,False
91.69072,-0.018746,1.528718,-0.123921,43.42587,163.5052,353.2681,0,0,0,0,0,0,-0.306377,0.682204,-0.099964,43.9445,188.6482,15.76006,0,False,False
91.70174,-0.013197,1.528805,-0.123036,43.37232,160.9504,352.9579,0,0,0,0,0,0,-0.304537,0.682632,-0.105227,43.93277,187.4924,15.78873,0,False,False
91.71303,-0.007841,1.528463,-0.121797,43.29552,158.4719,352.6831,0,0,0,0,0,0,-0.3026,0.683372,-0.110704,43.78334,186.4909,15.84439,0,False,False
91.72412,-0.002652,1.52858,-0.120731,43.20726,156.1493,352.4219,0,0,0,0,0,0,-0.300864,0.684112,-0.116227,43.66553,185.4465,15.88157,0,False,False
91.7351,0.002184,1.528513,-0.119436,43.12018,153.9308,352.2034,0,0,0,0,0,0,-0.299336,0.684995,-0.121732,43.48349,184.4919,15.88918,0,False,False
91.74628,0.00703,1.528594,-0.118321,43.0414,151.8075,352.045,0,0,0,0,0,0,-0.297521,0.685945,-0.127312,43.29398,183.5036,15.91088,0,False,False
91.75741,0.011388,1.528566,-0.117015,42.96711,149.9038,351.9666,0,0,0,0,0,0,-0.295682,0.687031,-0.133016,43.07613,182.5585,15.90511,0,False,False
91.7684,0.015736,1.528504,-0.115732,42.89963,148.0505,351.9206,0,0,0,0,0,0,-0.293731,0.688197,-0.138259,42.88147,181.6582,15.90624,0,False,False
91.77955,0.019805,1.528536,-0.114464,42.82312,146.3391,351.918,0,0,0,0,0,0,-0.291659,0.689317,-0.143766,42.68135,180.7339,15.93894,0,False,False
91.79062,0.023772,1.528563,-0.113099,42.74447,144.6714,351.9447,0,0,0,0,0,0,-0.289425,0.690356,-0.149132,42.48687,179.8047,15.98283,0,False,False
91.8017,0.027595,1.528539,-0.111805,42.66383,143.042,351.9939,0,0,0,0,0,0,-0.287154,0.691606,-0.154575,42.29194,178.8655,16.01332,0,False,False
91.813,0.031343,1.528465,-0.110373,42.60269,141.4495,352.0378,0,0,0,0,0,0,-0.284879,0.692792,-0.159826,42.09338,177.9137,16.02522,0,False,False
91.82405,0.034856,1.528355,-0.108949,42.58252,140.0021,352.1003,0,0,0,0,0,0,-0.28257,0.694082,-0.16482,41.88182,177.0276,16.0321,0,False,False
91.83504,0.038328,1.528198,-0.107511,42.5754,138.5784,352.172,0,0,0,0,0,0,-0.280103,0.695238,-0.169877,41.65694,176.1163,16.05579,0,False,False
91.84628,0.041551,1.528006,-0.105975,42.60137,137.2428,352.2469,0,0,0,0,0,0,-0.277686,0.69653,-0.174835,41.42313,175.2422,16.09607,0,False,False
91.85732,0.044743,1.527815,-0.104432,42.64243,135.8729,352.2903,0,0,0,0,0,0,-0.275284,0.697812,-0.179562,41.19463,174.412,16.10076,0,False,False
91.8685,0.047627,1.527629,-0.102806,42.69994,134.5868,352.3435,0,0,0,0,0,0,-0.272905,0.699232,-0.184583,40.96587,173.5639,16.11253,0,False,False
91.87962,0.050447,1.52746,-0.10118,42.78333,133.365,352.4238,0,0,0,0,0,0,-0.270453,0.700435,-0.18908,40.74445,172.7399,16.12099,0,False,False
91.89073,0.053189,1.527249,-0.099651,42.84916,132.2021,352.5273,0,0,0,0,0,0,-0.267875,0.701786,-0.193589,40.53566,171.9495,16.15536,0,False,False
91.9017,0.055675,1.527042,-0.098205,42.90096,131.1937,352.6733,0,0,0,0,0,0,-0.265429,0.703018,-0.197819,40.34695,171.2259,16.19847,0,False,False
91.91286,0.058213,1.526796,-0.096789,42.92754,130.2181,352.8195,0,0,0,0,0,0,-0.262896,0.704297,-0.202124,40.17606,170.4708,16.22532,0,False,False
91.92403,0.060557,1.526624,-0.095484,42.94432,129.334,352.9329,0,0,0,0,0,0,-0.260294,0.705532,-0.206335,39.9962,169.7032,16.25104,0,False,False
91.93495,0.062935,1.526468,-0.094178,42.96579,128.4428,353.0507,0,0,0,0,0,0,-0.257648,0.706526,-0.210062,39.82354,168.9443,16.27157,0,False,False
91.94613,0.065179,1.52629,-0.092804,42.99768,127.6019,353.1546,0,0,0,0,0,0,-0.255086,0.707556,-0.213608,39.67638,168.2234,16.26891,0,False,False
91.95727,0.067391,1.526134,-0.091572,43.05841,126.7551,353.2726,0,0,0,0,0,0,-0.252313,0.708455,-0.217006,39.51262,167.4687,16.30115,0,False,False
91.96829,0.069413,1.52588,-0.090134,43.13317,125.9574,353.4138,0,0,0,0,0,0,-0.24968,0.709425,-0.220503,39.35439,166.7319,16.33252,0,False,False
91.97935,0.071421,1.525685,-0.088792,43.2631,125.2062,353.599,0,0,0,0,0,0,-0.247177,0.710497,-0.223729,39.2098,166.0367,16.32633,0,False,False
91.99052,0.073361,1.525403,-0.087388,43.3703,124.5116,353.8075,0,0,0,0,0,0,-0.244556,0.711353,-0.226564,39.09446,165.4168,16.34589,0,False,False
92.00166,0.075296,1.525176,-0.086112,43.47804,123.8596,354.0286,0,0,0,0,0,0,-0.241987,0.7122,-0.229518,39.01428,164.7644,16.3421,0,False,False
92.01286,0.077265,1.524888,-0.084608,43.55224,123.176,354.2332,0,0,0,0,0,0,-0.239377,0.712859,-0.232182,38.92171,164.1216,16.36396,0,False,False
92.02391,0.079184,1.524694,-0.083174,43.6282,122.442,354.4135,0,0,0,0,0,0,-0.236837,0.713513,-0.234489,38.88327,163.4785,16.35944,0,False,False
92.03496,0.081207,1.524602,-0.08178,43.70913,121.6433,354.5715,0,0,0,0,0,0,-0.234329,0.714195,-0.23645,38.88484,162.8454,16.33352,0,False,False
92.04606,0.08311,1.524369,-0.080296,43.79741,120.8713,354.7541,0,0,0,0,0,0,-0.231776,0.714699,-0.238432,38.91661,162.1919,16.31307,0,False,False
92.0572,0.084935,1.524139,-0.078788,43.9053,120.164,354.9497,0,0,0,0,0,0,-0.229371,0.715134,-0.240283,38.98435,161.5627,16.31852,0,False,False
92.06834,0.086626,1.523812,-0.077458,44.00689,119.4692,355.1827,0,0,0,0,0,0,-0.226982,0.715422,-0.242061,39.04625,160.9446,16.3302,0,False,False
92.07939,0.088445,1.523551,-0.075885,44.11258,118.7339,355.3781,0,0,0,0,0,0,-0.224793,0.715461,-0.243357,39.14692,160.3813,16.33769,0,False,False
92.09066,0.09029,1.52332,-0.074248,44.20523,117.9653,355.5825,0,0,0,0,0,0,-0.222472,0.715545,-0.244944,39.27441,159.8207,16.30554,0,False,False
92.10156,0.092061,1.523066,-0.072655,44.32092,117.1853,355.7685,0,0,0,0,0,0,-0.220229,0.715747,-0.246188,39.39164,159.2587,16.28885,0,False,False
92.11266,0.093759,1.522824,-0.070975,44.44912,116.3914,355.9145,0,0,0,0,0,0,-0.218026,0.715722,-0.247125,39.51369,158.6813,16.27271,0,False,False
92.12394,0.095389,1.522539,-0.069311,44.58821,115.6157,356.072,0,0,0,0,0,0,-0.21589,0.715779,-0.248001,39.63554,158.1165,16.27872,0,False,False
92.13492,0.097003,1.522226,-0.067663,44.70422,114.85,356.2493,0,0,0,0,0,0,-0.213795,0.71588,-0.248431,39.75883,157.5294,16.27714,0,False,False
92.14603,0.09862,1.521907,-0.065928,44.79705,114.1018,356.4265,0,0,0,0,0,0,-0.211566,0.715809,-0.249055,39.91604,156.9021,16.24263,0,False,False
92.15751,0.100168,1.521626,-0.064318,44.89288,113.3128,356.5772,0,0,0,0,0,0,-0.209459,0.715765,-0.249632,40.08133,156.265,16.20694,0,False,False
92.16838,0.101692,1.521366,-0.062614,44.98782,112.5261,356.724,0,0,0,0,0,0,-0.207649,0.71562,-0.249964,40.28152,155.6411,16.18461,0,False,False
92.17943,0.103132,1.521067,-0.061017,45.11671,111.7869,356.8752,0,0,0,0,0,0,-0.205859,0.715452,-0.250391,40.50825,154.9852,16.1818,0,False,False
92.19047,0.104435,1.520732,-0.059554,45.2413,111.1201,357.0479,0,0,0,0,0,0,-0.204117,0.715102,-0.250594,40.74596,154.3064,16.1775,0,False,False
92.20171,0.10573,1.520416,-0.058146,45.36843,110.5198,357.223,0,0,0,0,0,0,-0.202389,0.714671,-0.250652,40.98763,153.6244,16.16922,0,False,False
92.21269,0.106945,1.520083,-0.056787,45.46319,109.951,357.3652,0,0,0,0,0,0,-0.200683,0.714295,-0.250681,41.22317,152.9684,16.16521,0,False,False
92.22385,0.10808,1.519697,-0.055545,45.5446,109.4531,357.4499,0,0,0,0,0,0,-0.198891,0.713965,-0.250716,41.45646,152.2948,16.18509,0,False,False
92.23484,0.109125,1.519361,-0.054381,45.65398,108.9762,357.5413,0,0,0,0,0,0,-0.197358,0.713558,-0.250616,41.71201,151.5923,16.24902,0,False,False
92.24612,0.110053,1.519042,-0.053328,45.78425,108.6008,357.6271,0,0,0,0,0,0,-0.195898,0.71307,-0.250487,41.97399,150.9034,16.30241,0,False,False
92.25725,0.110956,1.51869,-0.052301,45.9415,108.264,357.7323,0,0,0,0,0,0,-0.194702,0.712615,-0.250566,42.24122,150.2522,16.35829,0,False,False
92.26814,0.111671,1.518347,-0.051452,46.08181,107.9752,357.8486,0,0,0,0,0,0,-0.193455,0.712161,-0.250614,42.51939,149.5874,16.4513,0,False,False
92.2795,0.112356,1.517996,-0.050625,46.20609,107.7399,357.9707,0,0,0,0,0,0,-0.192311,0.711767,-0.250744,42.78819,148.9435,16.5396,0,False,False
92.2905,0.113023,1.517693,-0.049858,46.3088,107.5188,358.1078,0,0,0,0,0,0,-0.191322,0.711352,-0.250931,43.05428,148.348,16.62447,0,False,False
92.30151,0.113642,1.517468,-0.049166,46.37186,107.3198,358.2205,0,0,0,0,0,0,-0.190487,0.710967,-0.25109,43.3077,147.8565,16.71324,0,False,False
92.31287,0.114265,1.517249,-0.048458,46.44117,107.1247,358.3505,0,0,0,0,0,0,-0.189638,0.710614,-0.251566,43.55655,147.3949,16.84138,0,False,False
92.32401,0.11481,1.517003,-0.047831,46.49997,106.9467,358.4776,0,0,0,0,0,0,-0.188685,0.7102,-0.252059,43.79505,146.9371,16.97335,0,False,False
92.33512,0.115329,1.516827,-0.047188,46.58517,106.7726,358.619,0,0,0,0,0,0,-0.188087,0.709901,-0.252842,44.00359,146.5493,17.10291,0,False,False
92.34602,0.115738,1.516629,-0.046661,46.63135,106.6467,358.798,0,0,0,0,0,0,-0.187411,0.709655,-0.253744,44.16719,146.2585,17.23001,0,False,False
92.35711,0.116118,1.516391,-0.046152,46.68979,106.4821,358.9512,0,0,0,0,0,0,-0.186698,0.709428,-0.254739,44.2885,145.9741,17.35748,0,False,False
92.36818,0.116509,1.516196,-0.045612,46.72433,106.3095,359.0652,0,0,0,0,0,0,-0.185958,0.709358,-0.255979,44.35696,145.7659,17.5133,0,False,False
92.3793,0.116904,1.516072,-0.045026,46.77047,106.1072,359.1302,0,0,0,0,0,0,-0.185222,0.70932,-0.257185,44.42688,145.5386,17.65928,0,False,False
92.39049,0.117255,1.515927,-0.044487,46.8161,105.9227,359.1826,0,0,0,0,0,0,-0.184505,0.709374,-0.258574,44.41215,145.3973,17.82538,0,False,False
92.40156,0.117522,1.515784,-0.043992,46.86441,105.7145,359.1743,0,0,0,0,0,0,-0.183597,0.709498,-0.259952,44.4091,145.2121,17.97728,0,False,False
92.41278,0.117752,1.515619,-0.043514,46.91522,105.5302,359.1837,0,0,0,0,0,0,-0.182766,0.709772,-0.261613,44.35714,145.0618,18.10872,0,False,False
92.42365,0.117924,1.515499,-0.043097,46.95943,105.348,359.183,0,0,0,0,0,0,-0.181734,0.710156,-0.263182,44.30558,144.9153,18.23515,0,False,False
92.43472,0.118093,1.515356,-0.042701,46.99918,105.2054,359.2135,0,0,0,0,0,0,-0.180794,0.7105,-0.26473,44.23526,144.7628,18.34785,0,False,False
92.44592,0.118251,1.51526,-0.042357,47.034,105.0697,359.2608,0,0,0,0,0,0,-0.179671,0.710937,-0.266316,44.15906,144.5901,18.4191,0,False,False
92.45708,0.118326,1.515171,-0.042076,47.0699,104.984,359.31,0,0,0,0,0,0,-0.17865,0.711474,-0.267992,44.07627,144.4215,18.4863,0,False,False
92.46812,0.118418,1.515072,-0.041806,47.1046,104.9253,359.3804,0,0,0,0,0,0,-0.177431,0.712045,-0.269529,43.95171,144.2471,18.51869,0,False,False
92.47923,0.118458,1.515047,-0.041574,47.13522,104.9138,359.4346,0,0,0,0,0,0,-0.176056,0.712635,-0.271103,43.80854,144.0616,18.52797,0,False,False
92.49052,0.118482,1.515024,-0.04133,47.1659,104.9386,359.5478,0,0,0,0,0,0,-0.174725,0.713367,-0.272764,43.63007,143.8595,18.52488,0,False,False
92.5015,0.11851,1.515043,-0.041159,47.17786,104.9942,359.6678,0,0,0,0,0,0,-0.173442,0.713915,-0.274304,43.44512,143.6802,18.5258,0,False,False
92.51254,0.118516,1.515078,-0.041019,47.18072,105.0695,359.8106,0,0,0,0,0,0,-0.172328,0.714559,-0.275846,43.28459,143.5226,18.52453,0,False,False
92.52378,0.118551,1.515013,-0.040851,47.15339,105.1474,359.9682,0,0,0,0,0,0,-0.170908,0.715277,-0.277349,43.09873,143.3669,18.52669,0,False,False
92.53481,0.118494,1.515027,-0.040736,47.16745,105.2552,0.124489,0,0,0,0,0,0,-0.169474,0.715999,-0.278902,42.90377,143.2412,18.53443,0,False,False
92.54596,0.118451,1.514971,-0.040581,47.19987,105.3572,0.273727,0,0,0,0,0,0,-0.1681,0.716698,-0.280411,42.72029,143.096,18.53629,0,False,False
92.55714,0.118318,1.514914,-0.040453,47.22601,105.5011,0.417482,0,0,0,0,0,0,-0.166569,0.717505,-0.281824,42.5074,142.9837,18.52823,0,False,False
92.56813,0.118183,1.514851,-0.040338,47.26602,105.639,0.558083,0,0,0,0,0,0,-0.165195,0.718127,-0.283155,42.31226,142.8688,18.52202,0,False,False
92.57924,0.118,1.51473,-0.040215,47.28184,105.7834,0.682091,0,0,0,0,0,0,-0.163753,0.718795,-0.284425,42.10072,142.7584,18.49865,0,False,False
92.59043,0.117828,1.514679,-0.040045,47.27959,105.9003,0.811011,0,0,0,0,0,0,-0.162324,0.719468,-0.28558,41.89309,142.6631,18.46671,0,False,False
92.60136,0.117689,1.514655,-0.039953,47.28042,105.9853,0.924862,0,0,0,0,0,0,-0.161055,0.720035,-0.286703,41.71029,142.5478,18.42091,0,False,False
92.6125,0.117484,1.514591,-0.039805,47.28835,106.0393,1.00595,0,0,0,0,0,0,-0.159685,0.720617,-0.287782,41.50918,142.4424,18.38747,0,False,False
92.62371,0.11729,1.514594,-0.039598,47.30393,106.1199,1.093632,0,0,0,0,0,0,-0.158428,0.721174,-0.288687,41.33067,142.3197,18.31954,0,False,False
92.63473,0.117035,1.514586,-0.039421,47.31269,106.2025,1.171442,0,0,0,0,0,0,-0.157126,0.72166,-0.289477,41.16102,142.22,18.27511,0,False,False
92.64587,0.116806,1.514586,-0.03926,47.32419,106.2818,1.227672,0,0,0,0,0,0,-0.155915,0.72214,-0.290241,40.99982,142.1066,18.21381,0,False,False
92.65694,0.11659,1.51459,-0.039041,47.3224,106.3923,1.31304,0,0,0,0,0,0,-0.15473,0.722532,-0.290695,40.85622,142.0033,18.15778,0,False,False
92.66801,0.116387,1.514648,-0.038817,47.31307,106.4784,1.379417,0,0,0,0,0,0,-0.153537,0.72301,-0.291323,40.70641,141.9204,18.09781,0,False,False
92.67921,0.116198,1.514743,-0.038506,47.28006,106.5231,1.411908,0,0,0,0,0,0,-0.152468,0.723458,-0.291602,40.56979,141.8318,18.02783,0,False,False
92.6904,0.115973,1.514874,-0.038323,47.24037,106.5505,1.439337,0,0,0,0,0,0,-0.151345,0.723833,-0.291949,40.46102,141.7607,17.94288,0,False,False
92.7014,0.115763,1.514975,-0.038137,47.1935,106.5591,1.446684,0,0,0,0,0,0,-0.150411,0.724156,-0.292239,40.35093,141.6883,17.86142,0,False,False
92.71248,0.115567,1.515107,-0.03795,47.158,106.5933,1.464811,0,0,0,0,0,0,-0.149324,0.724558,-0.292455,40.26087,141.6319,17.7891,0,False,False
92.72364,0.115418,1.51524,-0.037743,47.12096,106.6537,1.476231,0,0,0,0,0,0,-0.148575,0.724783,-0.292482,40.1769,141.5703,17.7069,0,False,False
92.73466,0.115223,1.515363,-0.037593,47.08213,106.7131,1.492683,0,0,0,0,0,0,-0.147851,0.724959,-0.292282,40.11341,141.5112,17.63968,0,False,False
92.7458,0.115082,1.515537,-0.037359,47.06137,106.7672,1.500597,0,0,0,0,0,0,-0.147358,0.725052,-0.291926,40.0419,141.4448,17.54593,0,False,False
92.75696,0.114938,1.515645,-0.037102,47.02262,106.808,1.515749,0,0,0,0,0,0,-0.146682,0.725225,-0.291622,39.97148,141.3946,17.46201,0,False,False
92.76797,0.114757,1.515736,-0.036937,46.96542,106.8483,1.55413,0,0,0,0,0,0,-0.146284,0.725469,-0.291201,39.92935,141.3521,17.34604,0,False,False
92.77911,0.114638,1.515813,-0.036746,46.93631,106.8861,1.601368,0,0,0,0,0,0,-0.145692,0.725473,-0.29062,39.88537,141.3246,17.24559,0,False,False
92.79029,0.114483,1.515872,-0.036611,46.92085,106.9342,1.661509,0,0,0,0,0,0,-0.145372,0.725544,-0.289949,39.85503,141.3007,17.15008,0,False,False
92.80128,0.114343,1.515916,-0.03643,46.90025,106.9711,1.700053,0,0,0,0,0,0,-0.14541,0.725457,-0.289321,39.85001,141.276,17.06098,0,False,False
92.81246,0.114222,1.515979,-0.036282,46.89671,107.032,1.741706,0,0,0,0,0,0,-0.145333,0.725345,-0.288485,39.85577,141.2471,16.99116,0,False,False
92.82368,0.114146,1.516008,-0.036142,46.87426,107.0828,1.755751,0,0,0,0,0,0,-0.145069,0.725242,-0.287606,39.87188,141.2243,16.92052,0,False,False
92.83458,0.114027,1.516009,-0.035969,46.8539,107.1129,1.767494,0,0,0,0,0,0,-0.14513,0.724929,-0.286543,39.91692,141.2091,16.87249,0,False,False
92.84585,0.113937,1.515986,-0.035831,46.84657,107.1383,1.770929,0,0,0,0,0,0,-0.145381,0.724674,-0.285456,39.98087,141.183,16.79169,0,False,False
92.8569,0.113829,1.515988,-0.035715,46.84524,107.1814,1.785205,0,0,0,0,0,0,-0.145638,0.724369,-0.284392,40.04547,141.1553,16.71728,0,False,False
92.86798,0.113722,1.515903,-0.035672,46.86336,107.2341,1.792044,0,0,0,0,0,0,-0.146292,0.724014,-0.283284,40.1631,141.1519,16.64771,0,False,False
92.87899,0.113555,1.515863,-0.035653,46.88624,107.3255,1.812143,0,0,0,0,0,0,-0.147025,0.723762,-0.282416,40.25874,141.1521,16.58184,0,False,False
92.89014,0.113367,1.515792,-0.035676,46.90803,107.447,1.828699,0,0,0,0,0,0,-0.147688,0.723218,-0.281175,40.37507,141.1853,16.54528,0,False,False
92.90123,0.113139,1.515734,-0.035776,46.93985,107.6071,1.86966,0,0,0,0,0,0,-0.148451,0.722639,-0.279932,40.51632,141.2307,16.52561,0,False,False
92.91243,0.112946,1.515676,-0.035924,46.96812,107.8024,1.921126,0,0,0,0,0,0,-0.149393,0.722104,-0.278398,40.6438,141.2955,16.51088,0,False,False
92.92355,0.112737,1.515602,-0.036127,46.99466,108.0325,1.985202,0,0,0,0,0,0,-0.150564,0.721299,-0.277117,40.79913,141.4167,16.52165,0,False,False
92.93458,0.112523,1.515588,-0.036333,46.99713,108.2815,2.058647,0,0,0,0,0,0,-0.151672,0.720641,-0.275862,40.93521,141.5182,16.54113,0,False,False
92.94572,0.112233,1.515615,-0.036601,47.00636,108.5602,2.121435,0,0,0,0,0,0,-0.153072,0.719934,-0.274711,41.10662,141.6658,16.58141,0,False,False
92.95702,0.1119,1.515676,-0.036867,47.0126,108.8422,2.192286,0,0,0,0,0,0,-0.154398,0.71915,-0.273392,41.26661,141.8074,16.61373,0,False,False
92.96787,0.111549,1.515758,-0.037116,47.01296,109.1433,2.283583,0,0,0,0,0,0,-0.155883,0.718465,-0.272308,41.4523,141.9656,16.63681,0,False,False
92.97902,0.111229,1.515842,-0.037367,47.00409,109.4549,2.383938,0,0,0,0,0,0,-0.157372,0.717913,-0.271117,41.65385,142.1567,16.682,0,False,False
92.99029,0.110845,1.515968,-0.037664,46.96685,109.7463,2.483554,0,0,0,0,0,0,-0.158996,0.717237,-0.269979,41.86414,142.3635,16.74202,0,False,False
93.00124,0.110488,1.516079,-0.037994,46.94377,110.0602,2.619056,0,0,0,0,0,0,-0.160566,0.716623,-0.268793,42.05077,142.5719,16.81476,0,False,False
93.01244,0.110115,1.516241,-0.038383,46.8892,110.4188,2.767997,0,0,0,0,0,0,-0.162191,0.715993,-0.2675,42.24179,142.7659,16.87896,0,False,False
93.02339,0.109772,1.516417,-0.038707,46.84266,110.8276,2.962148,0,0,0,0,0,0,-0.163757,0.715343,-0.266199,42.42894,142.9686,16.93761,0,False,False
93.03451,0.109376,1.516589,-0.039029,46.80164,111.2141,3.112222,0,0,0,0,0,0,-0.165369,0.71458,-0.264827,42.60632,143.1461,16.96934,0,False,False
93.04576,0.108998,1.516754,-0.03922,46.76662,111.6043,3.21608,0,0,0,0,0,0,-0.167104,0.713973,-0.263486,42.79245,143.3231,17.02336,0,False,False
93.05682,0.108616,1.51691,-0.03948,46.73291,111.9342,3.31774,0,0,0,0,0,0,-0.168551,0.713368,-0.26212,42.98432,143.4891,17.07142,0,False,False
93.06805,0.108193,1.517089,-0.039629,46.71449,112.2356,3.390865,0,0,0,0,0,0,-0.170149,0.712817,-0.260729,43.17346,143.6381,17.12282,0,False,False
93.07898,0.107763,1.517223,-0.039803,46.69851,112.5206,3.479037,0,0,0,0,0,0,-0.17188,0.712311,-0.25957,43.35979,143.7936,17.16734,0,False,False
93.09034,0.107306,1.517411,-0.039997,46.69243,112.8043,3.571576,0,0,0,0,0,0,-0.173797,0.711757,-0.258658,43.54134,143.9364,17.17914,0,False,False
93.10115,0.106931,1.51756,-0.04013,46.67358,113.048,3.673883,0,0,0,0,0,0,-0.175228,0.711142,-0.257458,43.69416,144.1266,17.24215,0,False,False
93.11243,0.106546,1.517697,-0.040249,46.65545,113.2725,3.741634,0,0,0,0,0,0,-0.176805,0.710568,-0.256355,43.85732,144.312,17.30416,0,False,False
93.12349,0.106217,1.517855,-0.040351,46.62814,113.4479,3.770054,0,0,0,0,0,0,-0.178293,0.709982,-0.255293,43.98721,144.5377,17.38172,0,False,False
93.13462,0.105907,1.51801,-0.040447,46.59114,113.6231,3.787783,0,0,0,0,0,0,-0.179813,0.709495,-0.254444,44.12189,144.7412,17.44271,0,False,False
93.14555,0.105604,1.518164,-0.040513,46.54022,113.7595,3.754522,0,0,0,0,0,0,-0.181212,0.708994,-0.253495,44.20542,144.9812,17.50427,0,False,False
93.15676,0.105302,1.518299,-0.040623,46.50662,113.9213,3.726464,0,0,0,0,0,0,-0.182448,0.708674,-0.252659,44.29015,145.2281,17.56545,0,False,False
93.16782,0.104896,1.518442,-0.040782,46.4701,114.0867,3.677065,0,0,0,0,0,0,-0.183744,0.708226,-0.251847,44.35512,145.4753,17.62533,0,False,False
93.17899,0.104557,1.518529,-0.04096,46.42963,114.2436,3.637673,0,0,0,0,0,0,-0.185028,0.707869,-0.251066,44.41763,145.7442,17.69919,0,False,False
93.19043,0.104177,1.518627,-0.041198,46.39331,114.4229,3.604508,0,0,0,0,0,0,-0.186411,0.707512,-0.250264,44.46443,146.0025,17.74949,0,False,False
93.20142,0.103792,1.518672,-0.041408,46.37689,114.5788,3.550295,0,0,0,0,0,0,-0.187403,0.707278,-0.249612,44.49822,146.2354,17.78872,0,False,False
93.21233,0.10336,1.518667,-0.041614,46.3752,114.7623,3.475413,0,0,0,0,0,0,-0.188613,0.706962,-0.248938,44.53042,146.442,17.83899,0,False,False
93.22338,0.10291,1.518667,-0.041812,46.37,114.9375,3.396083,0,0,0,0,0,0,-0.189374,0.706764,-0.248215,44.55244,146.5801,17.83166,0,False,False
93.23456,0.102504,1.518695,-0.042019,46.35312,115.1127,3.313405,0,0,0,0,0,0,-0.190045,0.706466,-0.247438,44.55557,146.6814,17.83544,0,False,False
93.24568,0.102084,1.518738,-0.042205,46.33791,115.3208,3.25005,0,0,0,0,0,0,-0.190647,0.706282,-0.24671,44.56685,146.786,17.81336,0,False,False
93.25669,0.101657,1.518771,-0.042457,46.30359,115.523,3.200431,0,0,0,0,0,0,-0.191126,0.706142,-0.246049,44.56549,146.8813,17.78023,0,False,False
93.26778,0.101212,1.518856,-0.042803,46.27912,115.75,3.192873,0,0,0,0,0,0,-0.191446,0.706203,-0.245441,44.5577,146.9878,17.76809,0,False,False
93.27892,0.100732,1.518971,-0.043096,46.24525,115.9656,3.173956,0,0,0,0,0,0,-0.191925,0.706074,-0.244734,44.53965,147.0982,17.73452,0,False,False
93.29014,0.100308,1.519055,-0.043348,46.23136,116.1892,3.15417,0,0,0,0,0,0,-0.192036,0.705921,-0.243969,44.50244,147.191,17.68348,0,False,False
93.30118,0.099832,1.519191,-0.043565,46.22409,116.4093,3.137604,0,0,0,0,0,0,-0.192169,0.705814,-0.243344,44.45835,147.2739,17.64677,0,False,False
93.31232,0.099407,1.519314,-0.043836,46.20747,116.6348,3.082231,0,0,0,0,0,0,-0.192325,0.705801,-0.242689,44.39434,147.3513,17.57693,0,False,False
93.32337,0.098931,1.519421,-0.04415,46.16408,116.8622,3.035674,0,0,0,0,0,0,-0.192597,0.705965,-0.242376,44.35096,147.4495,17.51608,0,False,False
93.3346,0.098494,1.519577,-0.044458,46.11013,117.0806,2.977846,0,0,0,0,0,0,-0.19267,0.705961,-0.24186,44.30278,147.5535,17.45497,0,False,False
93.34557,0.098121,1.51973,-0.044763,46.05858,117.2767,2.933558,0,0,0,0,0,0,-0.192641,0.705943,-0.241387,44.25512,147.6475,17.38582,0,False,False
93.3567,0.097757,1.519896,-0.045072,46.00794,117.4924,2.918384,0,0,0,0,0,0,-0.192572,0.705944,-0.240942,44.20347,147.7478,17.31438,0,False,False
93.36782,0.097399,1.520097,-0.04545,45.94159,117.7229,2.928804,0,0,0,0,0,0,-0.192511,0.705854,-0.240428,44.14103,147.8437,17.24649,0,False,False
93.3791,0.097078,1.520351,-0.04581,45.86314,117.9808,2.950257,0,0,0,0,0,0,-0.192322,0.705824,-0.239971,44.08581,147.9235,17.1742,0,False,False
93.39002,0.096831,1.520544,-0.046297,45.71767,118.2741,2.981884,0,0,0,0,0,0,-0.192145,0.705813,-0.239552,44.01035,148.0101,17.11386,0,False,False
93.40124,0.096512,1.520762,-0.046755,45.56754,118.6017,3.029823,0,0,0,0,0,0,-0.191942,0.705799,-0.239125,43.92798,148.0897,17.02398,0,False,False
93.41219,0.096221,1.521049,-0.047343,45.42516,118.9947,3.105478,0,0,0,0,0,0,-0.191644,0.705743,-0.23866,43.84307,148.1521,16.9367,0,False,False
93.42329,0.095893,1.521343,-0.047953,45.32455,119.4187,3.222643,0,0,0,0,0,0,-0.191356,0.70575,-0.238214,43.76979,148.2292,16.84744,0,False,False
93.43445,0.095452,1.521639,-0.048649,45.20275,119.8983,3.368643,0,0,0,0,0,0,-0.190933,0.705815,-0.237725,43.71025,148.2643,16.71909,0,False,False
93.44546,0.095037,1.521972,-0.049386,45.04224,120.4099,3.554845,0,0,0,0,0,0,-0.190512,0.705854,-0.237218,43.64083,148.3052,16.614,0,False,False
93.4567,0.094578,1.522338,-0.050211,44.87972,120.9484,3.775927,0,0,0,0,0,0,-0.190127,0.70594,-0.236794,43.57073,148.3293,16.52086,0,False,False
93.46776,0.09411,1.522745,-0.051082,44.68768,121.5558,4.066829,0,0,0,0,0,0,-0.189723,0.705991,-0.236313,43.49775,148.3658,16.41931,0,False,False
93.47878,0.093638,1.523143,-0.051943,44.51399,122.1623,4.344882,0,0,0,0,0,0,-0.189162,0.706132,-0.235944,43.41266,148.396,16.32607,0,False,False
93.49003,0.093008,1.523509,-0.052833,44.37092,122.7929,4.643729,0,0,0,0,0,0,-0.188727,0.706233,-0.235452,43.33527,148.4292,16.22251,0,False,False
93.5011,0.092467,1.523832,-0.053637,44.25379,123.4125,4.930747,0,0,0,0,0,0,-0.188239,0.706282,-0.234963,43.26953,148.4518,16.121,0,False,False
93.51229,0.091888,1.524135,-0.054425,44.15296,123.9926,5.185729,0,0,0,0,0,0,-0.187976,0.706303,-0.23443,43.19917,148.4723,16.00487,0,False,False
93.52332,0.091339,1.524368,-0.055143,44.08407,124.5466,5.419223,0,0,0,0,0,0,-0.187638,0.706339,-0.233847,43.17,148.4772,15.91947,0,False,False
93.53438,0.090758,1.524545,-0.055796,44.0446,125.0371,5.640867,0,0,0,0,0,0,-0.187328,0.706398,-0.23337,43.12848,148.507,15.83266,0,False,False
93.54565,0.090192,1.524702,-0.056426,44.02826,125.492,5.809344,0,0,0,0,0,0,-0.187121,0.706369,-0.232764,43.09146,148.5246,15.7431,0,False,False
93.55666,0.089689,1.52482,-0.056975,44.0299,125.8952,5.937742,0,0,0,0,0,0,-0.18682,0.70651,-0.232255,43.06545,148.553,15.64209,0,False,False
93.5677,0.089219,1.52487,-0.057541,44.03872,126.249,6.008359,0,0,0,0,0,0,-0.186638,0.706473,-0.231767,43.04608,148.5893,15.56682,0,False,False
93.57874,0.088808,1.524902,-0.058066,44.04103,126.5927,6.053392,0,0,0,0,0,0,-0.18647,0.706442,-0.23125,43.02055,148.6363,15.49048,0,False,False
93.58994,0.088364,1.524888,-0.058615,44.0672,126.8737,6.049441,0,0,0,0,0,0,-0.186646,0.706265,-0.230814,43.00693,148.7266,15.46274,0,False,False
93.60107,0.087962,1.524923,-0.059059,44.11605,127.1112,6.003266,0,0,0,0,0,0,-0.186726,0.706089,-0.230194,42.99519,148.8119,15.42384,0,False,False
93.61211,0.087598,1.524902,-0.059422,44.21539,127.2786,5.924992,0,0,0,0,0,0,-0.186792,0.705888,-0.229746,43.01546,148.9034,15.39464,0,False,False
93.62329,0.087212,1.524866,-0.059756,44.31664,127.4224,5.870046,0,0,0,0,0,0,-0.186809,0.705697,-0.229371,43.02999,149.0443,15.38571,0,False,False
93.63432,0.08687,1.5248,-0.060058,44.42047,127.5795,5.828403,0,0,0,0,0,0,-0.187014,0.705506,-0.228862,43.05547,149.1359,15.36742,0,False,False
93.64548,0.086632,1.524799,-0.060406,44.49422,127.7023,5.764692,0,0,0,0,0,0,-0.187236,0.705238,-0.228303,43.1124,149.2265,15.35103,0,False,False
93.65649,0.086488,1.524848,-0.060743,44.52317,127.816,5.717879,0,0,0,0,0,0,-0.18742,0.705077,-0.227741,43.15466,149.3316,15.33555,0,False,False
93.66759,0.086448,1.524885,-0.06116,44.51045,127.8745,5.643502,0,0,0,0,0,0,-0.187515,0.70485,-0.227246,43.20755,149.4371,15.32679,0,False,False
93.6787,0.08643,1.524979,-0.061505,44.47665,127.9318,5.604643,0,0,0,0,0,0,-0.187742,0.704406,-0.226638,43.2538,149.532,15.31252,0,False,False
93.68985,0.0865,1.525069,-0.061849,44.43118,127.9367,5.551204,0,0,0,0,0,0,-0.187957,0.704076,-0.226133,43.30463,149.6065,15.29083,0,False,False
93.70109,0.086525,1.525126,-0.062264,44.38198,127.9333,5.480903,0,0,0,0,0,0,-0.188306,0.703926,-0.225447,43.36159,149.6906,15.2927,0,False,False
93.71225,0.086678,1.52525,-0.062577,44.31144,127.8986,5.401964,0,0,0,0,0,0,-0.188657,0.703559,-0.224871,43.39683,149.7509,15.28891,0,False,False
93.72356,0.086821,1.525295,-0.062893,44.23431,127.8495,5.299359,0,0,0,0,0,0,-0.188965,0.703125,-0.224358,43.44166,149.8395,15.30935,0,False,False
93.73435,0.086946,1.525358,-0.063151,44.19157,127.7908,5.20161,0,0,0,0,0,0,-0.189298,0.70267,-0.223782,43.49104,149.9146,15.30325,0,False,False
93.74555,0.087101,1.525381,-0.063332,44.17404,127.7,5.080691,0,0,0,0,0,0,-0.189622,0.702294,-0.223276,43.53957,149.9961,15.30146,0,False,False
93.75661,0.087255,1.52535,-0.063459,44.17916,127.5664,4.952481,0,0,0,0,0,0,-0.189955,0.701972,-0.22276,43.60239,150.0684,15.30802,0,False,False
93.76761,0.087466,1.525316,-0.063522,44.19457,127.3639,4.782588,0,0,0,0,0,0,-0.190286,0.701764,-0.222326,43.67318,150.1367,15.32942,0,False,False
93.77867,0.087731,1.525248,-0.063556,44.20443,127.1405,4.616944,0,0,0,0,0,0,-0.190571,0.701317,-0.221834,43.75492,150.2215,15.35731,0,False,False
93.78983,0.087962,1.525149,-0.063526,44.26386,126.9023,4.453538,0,0,0,0,0,0,-0.190746,0.701188,-0.2214,43.85649,150.2538,15.35376,0,False,False
93.80103,0.088234,1.525028,-0.06349,44.32576,126.654,4.28622,0,0,0,0,0,0,-0.1909,0.700849,-0.22097,43.94962,150.2735,15.35098,0,False,False
93.81195,0.088564,1.524889,-0.063462,44.38638,126.3462,4.07414,0,0,0,0,0,0,-0.191264,0.700507,-0.220658,44.02591,150.3072,15.36163,0,False,False
93.82314,0.088948,1.524776,-0.063409,44.39474,126.0388,3.877869,0,0,0,0,0,0,-0.191358,0.700305,-0.220203,44.09797,150.3124,15.35495,0,False,False
93.83423,0.089416,1.524704,-0.063287,44.39574,125.7331,3.716768,0,0,0,0,0,0,-0.191521,0.700057,-0.2198,44.17021,150.3081,15.34425,0,False,False
93.84537,0.089844,1.524651,-0.063217,44.40245,125.3966,3.519949,0,0,0,0,0,0,-0.191719,0.699851,-0.21918,44.23591,150.296,15.3303,0,False,False
93.85639,0.090265,1.524565,-0.063135,44.41588,125.0783,3.354277,0,0,0,0,0,0,-0.19196,0.699715,-0.218823,44.30223,150.2861,15.31676,0,False,False
93.86756,0.090658,1.5245,-0.062977,44.43873,124.7524,3.184791,0,0,0,0,0,0,-0.192021,0.699493,-0.218571,44.37611,150.2682,15.28531,0,False,False
93.87863,0.091097,1.524456,-0.062842,44.45575,124.4372,3.013185,0,0,0,0,0,0,-0.19195,0.699518,-0.218454,44.42423,150.2632,15.26045,0,False,False
93.88973,0.091499,1.52444,-0.062739,44.45462,124.1508,2.884195,0,0,0,0,0,0,-0.192027,0.699402,-0.218151,44.4657,150.2665,15.2542,0,False,False
93.90105,0.091968,1.524415,-0.062663,44.4305,123.8531,2.732537,0,0,0,0,0,0,-0.19206,0.699331,-0.218021,44.50803,150.269,15.23762,0,False,False
93.91212,0.092409,1.524404,-0.062645,44.4212,123.6236,2.618335,0,0,0,0,0,0,-0.191988,0.699187,-0.217853,44.54658,150.2647,15.25208,0,False,False
93.92308,0.092838,1.524383,-0.062591,44.38888,123.3996,2.496563,0,0,0,0,0,0,-0.192125,0.699052,-0.217978,44.54716,150.2614,15.25978,0,False,False
93.93432,0.093337,1.524329,-0.062555,44.40428,123.2116,2.405906,0,0,0,0,0,0,-0.191925,0.698954,-0.218046,44.54668,150.2592,15.21443,0,False,False
93.94535,0.093785,1.524257,-0.062525,44.40029,123.0243,2.296754,0,0,0,0,0,0,-0.191861,0.69903,-0.218124,44.52634,150.2604,15.19657,0,False,False
93.95648,0.094193,1.524212,-0.062513,44.39886,122.8445,2.201502,0,0,0,0,0,0,-0.191586,0.69899,-0.218055,44.51658,150.2386,15.2828,0,False,False
93.96745,0.094571,1.524184,-0.0625,44.38211,122.6971,2.11391,0,0,0,0,0,0,-0.191362,0.699057,-0.218277,44.50208,150.2206,15.29897,0,False,False
93.97866,0.094941,1.524045,-0.06252,44.3791,122.5618,2.017164,0,0,0,0,0,0,-0.191294,0.699125,-0.218417,44.50409,150.2012,15.29892,0,False,False
93.98987,0.095332,1.523992,-0.06254,44.38517,122.4801,1.960133,0,0,0,0,0,0,-0.191123,0.699162,-0.218724,44.50381,150.1796,15.30532,0,False,False
94.00091,0.095701,1.523893,-0.062592,44.38814,122.3999,1.896822,0,0,0,0,0,0,-0.190916,0.699235,-0.218997,44.50617,150.1132,15.3495,0,False,False
94.01202,0.096074,1.523813,-0.062651,44.41245,122.357,1.861753,0,0,0,0,0,0,-0.190623,0.699255,-0.219225,44.50512,150.0717,15.39456,0,False,False
94.02308,0.096373,1.523734,-0.062719,44.41752,122.3119,1.833155,0,0,0,0,0,0,-0.190418,0.699264,-0.219507,44.497,150.034,15.39635,0,False,False
94.03417,0.096639,1.523668,-0.062812,44.42552,122.3044,1.852775,0,0,0,0,0,0,-0.190163,0.699434,-0.220015,44.47243,150.056,15.3688,0,False,False
94.04527,0.09688,1.523672,-0.062945,44.45881,122.2974,1.88053,0,0,0,0,0,0,-0.190038,0.699552,-0.220521,44.42475,150.0794,15.37342,0,False,False
94.05636,0.097105,1.523677,-0.0631,44.46443,122.3055,1.920622,0,0,0,0,0,0,-0.189792,0.699769,-0.221068,44.36708,150.106,15.38704,0,False,False
94.06749,0.097313,1.523642,-0.063297,44.4887,122.3497,1.980469,0,0,0,0,0,0,-0.189517,0.699892,-0.221476,44.31745,150.0802,15.3789,0,False,False
94.0786,0.097537,1.52362,-0.063485,44.50024,122.4006,2.03586,0,0,0,0,0,0,-0.189217,0.700122,-0.221978,44.24554,150.0854,15.3982,0,False,False
94.08964,0.09767,1.52355,-0.063736,44.49435,122.5029,2.101553,0,0,0,0,0,0,-0.188996,0.700367,-0.222434,44.16813,150.0774,15.42797,0,False,False
94.10091,0.09787,1.523529,-0.063993,44.50726,122.6087,2.173175,0,0,0,0,0,0,-0.188648,0.70075,-0.223037,44.09599,150.0586,15.44203,0,False,False
94.11228,0.097964,1.523453,-0.064213,44.51146,122.7542,2.250766,0,0,0,0,0,0,-0.188272,0.701282,-0.223782,44.0253,150.0273,15.44842,0,False,False
94.12302,0.098119,1.523438,-0.064486,44.52827,122.8913,2.32523,0,0,0,0,0,0,-0.187914,0.701624,-0.224307,43.96292,150.0045,15.46162,0,False,False
94.13436,0.098189,1.523432,-0.064801,44.53178,123.052,2.398114,0,0,0,0,0,0,-0.187676,0.701909,-0.225012,43.90358,149.9557,15.44535,0,False,False
94.14529,0.098308,1.523474,-0.065094,44.53509,123.1921,2.468827,0,0,0,0,0,0,-0.187151,0.702227,-0.225707,43.84388,149.9329,15.44196,0,False,False
94.15633,0.098419,1.523474,-0.065383,44.52807,123.3436,2.535349,0,0,0,0,0,0,-0.186856,0.702527,-0.226296,43.78705,149.9037,15.42484,0,False,False
94.16748,0.098521,1.523468,-0.065737,44.52437,123.4792,2.619173,0,0,0,0,0,0,-0.186566,0.702805,-0.226873,43.72376,149.8862,15.43227,0,False,False
94.17853,0.098627,1.523438,-0.066077,44.51097,123.6032,2.684605,0,0,0,0,0,0,-0.186209,0.70321,-0.227485,43.6653,149.8833,15.45634,0,False,False
94.18966,0.098751,1.523424,-0.066425,44.50914,123.7287,2.753993,0,0,0,0,0,0,-0.185933,0.703561,-0.228102,43.60139,149.8629,15.48863,0,False,False
94.20076,0.098838,1.523385,-0.066772,44.48249,123.8616,2.824552,0,0,0,0,0,0,-0.185543,0.703954,-0.22863,43.51058,149.8366,15.51182,0,False,False
94.21187,0.098938,1.523314,-0.067181,44.49127,123.9692,2.869706,0,0,0,0,0,0,-0.185293,0.704354,-0.229348,43.42269,149.823,15.45366,0,False,False
94.22291,0.099049,1.523226,-0.067484,44.5008,124.0895,2.920108,0,0,0,0,0,0,-0.185039,0.704754,-0.22989,43.34107,149.7889,15.45038,0,False,False
94.23413,0.099166,1.523199,-0.067847,44.53558,124.1793,2.946688,0,0,0,0,0,0,-0.184768,0.705141,-0.23048,43.26271,149.777,15.41221,0,False,False
94.24527,0.099242,1.523102,-0.068133,44.55391,124.2709,2.984969,0,0,0,0,0,0,-0.184515,0.705517,-0.231113,43.18401,149.7614,15.39459,0,False,False
94.25633,0.099289,1.523021,-0.068428,44.59923,124.3546,3.009147,0,0,0,0,0,0,-0.184259,0.705848,-0.231599,43.1005,149.7509,15.39144,0,False,False
94.26746,0.099283,1.522976,-0.068695,44.63527,124.4323,3.042885,0,0,0,0,0,0,-0.18417,0.706167,-0.232221,43.01954,149.7588,15.40897,0,False,False
94.27844,0.099289,1.522952,-0.068978,44.64964,124.514,3.095512,0,0,0,0,0,0,-0.184043,0.706366,-0.232797,42.94053,149.791,15.43543,0,False,False
94.28964,0.099302,1.522921,-0.069317,44.66372,124.5994,3.15012,0,0,0,0,0,0,-0.184098,0.706614,-0.233411,42.86156,149.8513,15.47456,0,False,False
94.30087,0.099326,1.52291,-0.069636,44.65612,124.6614,3.18204,0,0,0,0,0,0,-0.184053,0.706766,-0.233862,42.79978,149.9254,15.51839,0,False,False
94.31184,0.099291,1.522812,-0.069967,44.64706,124.7395,3.222925,0,0,0,0,0,0,-0.184014,0.706917,-0.234239,42.74285,149.9725,15.55139,0,False,False
94.32343,0.099301,1.522758,-0.070289,44.66646,124.802,3.256591,0,0,0,0,0,0,-0.184049,0.70706,-0.234607,42.70433,150.027,15.56509,0,False,False
94.33434,0.099335,1.522697,-0.070576,44.6864,124.8765,3.272991,0,0,0,0,0,0,-0.184017,0.707284,-0.234909,42.67596,150.0452,15.56824,0,False,False
94.34558,0.099298,1.522622,-0.070941,44.71246,124.9395,3.27739,0,0,0,0,0,0,-0.184148,0.707377,-0.235229,42.65655,150.0493,15.57262,0,False,False
94.3563,0.099237,1.522544,-0.071195,44.75573,125.0097,3.284762,0,0,0,0,0,0,-0.184122,0.707531,-0.235401,42.64475,150.0481,15.58169,0,False,False
94.36745,0.099143,1.522497,-0.071387,44.82291,125.0802,3.295223,0,0,0,0,0,0,-0.184149,0.707519,-0.235437,42.65194,150.0372,15.58026,0,False,False
94.3784,0.098984,1.522379,-0.071628,44.8724,125.1329,3.292928,0,0,0,0,0,0,-0.184277,0.707605,-0.235496,42.66756,150.0364,15.57659,0,False,False
94.38955,0.098887,1.522301,-0.071807,44.92618,125.1745,3.282466,0,0,0,0,0,0,-0.184427,0.707594,-0.235613,42.69025,150.0472,15.57144,0,False,False
94.40072,0.098805,1.522212,-0.071953,44.96732,125.2118,3.266265,0,0,0,0,0,0,-0.184592,0.707543,-0.235616,42.70955,150.0681,15.57602,0,False,False
94.41179,0.098758,1.522155,-0.072147,44.99973,125.2392,3.252968,0,0,0,0,0,0,-0.184814,0.707436,-0.235578,42.72662,150.0873,15.59729,0,False,False
94.42285,0.098643,1.52206,-0.072331,45.0131,125.2572,3.214478,0,0,0,0,0,0,-0.185061,0.707387,-0.235576,42.7478,150.1163,15.60481,0,False,False
94.43401,0.098604,1.521987,-0.072503,45.02023,125.2604,3.183569,0,0,0,0,0,0,-0.185259,0.70723,-0.235514,42.77897,150.1431,15.6156,0,False,False
94.44522,0.098582,1.521953,-0.072624,45.03296,125.2765,3.159125,0,0,0,0,0,0,-0.185472,0.707091,-0.235372,42.81207,150.1953,15.63907,0,False,False
94.45626,0.098497,1.521916,-0.072728,45.05901,125.2855,3.138246,0,0,0,0,0,0,-0.185616,0.706986,-0.235312,42.84985,150.2332,15.67238,0,False,False
94.46726,0.098411,1.521803,-0.072829,45.08697,125.2779,3.105966,0,0,0,0,0,0,-0.185903,0.70681,-0.235094,42.88723,150.2788,15.68613,0,False,False
94.47836,0.098299,1.521737,-0.072909,45.11737,125.2999,3.096473,0,0,0,0,0,0,-0.186165,0.706676,-0.234968,42.93077,150.3074,15.67636,0,False,False
94.48947,0.098184,1.521679,-0.072934,45.1567,125.2702,3.053332,0,0,0,0,0,0,-0.186475,0.706446,-0.23464,42.96428,150.3169,15.65188,0,False,False
94.50062,0.098097,1.521638,-0.073,45.18374,125.2616,3.032532,0,0,0,0,0,0,-0.186698,0.706271,-0.234405,42.99777,150.3326,15.63872,0,False,False
94.51173,0.098044,1.521648,-0.072992,45.20855,125.2382,3.006854,0,0,0,0,0,0,-0.186907,0.706203,-0.234115,43.02209,150.3342,15.64771,0,False,False
94.52302,0.097985,1.521596,-0.073017,45.2195,125.2346,2.979989,0,0,0,0,0,0,-0.187123,0.705975,-0.233895,43.04648,150.3709,15.65544,0,False,False
94.53409,0.097928,1.521551,-0.073028,45.24263,125.2307,2.950394,0,0,0,0,0,0,-0.187334,0.705788,-0.233569,43.08263,150.3978,15.6285,0,False,False
94.54507,0.097848,1.521483,-0.073065,45.27872,125.2481,2.919253,0,0,0,0,0,0,-0.187452,0.705591,-0.233094,43.12768,150.4146,15.60318,0,False,False
94.55623,0.09774,1.521401,-0.073111,45.31379,125.2767,2.911902,0,0,0,0,0,0,-0.187684,0.705415,-0.232721,43.17447,150.4522,15.59587,0,False,False
94.56731,0.097652,1.521342,-0.073149,45.35977,125.315,2.897515,0,0,0,0,0,0,-0.187933,0.705294,-0.232277,43.22721,150.4635,15.58928,0,False,False
94.57835,0.097539,1.52127,-0.073219,45.39609,125.3594,2.895708,0,0,0,0,0,0,-0.188121,0.705212,-0.231952,43.29362,150.457,15.55868,0,False,False
94.58958,0.097441,1.521164,-0.073299,45.4426,125.3965,2.894324,0,0,0,0,0,0,-0.188269,0.705061,-0.231448,43.35069,150.4308,15.53116,0,False,False
94.60065,0.097368,1.521066,-0.073281,45.47589,125.4442,2.909008,0,0,0,0,0,0,-0.188472,0.70492,-0.231107,43.40405,150.4225,15.51729,0,False,False
94.61177,0.097289,1.520993,-0.073309,45.50811,125.4834,2.935301,0,0,0,0,0,0,-0.188634,0.704789,-0.230655,43.45467,150.4159,15.48796,0,False,False
94.62276,0.097177,1.520914,-0.073319,45.53997,125.5216,2.973295,0,0,0,0,0,0,-0.188852,0.704499,-0.230089,43.50191,150.3921,15.44973,0,False,False
94.63401,0.097087,1.520856,-0.073293,45.57619,125.554,2.98518,0,0,0,0,0,0,-0.188993,0.70436,-0.229694,43.53109,150.3935,15.42439,0,False,False
94.64526,0.096969,1.520794,-0.073275,45.60911,125.6146,3.012393,0,0,0,0,0,0,-0.189158,0.704167,-0.229186,43.54146,150.3981,15.4054,0,False,False
94.65606,0.096876,1.520752,-0.073218,45.62715,125.6495,3.015958,0,0,0,0,0,0,-0.189323,0.704077,-0.228806,43.55846,150.4048,15.38577,0,False,False
94.66734,0.096784,1.520736,-0.073176,45.65752,125.6956,3.032877,0,0,0,0,0,0,-0.189371,0.704008,-0.228338,43.55766,150.4185,15.36928,0,False,False
94.67845,0.09668,1.520702,-0.073144,45.65561,125.7438,3.032756,0,0,0,0,0,0,-0.189431,0.704032,-0.228002,43.56207,150.438,15.37101,0,False,False
94.68943,0.096566,1.520697,-0.073102,45.65578,125.7955,3.048298,0,0,0,0,0,0,-0.189585,0.703979,-0.227588,43.57931,150.4704,15.3665,0,False,False
94.70051,0.096458,1.520726,-0.07302,45.64404,125.8519,3.047427,0,0,0,0,0,0,-0.189787,0.703912,-0.227136,43.60087,150.4858,15.35611,0,False,False
94.71175,0.096332,1.520752,-0.072918,45.62995,125.9109,3.070358,0,0,0,0,0,0,-0.189929,0.70388,-0.22668,43.63606,150.4939,15.34179,0,False,False
94.7229,0.096257,1.520831,-0.072796,45.60644,125.9715,3.080742,0,0,0,0,0,0,-0.190067,0.703749,-0.226311,43.66991,150.4889,15.33311,0,False,False
94.7339,0.096194,1.520932,-0.072737,45.55504,126.0232,3.106662,0,0,0,0,0,0,-0.190121,0.703725,-0.225911,43.70246,150.4497,15.31318,0,False,False
94.74512,0.096084,1.521056,-0.072643,45.46815,126.0902,3.160259,0,0,0,0,0,0,-0.190284,0.70372,-0.225586,43.7328,150.3942,15.26379,0,False,False
94.75634,0.095919,1.521186,-0.072575,45.39436,126.1684,3.220578,0,0,0,0,0,0,-0.19043,0.703793,-0.225313,43.76433,150.3514,15.23864,0,False,False
94.76733,0.09574,1.521358,-0.072438,45.33938,126.2374,3.275582,0,0,0,0,0,0,-0.190639,0.703821,-0.225117,43.77302,150.3133,15.22789,0,False,False
94.77833,0.095536,1.521449,-0.072323,45.31089,126.2946,3.315285,0,0,0,0,0,0,-0.190826,0.703833,-0.224881,43.78743,150.298,15.22396,0,False,False
94.78951,0.095313,1.521494,-0.072182,45.28805,126.3568,3.352938,0,0,0,0,0,0,-0.191043,0.703838,-0.224716,43.79174,150.2798,15.20699,0,False,False
94.80063,0.095017,1.521473,-0.072015,45.30812,126.4382,3.374349,0,0,0,0,0,0,-0.191155,0.703862,-0.224547,43.7902,150.2834,15.20331,0,False,False
94.81168,0.09465,1.521309,-0.071819,45.39145,126.4999,3.342496,0,0,0,0,0,0,-0.191337,0.703944,-0.224322,43.77405,150.3122,15.22424,0,False,False
94.82271,0.094178,1.52102,-0.071667,45.50872,126.5532,3.29878,0,0,0,0,0,0,-0.191546,0.70402,-0.224233,43.76024,150.3528,15.25789,0,False,False
94.83405,0.093723,1.52066,-0.071399,45.6768,126.6208,3.220306,0,0,0,0,0,0,-0.191798,0.70415,-0.224087,43.7359,150.3972,15.29738,0,False,False
94.84505,0.09328,1.52016,-0.071171,45.87672,126.6693,3.126727,0,0,0,0,0,0,-0.19204,0.704244,-0.224058,43.72114,150.4614,15.34186,0,False,False
94.85607,0.092857,1.519697,-0.070944,46.07153,126.7151,3.039184,0,0,0,0,0,0,-0.192317,0.704263,-0.224055,43.70016,150.5157,15.3727,0,False,False
94.86713,0.092515,1.519377,-0.07081,46.22721,126.7782,2.949821,0,0,0,0,0,0,-0.192537,0.704349,-0.224106,43.67751,150.5893,15.40905,0,False,False
94.8783,0.092286,1.519081,-0.070698,46.31776,126.869,2.927992,0,0,0,0,0,0,-0.192584,0.704255,-0.224205,43.65904,150.6572,15.43974,0,False,False
94.8893,0.092081,1.518983,-0.070686,46.33294,126.993,2.970768,0,0,0,0,0,0,-0.192824,0.704293,-0.224365,43.63753,150.7384,15.47521,0,False,False
94.90053,0.091882,1.518956,-0.070712,46.33986,127.1132,3.054154,0,0,0,0,0,0,-0.19299,0.704428,-0.224603,43.58496,150.812,15.47368,0,False,False
94.91165,0.091697,1.518956,-0.070774,46.30217,127.2438,3.176828,0,0,0,0,0,0,-0.193252,0.704586,-0.224659,43.51325,150.8889,15.49588,0,False,False
94.92268,0.091416,1.519019,-0.070789,46.26483,127.3537,3.294854,0,0,0,0,0,0,-0.193315,0.704784,-0.224894,43.40081,150.9541,15.48265,0,False,False
94.93388,0.091116,1.519029,-0.070809,46.25669,127.4887,3.421698,0,0,0,0,0,0,-0.193383,0.705141,-0.225082,43.24735,151.026,15.46092,0,False,False
94.94499,0.090759,1.519038,-0.07079,46.23959,127.5952,3.494431,0,0,0,0,0,0,-0.193466,0.705471,-0.225253,43.09674,151.0899,15.42154,0,False,False
94.95611,0.090396,1.519016,-0.07085,46.26434,127.7194,3.559919,0,0,0,0,0,0,-0.193493,0.705806,-0.225435,42.96243,151.1692,15.40057,0,False,False
94.96725,0.08999,1.518926,-0.07088,46.30802,127.8531,3.586099,0,0,0,0,0,0,-0.193622,0.706281,-0.225744,42.84234,151.2447,15.38666,0,False,False
94.97832,0.089594,1.518806,-0.070917,46.38934,128.0161,3.617588,0,0,0,0,0,0,-0.193731,0.706531,-0.225767,42.75861,151.3157,15.36694,0,False,False
94.98956,0.089083,1.518588,-0.070936,46.51146,128.1874,3.664344,0,0,0,0,0,0,-0.193912,0.706797,-0.225813,42.70562,151.3751,15.37527,0,False,False
95.00043,0.088575,1.518319,-0.071016,46.65649,128.3781,3.713408,0,0,0,0,0,0,-0.194021,0.70695,-0.225694,42.66857,151.4087,15.36552,0,False,False
95.0117,0.088046,1.518089,-0.07104,46.7602,128.5487,3.746099,0,0,0,0,0,0,-0.194153,0.707131,-0.225536,42.64034,151.4496,15.34421,0,False,False
95.02261,0.087541,1.517841,-0.071114,46.86968,128.6999,3.774734,0,0,0,0,0,0,-0.194177,0.707241,-0.225348,42.64508,151.4389,15.2896,0,False,False
95.03382,0.087045,1.517664,-0.071158,46.92501,128.8748,3.818095,0,0,0,0,0,0,-0.194318,0.707372,-0.225046,42.62174,151.4512,15.23925,0,False,False
95.04505,0.086575,1.517576,-0.071242,46.97959,129.015,3.822336,0,0,0,0,0,0,-0.194586,0.707418,-0.2247,42.60984,151.4728,15.19781,0,False,False
95.05595,0.086076,1.517476,-0.071307,47.01925,129.1693,3.850761,0,0,0,0,0,0,-0.194812,0.707509,-0.224508,42.57874,151.5059,15.15983,0,False,False
95.0671,0.085656,1.517451,-0.071347,47.04123,129.3112,3.882489,0,0,0,0,0,0,-0.19515,0.707577,-0.224224,42.53105,151.5887,15.14628,0,False,False
95.07816,0.08523,1.517456,-0.071433,47.03569,129.4394,3.876061,0,0,0,0,0,0,-0.19552,0.707633,-0.223859,42.48466,151.6662,15.11948,0,False,False
95.08955,0.084806,1.517522,-0.071546,47.00296,129.5299,3.836381,0,0,0,0,0,0,-0.195879,0.707716,-0.223527,42.44343,151.7736,15.11221,0,False,False
95.10095,0.084369,1.517537,-0.071688,46.95571,129.5937,3.802269,0,0,0,0,0,0,-0.196164,0.707846,-0.223211,42.39532,151.8867,15.09838,0,False,False
95.11164,0.083974,1.517596,-0.071799,46.92093,129.6593,3.741951,0,0,0,0,0,0,-0.196601,0.707929,-0.222911,42.35497,151.9972,15.10015,0,False,False
95.12259,0.08354,1.517667,-0.07188,46.91194,129.7351,3.707662,0,0,0,0,0,0,-0.197175,0.707922,-0.22224,42.32013,152.1158,15.08247,0,False,False
95.13372,0.083006,1.517678,-0.07207,46.9155,129.821,3.666764,0,0,0,0,0,0,-0.197602,0.707961,-0.221743,42.31524,152.2164,15.06343,0,False,False
95.14498,0.082459,1.517646,-0.072209,46.9524,129.9285,3.663019,0,0,0,0,0,0,-0.198089,0.707906,-0.220998,42.31437,152.2938,15.01747,0,False,False
95.15598,0.081911,1.517578,-0.07235,46.98914,130.0587,3.661194,0,0,0,0,0,0,-0.198618,0.707853,-0.220331,42.32316,152.3597,14.98196,0,False,False
95.16714,0.081331,1.517467,-0.072525,47.03045,130.1631,3.646416,0,0,0,0,0,0,-0.19926,0.707754,-0.219594,42.36255,152.4001,14.94207,0,False,False
95.17817,0.080777,1.517368,-0.072681,47.06479,130.2671,3.623366,0,0,0,0,0,0,-0.199833,0.707618,-0.218801,42.4052,152.4019,14.88757,0,False,False
95.18932,0.080244,1.517305,-0.072899,47.102,130.3489,3.573396,0,0,0,0,0,0,-0.200455,0.707377,-0.218058,42.44588,152.4236,14.84969,0,False,False
95.20054,0.079731,1.517154,-0.073078,47.13523,130.4339,3.494449,0,0,0,0,0,0,-0.201173,0.707128,-0.217194,42.50628,152.4395,14.80004,0,False,False
95.21151,0.079221,1.517019,-0.073296,47.18294,130.5291,3.442803,0,0,0,0,0,0,-0.201892,0.706807,-0.216341,42.56516,152.4768,14.77463,0,False,False
95.22277,0.078638,1.516782,-0.073579,47.25237,130.6296,3.357589,0,0,0,0,0,0,-0.202678,0.706549,-0.215387,42.61029,152.5476,14.76313,0,False,False
95.23367,0.077997,1.516581,-0.073823,47.34222,130.7589,3.299767,0,0,0,0,0,0,-0.203505,0.706239,-0.214617,42.67089,152.65,14.78066,0,False,False
95.24475,0.077326,1.516355,-0.074128,47.42009,130.9175,3.279384,0,0,0,0,0,0,-0.20444,0.705849,-0.213727,42.7374,152.7867,14.80021,0,False,False
95.25591,0.076666,1.516209,-0.074398,47.48691,131.095,3.286962,0,0,0,0,0,0,-0.205409,0.705512,-0.212966,42.80551,152.9256,14.81266,0,False,False
95.26702,0.075962,1.51613,-0.074719,47.52329,131.264,3.282258,0,0,0,0,0,0,-0.206469,0.705153,-0.212133,42.88121,153.09,14.8337,0,False,False
95.27805,0.075317,1.516111,-0.075024,47.55183,131.434,3.28486,0,0,0,0,0,0,-0.207554,0.704931,-0.211248,42.94213,153.2411,14.86223,0,False,False
95.28932,0.074584,1.516109,-0.07535,47.56336,131.5995,3.2575,0,0,0,0,0,0,-0.208612,0.704674,-0.210394,43.01128,153.377,14.88875,0,False,False
95.30042,0.073847,1.516194,-0.075691,47.57584,131.8017,3.248904,0,0,0,0,0,0,-0.20968,0.704533,-0.209534,43.08145,153.4935,14.88106,0,False,False
95.31142,0.073081,1.516253,-0.076095,47.58433,132.0034,3.260413,0,0,0,0,0,0,-0.210579,0.704355,-0.208765,43.15047,153.5787,14.87909,0,False,False
95.32254,0.072307,1.516338,-0.076459,47.56676,132.2285,3.295428,0,0,0,0,0,0,-0.211548,0.704155,-0.207935,43.23008,153.6631,14.88036,0,False,False
95.3338,0.071587,1.51646,-0.076845,47.55304,132.4536,3.337992,0,0,0,0,0,0,-0.212698,0.703823,-0.207068,43.30962,153.7149,14.86738,0,False,False
95.34473,0.070839,1.516557,-0.077361,47.50368,132.6659,3.38817,0,0,0,0,0,0,-0.213751,0.703582,-0.206253,43.38715,153.7894,14.86048,0,False,False
95.35607,0.070158,1.516701,-0.077803,47.45832,132.8897,3.434536,0,0,0,0,0,0,-0.214831,0.703315,-0.205497,43.46496,153.8658,14.85553,0,False,False
95.36713,0.06945,1.516859,-0.078253,47.4078,133.1022,3.462784,0,0,0,0,0,0,-0.215935,0.703037,-0.204748,43.52964,153.9585,14.87238,0,False,False
95.37806,0.068737,1.517055,-0.078705,47.35979,133.3137,3.508675,0,0,0,0,0,0,-0.216925,0.702842,-0.204116,43.59335,154.0781,14.89488,0,False,False
95.38928,0.06805,1.517228,-0.07914,47.31651,133.5136,3.525253,0,0,0,0,0,0,-0.218002,0.702611,-0.203572,43.64762,154.2272,14.94637,0,False,False
95.40044,0.0673,1.517361,-0.079621,47.27015,133.7005,3.52003,0,0,0,0,0,0,-0.219051,0.702364,-0.202972,43.71166,154.3717,14.99494,0,False,False
95.41153,0.06661,1.51751,-0.080028,47.26447,133.8956,3.537855,0,0,0,0,0,0,-0.220093,0.702085,-0.202606,43.77037,154.5697,15.07599,0,False,False
95.42258,0.065876,1.517578,-0.08045,47.24776,134.0448,3.515391,0,0,0,0,0,0,-0.221184,0.701683,-0.202107,43.83495,154.7782,15.16438,0,False,False
95.43376,0.0652,1.517633,-0.080911,47.23988,134.1908,3.473984,0,0,0,0,0,0,-0.222246,0.701447,-0.201837,43.87561,154.9868,15.26519,0,False,False
95.44479,0.064532,1.517699,-0.081352,47.22295,134.3005,3.393653,0,0,0,0,0,0,-0.223223,0.701197,-0.201527,43.90616,155.2015,15.34676,0,False,False
95.456,0.06393,1.517768,-0.081785,47.20815,134.4201,3.303972,0,0,0,0,0,0,-0.223983,0.701009,-0.201429,43.88822,155.4048,15.39972,0,False,False
95.46706,0.063314,1.517847,-0.082222,47.18245,134.5151,3.169532,0,0,0,0,0,0,-0.224588,0.700882,-0.201421,43.8461,155.5736,15.44525,0,False,False
95.478,0.062755,1.517941,-0.082645,47.17101,134.5849,3.020599,0,0,0,0,0,0,-0.225091,0.700756,-0.201464,43.79351,155.7517,15.50445,0,False,False
95.48912,0.062166,1.517969,-0.083075,47.15214,134.6478,2.87175,0,0,0,0,0,0,-0.225481,0.700528,-0.201394,43.75294,155.9278,15.57297,0,False,False
95.50027,0.061569,1.518014,-0.083504,47.1576,134.7236,2.738072,0,0,0,0,0,0,-0.225758,0.700435,-0.201579,43.70953,156.0951,15.63144,0,False,False
95.51149,0.060969,1.518037,-0.083895,47.15729,134.7933,2.618484,0,0,0,0,0,0,-0.225797,0.700524,-0.201668,43.6319,156.2342,15.64104,0,False,False
95.52251,0.060415,1.518032,-0.084239,47.15707,134.8712,2.505052,0,0,0,0,0,0,-0.225788,0.700789,-0.202013,43.5609,156.3802,15.64063,0,False,False
95.5337,0.059922,1.518116,-0.084629,47.1703,134.9491,2.411266,0,0,0,0,0,0,-0.225564,0.700878,-0.202252,43.46346,156.4722,15.58126,0,False,False
95.54473,0.059443,1.51818,-0.084984,47.16492,135.0287,2.322699,0,0,0,0,0,0,-0.225276,0.701035,-0.202596,43.34272,156.5533,15.52371,0,False,False
95.55589,0.059004,1.518285,-0.085315,47.15358,135.0907,2.234221,0,0,0,0,0,0,-0.224604,0.701287,-0.203071,43.13938,156.614,15.41147,0,False,False
95.56702,0.058595,1.518397,-0.085673,47.13,135.1503,2.132666,0,0,0,0,0,0,-0.224056,0.701506,-0.20351,42.96652,156.6885,15.34049,0,False,False
95.578,0.058185,1.518489,-0.086045,47.10135,135.2245,2.057836,0,0,0,0,0,0,-0.223283,0.701858,-0.203946,42.77202,156.7595,15.27078,0,False,False
95.58924,0.057845,1.518625,-0.086404,47.08673,135.3108,1.990727,0,0,0,0,0,0,-0.222367,0.702176,-0.204454,42.58211,156.8253,15.19598,0,False,False
95.6002,0.057549,1.518736,-0.086639,47.05607,135.3875,1.916213,0,0,0,0,0,0,-0.2215,0.702291,-0.205063,42.41092,156.8883,15.09464,0,False,False
95.61131,0.057271,1.518836,-0.086839,47.02773,135.4641,1.865688,0,0,0,0,0,0,-0.220495,0.702562,-0.205561,42.24624,156.9452,14.98084,0,False,False
95.62241,0.057022,1.518942,-0.087087,47.00681,135.5341,1.816754,0,0,0,0,0,0,-0.219595,0.70287,-0.206081,42.083,156.9909,14.86949,0,False,False
95.63355,0.05684,1.519063,-0.087311,46.98473,135.5603,1.743386,0,0,0,0,0,0,-0.218393,0.70323,-0.206376,41.90033,156.9996,14.75319,0,False,False
95.64461,0.056644,1.51919,-0.08752,46.94753,135.6021,1.677807,0,0,0,0,0,0,-0.217212,0.703385,-0.206645,41.72506,156.9742,14.61495,0,False,False
95.65582,0.056513,1.519315,-0.087738,46.91489,135.6148,1.592588,0,0,0,0,0,0,-0.215889,0.703592,-0.207026,41.56641,156.9241,14.45691,0,False,False
95.66695,0.056378,1.519452,-0.087939,46.87326,135.6417,1.507844,0,0,0,0,0,0,-0.214607,0.703815,-0.20736,41.41635,156.8726,14.29677,0,False,False
95.67806,0.05632,1.519567,-0.088137,46.8517,135.6332,1.421818,0,0,0,0,0,0,-0.213349,0.703942,-0.207668,41.29123,156.8038,14.16109,0,False,False
95.68911,0.056258,1.519625,-0.088349,46.80507,135.6415,1.340919,0,0,0,0,0,0,-0.212067,0.7041,-0.207971,41.16444,156.7529,14.03198,0,False,False
95.7003,0.05625,1.519798,-0.08858,46.7901,135.6514,1.283317,0,0,0,0,0,0,-0.210735,0.704306,-0.208308,41.02079,156.7053,13.92719,0,False,False
95.71138,0.056208,1.519913,-0.088776,46.75733,135.6578,1.235006,0,0,0,0,0,0,-0.209425,0.704446,-0.208688,40.89998,156.677,13.83997,0,False,False
95.72242,0.056205,1.52003,-0.088958,46.73191,135.6669,1.167833,0,0,0,0,0,0,-0.20821,0.70463,-0.209053,40.78775,156.6636,13.75587,0,False,False
95.73353,0.056235,1.520151,-0.089199,46.68084,135.6605,1.09938,0,0,0,0,0,0,-0.207106,0.704649,-0.209176,40.68169,156.6564,13.66717,0,False,False
95.74477,0.056283,1.52032,-0.089412,46.63598,135.6575,1.021387,0,0,0,0,0,0,-0.2061,0.70482,-0.209334,40.58628,156.6599,13.59181,0,False,False
95.75575,0.05634,1.520502,-0.089629,46.5953,135.6465,0.954063,0,0,0,0,0,0,-0.205156,0.705182,-0.209667,40.48655,156.6493,13.48811,0,False,False
95.76699,0.056419,1.520608,-0.089893,46.54849,135.6544,0.889537,0,0,0,0,0,0,-0.204255,0.70523,-0.209863,40.38578,156.6379,13.40248,0,False,False
95.77792,0.056506,1.520749,-0.090161,46.50906,135.6763,0.847714,0,0,0,0,0,0,-0.203406,0.705328,-0.210008,40.28077,156.6627,13.34864,0,False,False
95.78911,0.056615,1.52091,-0.090346,46.47106,135.731,0.805269,0,0,0,0,0,0,-0.20241,0.705532,-0.210085,40.18703,156.7022,13.30807,0,False,False
95.80021,0.056719,1.521054,-0.090613,46.41938,135.7791,0.777717,0,0,0,0,0,0,-0.201623,0.705593,-0.210167,40.09859,156.7376,13.26773,0,False,False
95.81134,0.056859,1.521221,-0.090849,46.35962,135.8521,0.754284,0,0,0,0,0,0,-0.201107,0.705667,-0.210176,40.02789,156.8054,13.2507,0,False,False
95.82242,0.057013,1.521365,-0.09113,46.29622,135.8965,0.725568,0,0,0,0,0,0,-0.200645,0.705647,-0.210186,39.9835,156.8647,13.20965,0,False,False
95.83353,0.057239,1.521519,-0.091395,46.24488,135.9384,0.700717,0,0,0,0,0,0,-0.200191,0.705607,-0.210158,39.94818,156.9226,13.17103,0,False,False
95.84476,0.057455,1.521672,-0.091655,46.18327,135.9792,0.674603,0,0,0,0,0,0,-0.199955,0.7054,-0.209944,39.94968,156.9809,13.14404,0,False,False
95.85589,0.057682,1.521781,-0.091869,46.14427,136.033,0.668866,0,0,0,0,0,0,-0.199954,0.705275,-0.209927,39.97776,157.0286,13.166,0,False,False
95.867,0.057951,1.521892,-0.092086,46.11899,136.0857,0.672279,0,0,0,0,0,0,-0.199987,0.704925,-0.20962,39.98246,157.0764,13.17321,0,False,False
95.87799,0.058232,1.521935,-0.092283,46.09339,136.1228,0.654811,0,0,0,0,0,0,-0.199963,0.7048,-0.209406,40.00137,157.1511,13.19256,0,False,False
95.88912,0.05861,1.521972,-0.092485,46.07967,136.1517,0.638097,0,0,0,0,0,0,-0.200025,0.704541,-0.209129,40.02989,157.2448,13.22135,0,False,False
95.90022,0.05897,1.522033,-0.092686,46.0675,136.1616,0.614715,0,0,0,0,0,0,-0.200199,0.704323,-0.208907,40.04107,157.3325,13.25303,0,False,False
95.9114,0.059373,1.522033,-0.092826,46.04079,136.1803,0.604657,0,0,0,0,0,0,-0.200467,0.70394,-0.208535,40.04882,157.436,13.34308,0,False,False
95.92227,0.059823,1.522051,-0.092948,46.0495,136.1842,0.594939,0,0,0,0,0,0,-0.200615,0.703906,-0.208233,40.05585,157.558,13.45975,0,False,False
95.93347,0.060233,1.522043,-0.093043,46.04131,136.1734,0.571353,0,0,0,0,0,0,-0.200992,0.703675,-0.207951,40.06392,157.7099,13.57934,0,False,False
95.94446,0.060696,1.522018,-0.093125,46.04701,136.1861,0.580624,0,0,0,0,0,0,-0.201585,0.703436,-0.20761,40.10668,157.8758,13.66696,0,False,False
95.95596,0.061149,1.522,-0.093257,46.05755,136.1886,0.586674,0,0,0,0,0,0,-0.202222,0.70317,-0.207359,40.18333,158.0776,13.7519,0,False,False
95.96695,0.061635,1.521977,-0.093346,46.0657,136.1956,0.60205,0,0,0,0,0,0,-0.202848,0.702969,-0.20716,40.27102,158.2856,13.83047,0,False,False
95.97788,0.062141,1.521933,-0.093463,46.07067,136.1716,0.596672,0,0,0,0,0,0,-0.203486,0.702647,-0.207032,40.38353,158.5084,13.91129,0,False,False
95.98914,0.062683,1.521902,-0.093529,46.06181,136.1474,0.591994,0,0,0,0,0,0,-0.204181,0.702383,-0.20675,40.49121,158.7138,13.98779,0,False,False
96.00012,0.063248,1.521884,-0.093544,46.06086,136.1371,0.594928,0,0,0,0,0,0,-0.204696,0.702296,-0.206442,40.58451,158.8881,14.0576,0,False,False
96.01115,0.063808,1.521864,-0.093564,46.07495,136.0945,0.583346,0,0,0,0,0,0,-0.205265,0.702059,-0.206053,40.67375,159.0339,14.10351,0,False,False
96.02234,0.064338,1.521904,-0.093549,46.07154,136.0667,0.599152,0,0,0,0,0,0,-0.205901,0.701889,-0.205616,40.74683,159.1112,14.10714,0,False,False
96.03353,0.064919,1.521914,-0.093552,46.07325,136.0602,0.608974,0,0,0,0,0,0,-0.206536,0.701611,-0.205087,40.83094,159.1798,14.14924,0,False,False
96.04468,0.065473,1.521928,-0.09354,46.06017,136.0459,0.628734,0,0,0,0,0,0,-0.207213,0.701542,-0.204731,40.91881,159.2718,14.26539,0,False,False
96.05567,0.066092,1.521968,-0.093597,46.036,136.029,0.643095,0,0,0,0,0,0,-0.207886,0.701491,-0.204445,41.00392,159.3853,14.4299,0,False,False
96.06683,0.066699,1.522036,-0.093598,46.01147,136.0209,0.676399,0,0,0,0,0,0,-0.208467,0.701361,-0.204102,41.05584,159.5002,14.57567,0,False,False
96.07781,0.067298,1.522072,-0.093609,45.97021,136.0227,0.693386,0,0,0,0,0,0,-0.209004,0.701317,-0.203765,41.0872,159.6167,14.71452,0,False,False
96.08888,0.067933,1.522128,-0.09365,45.92581,136.0413,0.755624,0,0,0,0,0,0,-0.209663,0.701284,-0.203498,41.06421,159.7075,14.85781,0,False,False
96.10011,0.068513,1.522216,-0.093689,45.88578,136.0303,0.782214,0,0,0,0,0,0,-0.210245,0.70149,-0.203313,40.99563,159.7978,15.02567,0.035294,False,False
96.11114,0.0691,1.522203,-0.093748,45.86578,136.0461,0.828618,0,0,0,0,0,0,-0.210827,0.701556,-0.203279,40.94628,159.9067,15.14047,0.101961,False,False
96.12234,0.069719,1.522228,-0.093701,45.85696,136.0592,0.879343,0,0,0,0,0,0,-0.211414,0.701652,-0.20311,40.9141,160.0212,15.25715,0.203922,False,False
96.13339,0.070277,1.522233,-0.093722,45.87013,136.0469,0.892843,0,0,0,0,0,0,-0.211976,0.701702,-0.202931,40.92648,160.0899,15.30845,0.337255,False,True
96.14459,0.070829,1.522222,-0.09372,45.88186,136.0464,0.915413,0,0,0,0,0,0,-0.212385,0.701748,-0.202584,40.96671,160.0873,15.38388,0.709804,False,True
96.15551,0.071373,1.522139,-0.093694,45.898,136.0273,0.948374,0,0,0,0,0,0,-0.212719,0.70237,-0.201935,41.03163,160.0652,15.56017,1,False,True
96.16692,0.071933,1.52207,-0.093706,45.91662,136.0104,0.984272,0,0,0,0,0,0,-0.21185,0.704378,-0.20197,40.05045,159.4362,14.92206,1,False,True
96.17783,0.072431,1.521966,-0.093713,45.94724,135.9855,1.02952,0,0,0,0,0,0,-0.212712,0.702565,-0.201079,40.75196,159.6006,15.5254,1,False,True
96.18898,0.072937,1.521846,-0.093649,45.99678,135.9828,1.07568,0,0,0,0,0,0,-0.212184,0.702852,-0.200226,40.7888,159.102,15.13824,1,False,True
96.20006,0.073367,1.521678,-0.093569,46.07383,136.0107,1.122324,0,0,0,0,0,0,-0.211663,0.703122,-0.199586,40.83503,158.7254,14.88966,1,False,True
96.21116,0.073738,1.521536,-0.093549,46.12837,136.0318,1.155668,0,0,0,0,0,0,-0.211604,0.703095,-0.19907,40.88598,158.5713,14.8282,1,False,True
96.22212,0.074041,1.521445,-0.09358,46.17417,136.0916,1.215335,0,0,0,0,0,0,-0.211164,0.704001,-0.198752,40.91998,158.4134,14.66026,1,False,True
96.23336,0.074398,1.521395,-0.093593,46.21503,136.1474,1.262639,0,0,0,0,0,0,-0.211351,0.703734,-0.198266,41.03867,158.3269,14.47294,1,False,True
96.24448,0.074757,1.521397,-0.093645,46.2539,136.2018,1.309158,0,0,0,0,0,0,-0.21128,0.703607,-0.197724,41.12692,158.234,14.36069,1,False,True
96.25553,0.075131,1.521421,-0.093702,46.26368,136.2861,1.361727,0,0,0,0,0,0,-0.211391,0.703577,-0.197371,41.20732,158.2269,14.3511,1,False,True
96.26688,0.075505,1.521449,-0.093789,46.25502,136.3557,1.401911,0,0,0,0,0,0,-0.211468,0.703538,-0.19726,41.27696,158.3926,14.49187,1,False,True
96.27785,0.075865,1.521548,-0.093885,46.21775,136.4346,1.457796,0,0,0,0,0,0,-0.211605,0.703461,-0.197143,41.38889,158.5404,14.54317,1,False,True
96.28906,0.076233,1.521634,-0.094006,46.18126,136.4848,1.505803,0,0,0,0,0,0,-0.21211,0.703082,-0.197139,41.52301,158.7872,14.60888,1,False,True
96.30002,0.076649,1.521731,-0.094147,46.14798,136.5278,1.547308,0,0,0,0,0,0,-0.212346,0.702735,-0.197102,41.63238,159.078,14.74201,1,False,True
96.31108,0.077051,1.521825,-0.094281,46.09129,136.5242,1.556512,0,0,0,0,0,0,-0.212695,0.702447,-0.197216,41.75007,159.4419,14.95482,1,False,True
96.32217,0.077504,1.521912,-0.094221,46.05956,136.506,1.545932,0,0,0,0,0,0,-0.213007,0.702269,-0.197226,41.83316,159.8138,15.16193,1,False,True
96.33335,0.077787,1.521908,-0.094219,46.03999,136.4884,1.527979,0,0,0,0,0,0,-0.213415,0.702173,-0.197295,41.94413,160.3117,15.45492,0.866667,False,True
96.34454,0.078036,1.521893,-0.09423,46.03354,136.484,1.51312,0,0,0,0,0,0,-0.213754,0.702204,-0.19741,42.01288,160.7409,15.63803,0.396079,False,True
96.35547,0.07821,1.521831,-0.094261,46.05195,136.4808,1.490967,0,0,0,0,0,0,-0.213995,0.70181,-0.197521,42.18715,161.02,15.70778,0.145098,False,False
96.36655,0.078398,1.521782,-0.094256,46.08801,136.4836,1.487557,0,0,0,0,0,0,-0.214178,0.701492,-0.197491,42.32611,161.2475,15.74767,0,False,False
96.37768,0.078521,1.521693,-0.094205,46.12023,136.4938,1.485012,0,0,0,0,0,0,-0.214325,0.700886,-0.197501,42.52425,161.4064,15.67707,0,False,False
96.3888,0.078667,1.52168,-0.09417,46.15221,136.533,1.504999,0,0,0,0,0,0,-0.214306,0.700734,-0.197393,42.65633,161.5106,15.66995,0,False,False
96.39993,0.078827,1.521663,-0.09416,46.16889,136.5603,1.511208,0,0,0,0,0,0,-0.214261,0.700792,-0.197367,42.66594,161.6558,15.71138,0,False,False
96.41103,0.078951,1.521661,-0.094125,46.18013,136.6162,1.529311,0,0,0,0,0,0,-0.214066,0.700277,-0.197156,42.67844,161.6123,15.75758,0,False,False
96.42208,0.079055,1.521626,-0.09413,46.18181,136.6749,1.550449,0,0,0,0,0,0,-0.213793,0.700281,-0.197057,42.71289,161.6025,15.70692,0,False,False
96.43329,0.079136,1.521618,-0.094109,46.19708,136.756,1.610784,0,0,0,0,0,0,-0.213459,0.700121,-0.196862,42.7267,161.4882,15.63363,0,False,False
96.44467,0.079207,1.521601,-0.094056,46.19747,136.8256,1.650204,0,0,0,0,0,0,-0.213281,0.699921,-0.196632,42.7287,161.3913,15.57327,0,False,False
96.45547,0.07933,1.521644,-0.094026,46.20232,136.8758,1.67567,0,0,0,0,0,0,-0.212954,0.699886,-0.196456,42.7526,161.3392,15.55759,0,False,False
96.46668,0.07944,1.521677,-0.093953,46.18306,136.8987,1.676971,0,0,0,0,0,0,-0.212859,0.699766,-0.196294,42.77384,161.2637,15.51301,0,False,False
96.47778,0.079539,1.521702,-0.093916,46.15561,136.8945,1.671016,0,0,0,0,0,0,-0.212454,0.699874,-0.196159,42.7932,161.2038,15.44556,0,False,False
96.48882,0.079664,1.521756,-0.093823,46.13534,136.8704,1.635452,0,0,0,0,0,0,-0.212216,0.699855,-0.196105,42.80833,161.2025,15.42197,0,False,False
96.49991,0.079728,1.521783,-0.093677,46.11958,136.8681,1.622955,0,0,0,0,0,0,-0.212004,0.699997,-0.195994,42.80499,161.2108,15.41238,0,False,False
96.51093,0.079752,1.521841,-0.093536,46.12171,136.8718,1.622384,0,0,0,0,0,0,-0.211964,0.70001,-0.196039,42.77672,161.2748,15.44274,0,False,False
96.52224,0.079746,1.5219,-0.093406,46.11416,136.8775,1.642244,0,0,0,0,0,0,-0.212015,0.700028,-0.196042,42.7256,161.3986,15.40862,0,False,False
96.53335,0.079691,1.52192,-0.093292,46.0927,136.9062,1.666085,0,0,0,0,0,0,-0.211992,0.700237,-0.196235,42.6887,161.478,15.40123,0,False,False
96.54429,0.079668,1.521976,-0.093176,46.06039,136.9438,1.702085,0,0,0,0,0,0,-0.212049,0.700374,-0.196415,42.60564,161.5983,15.43279,0,False,False
96.55547,0.079689,1.52204,-0.093067,46.02419,136.9886,1.714608,0,0,0,0,0,0,-0.211998,0.70049,-0.19648,42.54719,161.7159,15.41225,0,False,False
96.56672,0.079691,1.522197,-0.092866,45.97455,137.037,1.721165,0,0,0,0,0,0,-0.212066,0.700635,-0.196606,42.45766,161.8283,15.47565,0,False,False
96.57766,0.07966,1.52231,-0.092758,45.93618,137.066,1.710943,0,0,0,0,0,0,-0.211936,0.700781,-0.196751,42.42331,161.9293,15.42748,0,False,False
96.59052,0.079651,1.522411,-0.092617,45.89201,137.1187,1.74508,0,0,0,0,0,0,-0.211979,0.700876,-0.196849,42.38731,162.0015,15.43614,0,False,False
96.60014,0.079612,1.522487,-0.092516,45.84282,137.1787,1.76725,0,0,0,0,0,0,-0.211988,0.701052,-0.196923,42.35239,162.0448,15.44796,0,False,False
96.611,0.079537,1.522577,-0.092376,45.80346,137.245,1.788034,0,0,0,0,0,0,-0.212133,0.7011,-0.196955,42.3356,162.1068,15.43015,0,False,False
96.62196,0.079498,1.52265,-0.092257,45.77505,137.3158,1.811729,0,0,0,0,0,0,-0.212277,0.701222,-0.197007,42.33271,162.1895,15.37139,0,False,False
96.63323,0.079429,1.522766,-0.092186,45.74113,137.3786,1.827633,0,0,0,0,0,0,-0.21237,0.701498,-0.196958,42.32576,162.2378,15.36807,0,False,False
96.64427,0.079383,1.522889,-0.092132,45.70638,137.4401,1.826212,0,0,0,0,0,0,-0.212599,0.701508,-0.196835,42.31258,162.2681,15.39711,0,False,False
96.6553,0.079341,1.522975,-0.092032,45.65625,137.5256,1.861284,0,0,0,0,0,0,-0.212644,0.701595,-0.196854,42.30731,162.3158,15.41374,0,False,False
96.66652,0.079287,1.523089,-0.091966,45.62128,137.6005,1.887325,0,0,0,0,0,0,-0.212858,0.701627,-0.196696,42.30404,162.3596,15.38822,0,False,False
96.67777,0.079202,1.52315,-0.091911,45.57915,137.6788,1.912261,0,0,0,0,0,0,-0.213039,0.701571,-0.196612,42.30914,162.4363,15.3507,0,False,False
96.68867,0.07913,1.523161,-0.091853,45.54699,137.743,1.9221,0,0,0,0,0,0,-0.213256,0.701528,-0.196385,42.30963,162.5285,15.35628,0,False,False
96.69981,0.079085,1.523221,-0.091813,45.53459,137.8223,1.957028,0,0,0,0,0,0,-0.213554,0.701558,-0.196266,42.3072,162.6213,15.36406,0,False,False
96.71096,0.079006,1.523241,-0.091733,45.52516,137.8814,1.956326,0,0,0,0,0,0,-0.213818,0.701578,-0.196154,42.29996,162.7079,15.38231,0,False,False
96.72194,0.07894,1.523192,-0.091679,45.51543,137.9816,1.989862,0,0,0,0,0,0,-0.214114,0.701596,-0.196015,42.29923,162.7801,15.36837,0,False,False
96.73316,0.078903,1.523222,-0.091588,45.50978,138.0517,2.022602,0,0,0,0,0,0,-0.214294,0.701482,-0.195795,42.31291,162.8676,15.34888,0,False,False
96.74424,0.078821,1.52323,-0.091473,45.48662,138.1157,2.058034,0,0,0,0,0,0,-0.21455,0.701385,-0.195404,42.33601,162.9434,15.2836,0,False,False
96.75533,0.078738,1.523245,-0.091337,45.48019,138.1826,2.093598,0,0,0,0,0,0,-0.21472,0.701369,-0.195091,42.35921,163.0295,15.23846,0,False,False
96.76645,0.078677,1.523266,-0.091217,45.47013,138.2433,2.134663,0,0,0,0,0,0,-0.215008,0.7013,-0.194829,42.38646,163.096,15.19081,0,False,False
96.77749,0.078645,1.523277,-0.091018,45.4466,138.2984,2.15958,0,0,0,0,0,0,-0.21522,0.701243,-0.194506,42.40446,163.1569,15.15333,0,False,False
96.78866,0.078591,1.523277,-0.090912,45.43261,138.3691,2.185888,0,0,0,0,0,0,-0.21546,0.701214,-0.194268,42.41934,163.2298,15.12672,0,False,False
96.79984,0.078523,1.523319,-0.090774,45.40579,138.4268,2.182889,0,0,0,0,0,0,-0.215699,0.701158,-0.193984,42.4299,163.2894,15.10058,0,False,False
96.81084,0.078456,1.52335,-0.090694,45.39291,138.4664,2.164121,0,0,0,0,0,0,-0.216002,0.701109,-0.193752,42.4422,163.3564,15.10539,0,False,False
96.82198,0.07842,1.523416,-0.09057,45.35121,138.4946,2.146325,0,0,0,0,0,0,-0.216207,0.70109,-0.193592,42.45317,163.3992,15.20859,0,False,False
96.83315,0.078399,1.523501,-0.090453,45.32428,138.5312,2.139333,0,0,0,0,0,0,-0.216496,0.700914,-0.193307,42.47746,163.4811,15.18464,0,False,False
96.84431,0.078356,1.523585,-0.090337,45.30458,138.5636,2.138779,0,0,0,0,0,0,-0.216854,0.700866,-0.192968,42.49145,163.5423,15.22487,0,False,False
96.85532,0.078348,1.523652,-0.090228,45.27716,138.6228,2.172702,0,0,0,0,0,0,-0.217099,0.700797,-0.192722,42.51269,163.6306,15.22515,0,False,False
96.86639,0.078262,1.523697,-0.090144,45.24141,138.6712,2.19351,0,0,0,0,0,0,-0.217392,0.700849,-0.192435,42.51726,163.7322,15.21839,0,False,False
96.87761,0.0782,1.523779,-0.09006,45.20881,138.734,2.215649,0,0,0,0,0,0,-0.217545,0.700814,-0.192194,42.51919,163.8025,15.25321,0,False,False
96.88853,0.078148,1.523856,-0.09,45.16249,138.806,2.239561,0,0,0,0,0,0,-0.217759,0.700884,-0.192071,42.53281,163.9097,15.16319,0,False,False
96.89973,0.078096,1.523947,-0.089998,45.11901,138.8524,2.240012,0,0,0,0,0,0,-0.217759,0.700948,-0.191738,42.51318,163.9559,15.22216,0,False,False
96.91077,0.078087,1.524047,-0.089927,45.0809,138.9145,2.251483,0,0,0,0,0,0,-0.217853,0.700943,-0.19149,42.51759,164.0154,15.23079,0,False,False
96.9219,0.078111,1.524114,-0.089789,45.04275,138.983,2.281181,0,0,0,0,0,0,-0.217925,0.700926,-0.191279,42.52364,164.0839,15.16707,0,False,False
96.93313,0.078086,1.524161,-0.089718,45.02938,139.0164,2.285946,0,0,0,0,0,0,-0.218068,0.700818,-0.191006,42.52604,164.1632,15.11291,0,False,False
96.9441,0.078052,1.52416,-0.089569,45.01073,139.061,2.303435,0,0,0,0,0,0,-0.218177,0.700799,-0.190893,42.51859,164.1661,15.19514,0,False,False
96.95517,0.07803,1.524144,-0.089527,45.02505,139.1033,2.324058,0,0,0,0,0,0,-0.218187,0.700687,-0.190625,42.51295,164.1946,15.16974,0,False,False
96.96648,0.077957,1.524138,-0.08941,45.02555,139.1674,2.34818,0,0,0,0,0,0,-0.218339,0.700653,-0.190549,42.52036,164.235,15.10181,0,False,False
96.9775,0.077871,1.524097,-0.089375,45.04004,139.2319,2.375245,0,0,0,0,0,0,-0.218387,0.700762,-0.190576,42.50863,164.3064,15.07794,0,False,False
96.98846,0.077801,1.524072,-0.089302,45.04513,139.2977,2.396269,0,0,0,0,0,0,-0.218461,0.700775,-0.190512,42.4958,164.3292,15.14692,0,False,False
96.9996,0.077727,1.524036,-0.089284,45.04694,139.3571,2.409926,0,0,0,0,0,0,-0.218522,0.700777,-0.19034,42.48304,164.3832,15.12899,0,False,False
97.01077,0.077661,1.52401,-0.089221,45.03823,139.4163,2.42074,0,0,0,0,0,0,-0.218617,0.700784,-0.190364,42.48983,164.4388,15.0738,0,False,False
97.02179,0.077646,1.524037,-0.089238,45.01624,139.4536,2.415127,0,0,0,0,0,0,-0.218684,0.700797,-0.190332,42.48583,164.4929,15.04176,0,False,False
97.03307,0.077607,1.524037,-0.08923,44.99033,139.5235,2.437496,0,0,0,0,0,0,-0.218766,0.700904,-0.190301,42.47225,164.541,15.04752,0,False,False
97.04422,0.077623,1.524091,-0.08916,44.97188,139.5717,2.442679,0,0,0,0,0,0,-0.21875,0.700909,-0.190243,42.45411,164.5667,15.06769,0,False,False
97.05518,0.077561,1.52415,-0.089077,44.95115,139.6491,2.469892,0,0,0,0,0,0,-0.218783,0.700912,-0.190215,42.43112,164.5805,15.06117,0,False,False
97.06664,0.077481,1.524205,-0.089078,44.93813,139.7406,2.4915,0,0,0,0,0,0,-0.218622,0.700948,-0.190223,42.41734,164.5881,15.06205,0,False,False
97.07758,0.077381,1.524274,-0.089031,44.91072,139.8423,2.521755,0,0,0,0,0,0,-0.218686,0.700951,-0.190119,42.40081,164.6079,15.05232,0,False,False
97.08852,0.077253,1.524408,-0.089049,44.89067,139.9612,2.559953,0,0,0,0,0,0,-0.21859,0.701006,-0.190072,42.38345,164.606,15.04478,0,False,False
97.09967,0.077065,1.524599,-0.089074,44.84137,140.1026,2.580919,0,0,0,0,0,0,-0.218584,0.700958,-0.190067,42.37036,164.6258,15.05651,0,False,False
97.11091,0.0769,1.524781,-0.089074,44.78913,140.2828,2.633018,0,0,0,0,0,0,-0.218618,0.701043,-0.189959,42.35466,164.6455,15.06269,0,False,False
97.12178,0.076638,1.525002,-0.089122,44.71853,140.4572,2.677333,0,0,0,0,0,0,-0.218709,0.701106,-0.189998,42.35033,164.6595,15.08444,0,False,False
97.13302,0.076396,1.525254,-0.089214,44.652,140.6289,2.730977,0,0,0,0,0,0,-0.218813,0.701155,-0.189927,42.35272,164.6831,15.10188,0,False,False
97.14399,0.07619,1.525471,-0.089273,44.57484,140.7829,2.776901,0,0,0,0,0,0,-0.218858,0.701258,-0.18996,42.35033,164.7128,15.10075,0,False,False
97.15524,0.075984,1.525656,-0.089393,44.50826,140.9448,2.82051,0,0,0,0,0,0,-0.218719,0.701319,-0.189926,42.35324,164.7258,15.10041,0,False,False
97.16655,0.075762,1.525862,-0.089445,44.43476,141.1258,2.886519,0,0,0,0,0,0,-0.218708,0.701349,-0.189941,42.34375,164.7417,15.11523,0,False,False
97.17744,0.075549,1.526097,-0.089563,44.3619,141.2879,2.925381,0,0,0,0,0,0,-0.218584,0.701311,-0.189791,42.32597,164.7599,15.14457,0,False,False
97.18852,0.075355,1.526232,-0.089635,44.27138,141.4595,2.960029,0,0,0,0,0,0,-0.21857,0.70127,-0.189873,42.32582,164.7669,15.14101,0,False,False
97.19966,0.075133,1.526415,-0.089745,44.19984,141.6076,3.006552,0,0,0,0,0,0,-0.218521,0.701266,-0.189891,42.31358,164.7923,15.13841,0,False,False
97.21066,0.074956,1.526566,-0.089781,44.13487,141.7574,3.060297,0,0,0,0,0,0,-0.218522,0.701273,-0.189967,42.29282,164.801,15.13679,0,False,False
97.22181,0.074782,1.526704,-0.089866,44.07629,141.8732,3.089584,0,0,0,0,0,0,-0.218401,0.701284,-0.189932,42.27194,164.7919,15.13073,0,False,False
97.23289,0.074642,1.526793,-0.089903,44.02125,141.9612,3.103196,0,0,0,0,0,0,-0.218318,0.701288,-0.189901,42.2495,164.8101,15.13252,0,False,False
97.24416,0.074501,1.526876,-0.089974,43.97304,142.05,3.119262,0,0,0,0,0,0,-0.218288,0.7012,-0.189988,42.24041,164.8493,15.13002,0,False,False
97.25513,0.074398,1.526918,-0.089984,43.95125,142.1006,3.102015,0,0,0,0,0,0,-0.218336,0.70114,-0.189982,42.2285,164.8836,15.12965,0,False,False
97.26627,0.074289,1.526985,-0.090031,43.94049,142.1075,3.066529,0,0,0,0,0,0,-0.218371,0.701146,-0.189973,42.22477,164.9317,15.11689,0,False,False
97.27727,0.074225,1.527018,-0.090003,43.93132,142.1099,3.026376,0,0,0,0,0,0,-0.218327,0.70115,-0.189964,42.22076,164.9807,15.09611,0,False,False
97.28844,0.074165,1.527067,-0.08995,43.92584,142.085,2.978123,0,0,0,0,0,0,-0.218283,0.701074,-0.18993,42.20946,165.0362,15.0901,0,False,False
97.29956,0.074137,1.527099,-0.089919,43.91892,142.0475,2.92878,0,0,0,0,0,0,-0.218299,0.701102,-0.18981,42.18624,165.0759,15.07273,0,False,False
97.31084,0.074114,1.527119,-0.089888,43.92352,142.0081,2.879004,0,0,0,0,0,0,-0.218315,0.701193,-0.189783,42.16751,165.1427,15.05484,0,False,False
97.32175,0.074108,1.527114,-0.089898,43.92406,141.9563,2.827467,0,0,0,0,0,0,-0.218299,0.701159,-0.189741,42.14169,165.192,15.00339,0,False,False
97.33284,0.074109,1.527127,-0.089857,43.92395,141.9128,2.775957,0,0,0,0,0,0,-0.218247,0.701068,-0.189625,42.11771,165.242,14.9661,0,False,False
97.34441,0.074141,1.527099,-0.089831,43.92189,141.8783,2.737418,0,0,0,0,0,0,-0.218248,0.701083,-0.18953,42.09876,165.2991,14.96434,0,False,False
97.35517,0.074156,1.527099,-0.089823,43.92101,141.8443,2.702892,0,0,0,0,0,0,-0.218277,0.701055,-0.189305,42.0716,165.3403,14.95315,0,False,False
97.36619,0.074164,1.527108,-0.089837,43.92461,141.7915,2.65374,0,0,0,0,0,0,-0.218266,0.700982,-0.189126,42.07536,165.3802,14.89775,0,False,False
97.3773,0.074202,1.527103,-0.089838,43.91604,141.7703,2.636733,0,0,0,0,0,0,-0.218241,0.700915,-0.188983,42.07684,165.402,14.81762,0,False,False
97.38837,0.074197,1.527112,-0.089856,43.90719,141.728,2.593426,0,0,0,0,0,0,-0.218231,0.700771,-0.188761,42.07974,165.4099,14.76447,0,False,False
97.39953,0.074233,1.527144,-0.089881,43.89597,141.7213,2.575235,0,0,0,0,0,0,-0.218193,0.700705,-0.188657,42.07942,165.4427,14.73545,0,False,False
97.4107,0.074223,1.527187,-0.089917,43.86393,141.7239,2.566243,0,0,0,0,0,0,-0.218203,0.700704,-0.188513,42.08387,165.4776,14.69242,0,False,False
97.42172,0.074214,1.527234,-0.089991,43.8424,141.7376,2.551591,0,0,0,0,0,0,-0.218209,0.700674,-0.188415,42.09976,165.529,14.6471,0,False,False
97.43326,0.074188,1.527299,-0.090033,43.81206,141.7673,2.561296,0,0,0,0,0,0,-0.218235,0.700687,-0.188291,42.12233,165.567,14.60834,0,False,False
97.44392,0.074155,1.527395,-0.090053,43.78325,141.8076,2.564239,0,0,0,0,0,0,-0.218474,0.700611,-0.188235,42.15227,165.647,14.61179,0,False,False
97.45509,0.074117,1.527505,-0.090168,43.7429,141.8486,2.567892,0,0,0,0,0,0,-0.218566,0.700566,-0.188194,42.16355,165.7187,14.61502,0,False,False
97.46646,0.074064,1.527646,-0.090242,43.69115,141.9235,2.601411,0,0,0,0,0,0,-0.21878,0.700547,-0.188188,42.18092,165.8137,14.65778,0,False,False
97.47724,0.073996,1.527799,-0.090323,43.64848,141.9924,2.6214,0,0,0,0,0,0,-0.218884,0.700579,-0.188255,42.18093,165.8928,14.69534,0,False,False
97.4883,0.073903,1.52798,-0.090379,43.61504,142.0722,2.660321,0,0,0,0,0,0,-0.218959,0.700637,-0.188256,42.17605,165.9521,14.72356,0,False,False
97.4996,0.073785,1.528109,-0.090457,43.55389,142.1506,2.692243,0,0,0,0,0,0,-0.218941,0.700634,-0.188268,42.17561,165.9821,14.73111,0,False,False
97.51062,0.073718,1.52825,-0.090475,43.50765,142.2442,2.733921,0,0,0,0,0,0,-0.219011,0.700552,-0.188183,42.16171,165.9857,14.75731,0,False,False
97.52172,0.073617,1.528383,-0.090529,43.45631,142.3178,2.757815,0,0,0,0,0,0,-0.218939,0.700651,-0.188197,42.15739,165.9809,14.76519,0,False,False
97.53278,0.073524,1.528511,-0.090596,43.39457,142.4044,2.779717,0,0,0,0,0,0,-0.218869,0.700712,-0.188129,42.15567,165.9406,14.79148,0,False,False
97.544,0.073423,1.528625,-0.090646,43.34858,142.4852,2.795749,0,0,0,0,0,0,-0.218891,0.70057,-0.188124,42.16791,165.9157,14.78066,0,False,False
97.55497,0.073321,1.528774,-0.090724,43.30148,142.562,2.798363,0,0,0,0,0,0,-0.218866,0.700539,-0.188105,42.17471,165.8879,14.7827,0,False,False
97.56611,0.073219,1.528926,-0.090741,43.25464,142.631,2.830715,0,0,0,0,0,0,-0.218816,0.700583,-0.188184,42.18117,165.8605,14.79032,0,False,False
97.5772,0.073061,1.529023,-0.090797,43.21766,142.691,2.857607,0,0,0,0,0,0,-0.218853,0.700679,-0.188312,42.17451,165.8635,14.82048,0,False,False
97.58829,0.072999,1.529104,-0.090773,43.17942,142.7547,2.892112,0,0,0,0,0,0,-0.218869,0.700681,-0.188299,42.17048,165.8643,14.84251,0,False,False
97.59953,0.072927,1.529218,-0.090771,43.13712,142.7996,2.905238,0,0,0,0,0,0,-0.218811,0.700658,-0.188268,42.15904,165.8719,14.86824,0,False,False
97.61066,0.072921,1.529364,-0.090696,43.09202,142.8519,2.90391,0,0,0,0,0,0,-0.218781,0.700704,-0.188321,42.15136,165.8857,14.89552,0,False,False
97.62167,0.072861,1.52948,-0.090678,43.03904,142.8849,2.902402,0,0,0,0,0,0,-0.218732,0.700696,-0.188396,42.13957,165.9099,14.95621,0,False,False
97.63276,0.072814,1.529643,-0.090676,42.99174,142.9242,2.899054,0,0,0,0,0,0,-0.218679,0.700725,-0.188452,42.1284,165.9323,14.96682,0,False,False
97.64402,0.072745,1.529769,-0.09061,42.92432,142.9525,2.889929,0,0,0,0,0,0,-0.218486,0.700784,-0.188456,42.11238,165.9421,14.94665,0,False,False
97.65499,0.07267,1.529959,-0.090552,42.86364,142.9888,2.898694,0,0,0,0,0,0,-0.218402,0.700795,-0.188482,42.09383,165.9453,14.93627,0,False,False
97.66616,0.072538,1.530178,-0.090472,42.79409,143.0156,2.905691,0,0,0,0,0,0,-0.218408,0.700895,-0.188612,42.07084,165.9436,14.93608,0,False,False
97.67728,0.072438,1.530393,-0.090424,42.71321,143.0586,2.919064,0,0,0,0,0,0,-0.2184,0.700853,-0.188619,42.03834,165.9405,14.94052,0,False,False
97.68825,0.07236,1.530625,-0.090401,42.62332,143.1015,2.935935,0,0,0,0,0,0,-0.218344,0.700812,-0.188633,42.01843,165.9626,14.92733,0,False,False
97.69949,0.072241,1.530895,-0.090402,42.52599,143.1322,2.919353,0,0,0,0,0,0,-0.21834,0.700757,-0.188562,42.00759,165.9685,14.90576,0,False,False
97.71053,0.072144,1.531185,-0.090367,42.42023,143.1882,2.916188,0,0,0,0,0,0,-0.218414,0.700767,-0.188537,42.01906,166.0127,14.8774,0,False,False
97.7216,0.071967,1.531524,-0.090348,42.30465,143.2475,2.911311,0,0,0,0,0,0,-0.218412,0.700744,-0.188505,42.03596,166.0545,14.8697,0,False,False
97.73283,0.071811,1.531863,-0.09031,42.19036,143.3394,2.932321,0,0,0,0,0,0,-0.218499,0.700711,-0.188552,42.04924,166.0873,14.88732,0,False,False
97.7438,0.071611,1.532213,-0.090301,42.05698,143.4258,2.95454,0,0,0,0,0,0,-0.218515,0.700679,-0.188482,42.05836,166.124,14.87443,0,False,False
97.75497,0.071429,1.532591,-0.090305,41.92219,143.5144,2.973103,0,0,0,0,0,0,-0.218607,0.700661,-0.188451,42.04892,166.1707,14.83925,0,False,False
97.76609,0.071199,1.532992,-0.090317,41.7882,143.6222,2.992231,0,0,0,0,0,0,-0.218681,0.700669,-0.188444,42.05048,166.2106,14.80389,0,False,False
97.77711,0.070946,1.533465,-0.090265,41.63161,143.726,3.015968,0,0,0,0,0,0,-0.218742,0.700573,-0.188314,42.0317,166.2433,14.82275,0,False,False
97.78819,0.0707,1.53393,-0.090232,41.4789,143.8443,3.040129,0,0,0,0,0,0,-0.218886,0.700705,-0.18835,42.02047,166.2682,14.81319,0,False,False
97.79939,0.070392,1.534498,-0.090228,41.30725,143.9718,3.068103,0,0,0,0,0,0,-0.218905,0.700658,-0.188214,42.00835,166.302,14.82564,0,False,False
97.81052,0.070112,1.535041,-0.090182,41.11649,144.1134,3.109826,0,0,0,0,0,0,-0.218926,0.700652,-0.188143,41.99314,166.3374,14.83052,0,False,False
97.82155,0.069864,1.53566,-0.090116,40.88973,144.2714,3.143711,0,0,0,0,0,0,-0.218807,0.700654,-0.188095,41.99161,166.3488,14.83009,0,False,False
97.8327,0.069536,1.536279,-0.090033,40.65443,144.4006,3.187528,0,0,0,0,0,0,-0.218848,0.700634,-0.188066,41.98088,166.3884,14.83164,0,False,False
97.84381,0.069234,1.536931,-0.090035,40.41274,144.5585,3.227474,0,0,0,0,0,0,-0.21885,0.700591,-0.18797,41.96525,166.4237,14.81109,0,False,False
97.8548,0.068935,1.537675,-0.090024,40.16579,144.7198,3.276953,0,0,0,0,0,0,-0.21886,0.700582,-0.18788,41.9569,166.4607,14.84259,0,False,False
97.86595,0.068579,1.538391,-0.090008,39.90426,144.8923,3.317909,0,0,0,0,0,0,-0.219008,0.700488,-0.187884,41.9598,166.5411,14.83551,0,False,False
97.87711,0.068169,1.539085,-0.090019,39.63396,145.0403,3.350032,0,0,0,0,0,0,-0.219161,0.700486,-0.187839,41.96188,166.599,14.82578,0,False,False
97.88816,0.067837,1.539824,-0.09004,39.34427,145.2161,3.411249,0,0,0,0,0,0,-0.219305,0.700414,-0.187778,41.96534,166.6826,14.84334,0,False,False
97.89938,0.067491,1.540619,-0.089967,39.0778,145.3938,3.466794,0,0,0,0,0,0,-0.21945,0.70037,-0.187776,41.9721,166.7468,14.8548,0,False,False
97.91042,0.067055,1.541301,-0.09002,38.81408,145.5563,3.532704,0,0,0,0,0,0,-0.219411,0.700376,-0.187716,41.97894,166.7995,14.86864,0,False,False
97.92152,0.066667,1.541999,-0.090016,38.52797,145.7301,3.603009,0,0,0,0,0,0,-0.219533,0.700404,-0.187639,41.97411,166.8445,14.84622,0,False,False
97.93266,0.066291,1.542726,-0.09004,38.27918,145.8996,3.65356,0,0,0,0,0,0,-0.219606,0.700312,-0.18746,41.9659,166.8861,14.83541,0,False,False
97.94376,0.065901,1.543375,-0.090022,38.02718,146.0572,3.694716,0,0,0,0,0,0,-0.219728,0.700319,-0.187369,41.95877,166.9279,14.82148,0,False,False
97.95487,0.06556,1.544003,-0.089981,37.78376,146.2053,3.71088,0,0,0,0,0,0,-0.219739,0.700198,-0.187235,41.9536,166.9703,14.83065,0,False,False
97.96599,0.065198,1.544638,-0.090001,37.5632,146.3517,3.742718,0,0,0,0,0,0,-0.219806,0.700132,-0.1871,41.95841,167.0258,14.82782,0,False,False
97.97709,0.064857,1.545257,-0.089943,37.34134,146.4797,3.761011,0,0,0,0,0,0,-0.219983,0.700068,-0.186821,41.96807,167.0997,14.82005,0,False,False
97.98808,0.064531,1.545872,-0.089819,37.11278,146.5874,3.777045,0,0,0,0,0,0,-0.220151,0.700025,-0.186731,41.977,167.1898,14.81687,0,False,False
97.99922,0.064148,1.546476,-0.089718,36.89775,146.7029,3.790007,0,0,0,0,0,0,-0.220299,0.699949,-0.18652,41.97982,167.2853,14.80571,0,False,False
98.01036,0.063798,1.547079,-0.089712,36.68404,146.7931,3.785634,0,0,0,0,0,0,-0.220523,0.699938,-0.186472,41.98473,167.3561,14.75764,0,False,False
98.02158,0.063447,1.547627,-0.089643,36.48141,146.904,3.781448,0,0,0,0,0,0,-0.220707,0.699941,-0.186365,41.972,167.4485,14.7268,0,False,False
98.0326,0.063109,1.548176,-0.089579,36.27495,147.0075,3.770924,0,0,0,0,0,0,-0.220906,0.699939,-0.186096,41.95938,167.5424,14.7196,0,False,False
98.04375,0.062822,1.548736,-0.089489,36.06111,147.1072,3.768326,0,0,0,0,0,0,-0.221071,0.699899,-0.185922,41.96412,167.6381,14.70646,0,False,False
98.05477,0.062472,1.549332,-0.089416,35.84209,147.2099,3.760979,0,0,0,0,0,0,-0.22117,0.699805,-0.185799,41.98453,167.7278,14.68337,0,False,False
98.06582,0.062157,1.549962,-0.08935,35.6277,147.3166,3.762174,0,0,0,0,0,0,-0.221293,0.699788,-0.185716,41.99485,167.8228,14.6793,0,False,False
98.07693,0.06184,1.550577,-0.089287,35.3914,147.4142,3.789053,0,0,0,0,0,0,-0.221497,0.699652,-0.185648,42.00558,167.9102,14.66163,0,False,False
98.08813,0.06148,1.551161,-0.089239,35.1703,147.5073,3.796808,0,0,0,0,0,0,-0.221643,0.699575,-0.185489,41.99858,168.0016,14.63334,0,False,False
98.09953,0.06114,1.551708,-0.08921,34.94709,147.5766,3.814784,0,0,0,0,0,0,-0.221749,0.699484,-0.185377,41.9936,168.1037,14.62077,0,False,False
98.11069,0.060826,1.552266,-0.089163,34.73528,147.6554,3.818058,0,0,0,0,0,0,-0.221865,0.69938,-0.185163,41.98509,168.1898,14.60367,0,False,False
98.12138,0.060446,1.552816,-0.089098,34.52318,147.7315,3.804823,0,0,0,0,0,0,-0.222066,0.699292,-0.184894,41.9713,168.2794,14.58571,0,False,False
98.13263,0.060049,1.553408,-0.08903,34.31989,147.8426,3.772858,0,0,0,0,0,0,-0.222335,0.699247,-0.184792,41.98206,168.3665,14.56339,0,False,False
98.14383,0.059657,1.55404,-0.088933,34.1013,147.9442,3.730444,0,0,0,0,0,0,-0.222529,0.699105,-0.184535,41.99701,168.4594,14.55276,0,False,False
98.15526,0.059233,1.554717,-0.088833,33.86287,148.1001,3.727004,0,0,0,0,0,0,-0.222628,0.699009,-0.184304,42.01009,168.558,14.54609,0,False,False
98.16601,0.0588,1.555439,-0.088817,33.6083,148.2351,3.717869,0,0,0,0,0,0,-0.222802,0.698903,-0.184009,42.02316,168.6559,14.53112,0,False,False
98.17719,0.058437,1.556176,-0.088776,33.34134,148.3499,3.708603,0,0,0,0,0,0,-0.222998,0.69882,-0.183846,42.05303,168.7454,14.48092,0,False,False
98.18805,0.058052,1.556879,-0.088756,33.05017,148.4815,3.713011,0,0,0,0,0,0,-0.223091,0.698703,-0.183574,42.06178,168.8287,14.4513,0,False,False
98.19923,0.057697,1.557539,-0.088642,32.76901,148.6063,3.702152,0,0,0,0,0,0,-0.223217,0.698609,-0.183348,42.06656,168.9021,14.44579,0,False,False
98.21025,0.057295,1.558222,-0.088581,32.48945,148.7331,3.673557,0,0,0,0,0,0,-0.223378,0.69845,-0.183168,42.0876,168.9796,14.45439,0,False,False
98.22143,0.056894,1.558964,-0.088498,32.20856,148.8799,3.66843,0,0,0,0,0,0,-0.223524,0.698359,-0.182908,42.10354,169.0656,14.4377,0,False,False
98.23241,0.056485,1.559745,-0.088383,31.933,149.0631,3.65551,0,0,0,0,0,0,-0.223649,0.698238,-0.182751,42.10941,169.1581,14.42814,0,False,False
98.24352,0.056033,1.5605,-0.08832,31.6159,149.2394,3.631773,0,0,0,0,0,0,-0.223779,0.698127,-0.182611,42.10612,169.2488,14.43742,0,False,False
98.25475,0.055561,1.561296,-0.088222,31.29215,149.4135,3.624708,0,0,0,0,0,0,-0.223918,0.698033,-0.182461,42.10269,169.3446,14.44227,0,False,False
98.26585,0.0551,1.562098,-0.088177,30.95998,149.5903,3.636564,0,0,0,0,0,0,-0.224112,0.698028,-0.182295,42.10162,169.433,14.43289,0,False,False
98.2771,0.054619,1.56289,-0.088168,30.62637,149.7669,3.649398,0,0,0,0,0,0,-0.224283,0.697892,-0.182183,42.11281,169.5039,14.41087,0,False,False
98.288,0.054202,1.563677,-0.088057,30.30243,149.9309,3.664477,0,0,0,0,0,0,-0.224462,0.697771,-0.181975,42.12972,169.577,14.4018,0,False,False
98.29925,0.053713,1.564459,-0.087992,29.98069,150.0955,3.679657,0,0,0,0,0,0,-0.224688,0.697714,-0.181906,42.14392,169.6528,14.40871,0,False,False
98.31027,0.053282,1.565183,-0.08788,29.6864,150.2682,3.699122,0,0,0,0,0,0,-0.224816,0.697636,-0.181782,42.1543,169.7263,14.42215,0,False,False
98.3213,0.052847,1.565876,-0.087794,29.39646,150.434,3.703792,0,0,0,0,0,0,-0.224839,0.697437,-0.181639,42.15015,169.8036,14.43877,0,False,False
98.33247,0.052467,1.566493,-0.087663,29.13349,150.6015,3.70762,0,0,0,0,0,0,-0.224851,0.697349,-0.181584,42.15789,169.8881,14.44236,0,False,False
98.34357,0.052057,1.567071,-0.087583,28.89085,150.7554,3.69381,0,0,0,0,0,0,-0.224947,0.697281,-0.181503,42.16841,169.9654,14.43073,0,False,False
98.35471,0.05173,1.567672,-0.087434,28.6571,150.9146,3.693085,0,0,0,0,0,0,-0.224977,0.69721,-0.181322,42.17746,170.0221,14.41972,0,False,False
98.36588,0.051372,1.568199,-0.087354,28.43985,151.0514,3.670794,0,0,0,0,0,0,-0.225035,0.697154,-0.181248,42.18541,170.0744,14.41283,0,False,False
98.37702,0.051041,1.568671,-0.087274,28.22494,151.1943,3.659346,0,0,0,0,0,0,-0.225042,0.697123,-0.181096,42.178,170.1409,14.41473,0,False,False
98.38797,0.050675,1.569108,-0.087237,28.04933,151.3144,3.654333,0,0,0,0,0,0,-0.225091,0.697076,-0.181017,42.17559,170.2242,14.41533,0,False,False
98.39902,0.050341,1.569481,-0.087183,27.87074,151.4397,3.642469,0,0,0,0,0,0,-0.225276,0.697104,-0.181046,42.15013,170.3193,14.42872,0,False,False
98.41022,0.049999,1.569866,-0.087107,27.73658,151.5619,3.636273,0,0,0,0,0,0,-0.225319,0.697092,-0.180978,42.13441,170.3951,14.45592,0,False,False
98.42135,0.049678,1.570132,-0.087067,27.6155,151.6969,3.637576,0,0,0,0,0,0,-0.225611,0.697183,-0.180865,42.10098,170.4639,14.47355,0,False,False
98.4325,0.049302,1.57033,-0.08716,27.51171,151.8118,3.617329,0,0,0,0,0,0,-0.225697,0.697253,-0.180863,42.08305,170.5438,14.45869,0,False,False
98.44354,0.048978,1.570508,-0.087143,27.4624,151.944,3.607213,0,0,0,0,0,0,-0.225766,0.697272,-0.180845,42.07355,170.6377,14.42392,0,False,False
98.45464,0.048671,1.570634,-0.087094,27.41692,152.0859,3.593503,0,0,0,0,0,0,-0.225832,0.697278,-0.180802,42.06849,170.7193,14.38308,0,False,False
98.46573,0.04833,1.570668,-0.087088,27.42724,152.2076,3.565183,0,0,0,0,0,0,-0.225936,0.697237,-0.180942,42.0707,170.78,14.34758,0,False,False
98.4768,0.047978,1.57072,-0.087028,27.43433,152.3512,3.520393,0,0,0,0,0,0,-0.225927,0.697255,-0.180872,42.05322,170.804,14.36954,0,False,False
98.48788,0.047597,1.570715,-0.086979,27.48414,152.5089,3.483153,0,0,0,0,0,0,-0.225925,0.697291,-0.180861,42.03551,170.8157,14.38126,0,False,False
98.49908,0.047263,1.570684,-0.086911,27.53249,152.689,3.444954,0,0,0,0,0,0,-0.22592,0.697317,-0.180815,42.01906,170.8513,14.38095,0,False,False
98.51021,0.046877,1.570585,-0.086843,27.56284,152.884,3.410175,0,0,0,0,0,0,-0.225802,0.697258,-0.180668,42.00385,170.8996,14.36039,0,False,False
98.52122,0.046505,1.570509,-0.086783,27.61102,153.0628,3.379861,0,0,0,0,0,0,-0.225794,0.697291,-0.180656,41.9831,170.9493,14.30364,0,False,False
98.53234,0.046122,1.570443,-0.086781,27.63609,153.2468,3.355795,0,0,0,0,0,0,-0.225885,0.697332,-0.180643,41.97274,170.9872,14.26383,0,False,False
98.54366,0.045733,1.570393,-0.086813,27.66067,153.4367,3.33526,0,0,0,0,0,0,-0.225872,0.69735,-0.180564,41.96739,171.0189,14.21913,0,False,False
98.55468,0.045367,1.570339,-0.086838,27.69132,153.6297,3.339638,0,0,0,0,0,0,-0.22594,0.697441,-0.180613,41.94758,171.0362,14.21029,0,False,False
98.56576,0.044936,1.570319,-0.086874,27.71574,153.8242,3.337295,0,0,0,0,0,0,-0.225941,0.697369,-0.180388,41.91739,171.0887,14.20406,0,False,False
98.57676,0.044512,1.570323,-0.086897,27.73294,154.0426,3.346385,0,0,0,0,0,0,-0.226027,0.697398,-0.180401,41.8896,171.183,14.21766,0,False,False
98.58786,0.044116,1.57033,-0.086906,27.75202,154.2727,3.357148,0,0,0,0,0,0,-0.226058,0.697452,-0.180435,41.86495,171.2627,14.22618,0,False,False
98.59905,0.043789,1.570351,-0.086854,27.75412,154.5029,3.374688,0,0,0,0,0,0,-0.226178,0.697491,-0.180539,41.83618,171.3683,14.24904,0,False,False
98.61032,0.043398,1.570431,-0.086861,27.75329,154.7056,3.384755,0,0,0,0,0,0,-0.226123,0.697306,-0.180658,41.77575,171.447,14.26291,0,False,False
98.62325,0.043046,1.570517,-0.086868,27.72414,154.9125,3.414789,0,0,0,0,0,0,-0.226207,0.697372,-0.180725,41.74714,171.5013,14.24394,0,False,False
98.63245,0.04267,1.57064,-0.086868,27.70288,155.1036,3.416084,0,0,0,0,0,0,-0.226113,0.697403,-0.180793,41.70039,171.5401,14.21616,0,False,False
98.64344,0.042278,1.570735,-0.086844,27.66539,155.3182,3.425006,0,0,0,0,0,0,-0.225931,0.697437,-0.18071,41.64228,171.5963,14.18925,0,False,False
98.65453,0.04184,1.570831,-0.086908,27.65118,155.5419,3.417617,0,0,0,0,0,0,-0.225866,0.697446,-0.180678,41.63356,171.6212,14.15889,0,False,False
98.66579,0.041404,1.570857,-0.086916,27.64286,155.7903,3.426531,0,0,0,0,0,0,-0.226008,0.697525,-0.1807,41.59106,171.652,14.1293,0,False,False
98.67682,0.040903,1.570895,-0.086996,27.6528,156.0433,3.430194,0,0,0,0,0,0,-0.226008,0.697703,-0.180766,41.58366,171.6804,14.09823,0,False,False
98.68793,0.040497,1.5709,-0.086981,27.66294,156.3188,3.44859,0,0,0,0,0,0,-0.226009,0.697825,-0.180505,41.56742,171.7065,14.09193,0,False,False
98.69901,0.04,1.570906,-0.087003,27.67612,156.601,3.464831,0,0,0,0,0,0,-0.226044,0.697748,-0.180337,41.56445,171.7194,14.07942,0,False,False
98.71012,0.039515,1.570938,-0.087039,27.68669,156.8833,3.482028,0,0,0,0,0,0,-0.225944,0.697884,-0.180199,41.56658,171.7176,14.07153,0,False,False
98.72134,0.039019,1.570954,-0.08704,27.71145,157.1944,3.509917,0,0,0,0,0,0,-0.225794,0.697813,-0.180225,41.54183,171.7441,14.06521,0,False,False
98.73235,0.038467,1.570973,-0.087068,27.71102,157.5079,3.525863,0,0,0,0,0,0,-0.22574,0.697838,-0.180262,41.53856,171.7391,14.04491,0,False,False
98.74345,0.037976,1.570967,-0.087049,27.72327,157.8128,3.546574,0,0,0,0,0,0,-0.22568,0.697916,-0.180203,41.52142,171.7407,14.05034,0,False,False
98.75456,0.037465,1.570958,-0.08704,27.72469,158.1311,3.566901,0,0,0,0,0,0,-0.225663,0.697828,-0.180129,41.5008,171.7435,14.05982,0,False,False
98.76569,0.036946,1.571013,-0.087035,27.72732,158.4498,3.611835,0,0,0,0,0,0,-0.225691,0.697965,-0.180179,41.47467,171.7802,14.10362,0,False,False
98.77678,0.03639,1.571073,-0.087044,27.7241,158.7653,3.62964,0,0,0,0,0,0,-0.225545,0.698066,-0.180291,41.45004,171.8171,14.12125,0,False,False
98.78782,0.035796,1.571133,-0.087099,27.72277,159.0846,3.661347,0,0,0,0,0,0,-0.225486,0.698211,-0.180281,41.42537,171.8557,14.14954,0,False,False
98.79903,0.035162,1.571129,-0.087109,27.74147,159.4345,3.706278,0,0,0,0,0,0,-0.22549,0.698165,-0.180492,41.38272,171.8963,14.15409,0,False,False
98.81011,0.034521,1.57115,-0.087127,27.74128,159.8039,3.749673,0,0,0,0,0,0,-0.225411,0.698384,-0.180702,41.36328,171.9122,14.15096,0,False,False
98.82137,0.033812,1.571222,-0.087187,27.74481,160.1673,3.759897,0,0,0,0,0,0,-0.225437,0.698432,-0.180654,41.33731,171.9235,14.1714,0,False,False
98.83234,0.033169,1.571316,-0.087231,27.7397,160.5402,3.781936,0,0,0,0,0,0,-0.225483,0.698612,-0.180716,41.3173,171.9317,14.17477,0,False,False
98.84328,0.032492,1.571369,-0.087312,27.71442,160.8911,3.77685,0,0,0,0,0,0,-0.22546,0.698761,-0.18083,41.30439,171.9452,14.1885,0,False,False
98.85454,0.031908,1.571525,-0.0874,27.67653,161.221,3.785637,0,0,0,0,0,0,-0.225369,0.698828,-0.180857,41.27993,171.9519,14.19494,0,False,False
98.86572,0.031296,1.571683,-0.087468,27.6342,161.5451,3.78373,0,0,0,0,0,0,-0.225318,0.698783,-0.180907,41.26892,171.9661,14.20156,0,False,False
98.87693,0.030715,1.571808,-0.08748,27.58247,161.849,3.764381,0,0,0,0,0,0,-0.225311,0.698793,-0.180914,41.24191,171.993,14.22748,0,False,False
98.8877,0.030123,1.571919,-0.08748,27.54034,162.143,3.748506,0,0,0,0,0,0,-0.225256,0.698778,-0.180949,41.22594,172.0061,14.24392,0,False,False
98.899,0.029501,1.572001,-0.087529,27.49406,162.4393,3.716499,0,0,0,0,0,0,-0.225199,0.698901,-0.181002,41.19573,172.0444,14.28392,0,False,False
98.90997,0.028894,1.572062,-0.087471,27.45977,162.735,3.664522,0,0,0,0,0,0,-0.225023,0.698942,-0.181261,41.16148,172.0937,14.32342,0,False,False
98.92121,0.028267,1.572138,-0.087484,27.43496,163.0454,3.607462,0,0,0,0,0,0,-0.224998,0.699031,-0.181347,41.14684,172.1041,14.35809,0,False,False
98.93221,0.027643,1.572198,-0.087506,27.40671,163.3335,3.543109,0,0,0,0,0,0,-0.225003,0.699036,-0.181365,41.11784,172.1055,14.432,0,False,False
98.94358,0.027015,1.572342,-0.087486,27.38065,163.6402,3.489769,0,0,0,0,0,0,-0.224925,0.699216,-0.181442,41.11391,172.0723,14.48205,0,False,False
98.95448,0.026434,1.572389,-0.087461,27.34331,163.9482,3.448252,0,0,0,0,0,0,-0.224739,0.69932,-0.181478,41.1119,172.0382,14.54784,0,False,False
98.96585,0.025792,1.572494,-0.087393,27.30496,164.2527,3.414889,0,0,0,0,0,0,-0.22448,0.699396,-0.181695,41.08527,171.9878,14.58067,0,False,False
98.97659,0.025206,1.572615,-0.0873,27.2702,164.5608,3.397942,0,0,0,0,0,0,-0.224207,0.699492,-0.181714,41.05289,171.9566,14.615,0,False,False
98.98767,0.024585,1.572683,-0.087227,27.24701,164.8732,3.37069,0,0,0,0,0,0,-0.223922,0.699691,-0.181883,41.00555,171.9175,14.60598,0,False,False
98.99883,0.023942,1.572748,-0.087144,27.23303,165.1941,3.359238,0,0,0,0,0,0,-0.223599,0.699889,-0.182114,40.92649,171.8572,14.6233,0,False,False
99.0099,0.023325,1.57273,-0.087042,27.22683,165.5089,3.348024,0,0,0,0,0,0,-0.223181,0.700348,-0.182413,40.82317,171.7523,14.78997,0,False,False
99.02106,0.022719,1.572759,-0.086951,27.22603,165.8185,3.344407,0,0,0,0,0,0,-0.223007,0.700682,-0.182895,40.73347,171.672,14.85406,0,False,False
99.03231,0.0221,1.572754,-0.086858,27.24496,166.1532,3.345237,0,0,0,0,0,0,-0.222524,0.701114,-0.183564,40.65379,171.5495,14.99207,0,False,False
99.04325,0.02148,1.572804,-0.086814,27.23766,166.4598,3.349157,0,0,0,0,0,0,-0.221956,0.70158,-0.184414,40.56733,171.4334,15.05816,0,False,False
99.05432,0.020884,1.572813,-0.086755,27.25297,166.75,3.360837,0,0,0,0,0,0,-0.221296,0.701908,-0.185266,40.453,171.3121,15.12751,0,False,False
99.06551,0.020352,1.572835,-0.086672,27.24524,167.0478,3.373644,0,0,0,0,0,0,-0.220221,0.702675,-0.186578,40.19332,171.14,15.12366,0,False,False
99.07655,0.019794,1.572808,-0.086639,27.2512,167.3278,3.396701,0,0,0,0,0,0,-0.219459,0.703491,-0.187581,39.94078,170.9766,15.10868,0,False,False
99.08766,0.019235,1.572806,-0.086613,27.28338,167.6102,3.399446,0,0,0,0,0,0,-0.21857,0.704696,-0.189184,39.51217,170.8109,15.05995,0,False,False
99.09876,0.018701,1.57271,-0.08654,27.32168,167.892,3.392584,0,0,0,0,0,0,-0.217272,0.706241,-0.191094,39.03491,170.6814,15.00915,0,False,False
99.10986,0.018148,1.572623,-0.08642,27.36827,168.1617,3.375627,0,0,0,0,0,0,-0.216264,0.707546,-0.192987,38.53584,170.5657,14.93843,0,False,False
99.121,0.017596,1.572497,-0.086324,27.41986,168.422,3.348158,0,0,0,0,0,0,-0.215322,0.709071,-0.194948,37.97299,170.4991,14.83656,0,False,False
99.13217,0.017088,1.572444,-0.086173,27.47878,168.6769,3.335223,0,0,0,0,0,0,-0.214271,0.710934,-0.197312,37.25664,170.5699,14.67724,0,False,False
99.14326,0.016558,1.572366,-0.086105,27.50347,168.9164,3.31819,0,0,0,0,0,0,-0.213323,0.712964,-0.200172,36.52586,170.6841,14.45736,0,False,False
99.15427,0.016117,1.572303,-0.086038,27.52716,169.145,3.309495,0,0,0,0,0,0,-0.212191,0.714903,-0.202905,35.89516,170.739,14.30984,0,False,False
99.16557,0.015604,1.572214,-0.086016,27.53979,169.3687,3.296881,0,0,0,0,0,0,-0.210959,0.717126,-0.205957,35.22079,170.7907,14.08667,0,False,False
99.17655,0.015143,1.572145,-0.085931,27.55035,169.5864,3.278485,0,0,0,0,0,0,-0.209725,0.719539,-0.209029,34.483,170.8479,13.99944,0,False,False
99.18761,0.014734,1.572098,-0.085791,27.57525,169.7904,3.256709,0,0,0,0,0,0,-0.208286,0.722067,-0.212453,33.72054,170.8086,14.03324,0,False,False
99.19868,0.014234,1.571979,-0.085741,27.61902,169.9944,3.236438,0,0,0,0,0,0,-0.206465,0.724863,-0.215946,32.84034,170.6381,14.30567,0,False,False
99.20989,0.013772,1.571893,-0.085643,27.6718,170.1807,3.238158,0,0,0,0,0,0,-0.204561,0.727806,-0.219508,31.9339,170.4347,14.57915,0,False,False
99.22106,0.013342,1.571857,-0.085558,27.75037,170.3675,3.232809,0,0,0,0,0,0,-0.202413,0.731047,-0.223239,30.95285,170.1379,14.93928,0,False,False
99.23205,0.012906,1.571765,-0.085418,27.81504,170.5259,3.218169,0,0,0,0,0,0,-0.199829,0.734631,-0.227015,29.95432,169.7919,15.37281,0,False,False
99.24317,0.012494,1.571657,-0.085227,27.87223,170.6869,3.200063,0,0,0,0,0,0,-0.196808,0.738443,-0.230985,28.94263,169.1634,15.4315,0,False,False
99.25426,0.012196,1.571682,-0.085132,27.93896,170.8249,3.169734,0,0,0,0,0,0,-0.194657,0.74213,-0.235721,28.00484,169.1158,14.47635,0,False,False
99.26536,0.011781,1.571609,-0.085008,27.99223,170.9594,3.129775,0,0,0,0,0,0,-0.191961,0.746109,-0.240327,26.95366,168.9399,14.72431,0,False,False
99.2765,0.011344,1.571497,-0.084834,28.04162,171.1088,3.091864,0,0,0,0,0,0,-0.18928,0.750442,-0.245007,25.88701,168.7864,14.87494,0,False,False
99.28757,0.010891,1.571397,-0.084705,28.09704,171.2314,3.066332,0,0,0,0,0,0,-0.186564,0.754726,-0.25021,24.82537,168.5977,14.7189,0,False,False
99.29878,0.010454,1.571273,-0.084609,28.17658,171.3677,3.036097,0,0,0,0,0,0,-0.183725,0.759412,-0.255262,23.81091,168.4128,14.53101,0,False,False
99.30981,0.009987,1.57111,-0.084427,28.24482,171.4936,3.002871,0,0,0,0,0,0,-0.180759,0.76434,-0.260618,22.90644,168.2392,14.25667,0,False,False
99.32089,0.009589,1.57098,-0.084209,28.32807,171.6317,2.97516,0,0,0,0,0,0,-0.177435,0.769632,-0.266426,21.9222,167.9984,13.9863,0,False,False
99.33205,0.0092,1.570897,-0.083957,28.39372,171.7804,2.956618,0,0,0,0,0,0,-0.173855,0.775421,-0.272412,20.89582,167.7271,13.68771,0,False,False
99.34316,0.008759,1.570812,-0.083802,28.45385,171.9068,2.929375,0,0,0,0,0,0,-0.170167,0.781431,-0.278673,19.86653,167.478,13.42788,0,False,False
99.35434,0.008361,1.570745,-0.083595,28.50336,172.0473,2.914935,0,0,0,0,0,0,-0.16649,0.787475,-0.28473,18.90413,167.2714,13.20414,0,False,False
99.36537,0.007922,1.57066,-0.083439,28.55285,172.1662,2.900888,0,0,0,0,0,0,-0.162456,0.793851,-0.291112,17.91193,167.0546,13.01122,0,False,False
99.37657,0.007488,1.570564,-0.083291,28.62404,172.305,2.898591,0,0,0,0,0,0,-0.158551,0.800559,-0.297391,16.88189,166.8239,12.79518,0,False,False
99.38758,0.007047,1.570444,-0.083122,28.68424,172.4406,2.895635,0,0,0,0,0,0,-0.154388,0.807604,-0.303376,15.75547,166.5376,12.55165,0,False,False
99.39865,0.006635,1.570311,-0.082958,28.75423,172.5704,2.875262,0,0,0,0,0,0,-0.149868,0.815501,-0.30991,14.38244,166.1602,12.14039,0,False,False
99.40974,0.006222,1.570213,-0.082811,28.80985,172.7174,2.865146,0,0,0,0,0,0,-0.145453,0.824041,-0.316464,12.91469,165.7682,11.6727,0,False,False
99.42093,0.005787,1.570122,-0.082668,28.86679,172.8532,2.859717,0,0,0,0,0,0,-0.141048,0.832296,-0.322808,11.50845,165.4571,11.26847,0,False,False
99.43216,0.005397,1.570061,-0.082473,28.90408,172.999,2.843639,0,0,0,0,0,0,-0.136659,0.841356,-0.329444,10.01017,165.1929,10.81369,0,False,False
99.44314,0.004966,1.569991,-0.082315,28.94467,173.1385,2.843957,0,0,0,0,0,0,-0.132437,0.849735,-0.335502,8.648087,165.0105,10.41846,0,False,False
99.45429,0.004542,1.569837,-0.082198,29.00084,173.2684,2.855153,0,0,0,0,0,0,-0.128184,0.859193,-0.342029,7.155146,164.9576,9.937131,0,False,False
99.46545,0.004069,1.569715,-0.082,29.06648,173.3963,2.855147,0,0,0,0,0,0,-0.124077,0.868755,-0.348308,5.718158,164.9094,9.370064,0,False,False
99.4764,0.003673,1.569607,-0.08179,29.13412,173.5362,2.865533,0,0,0,0,0,0,-0.120357,0.877603,-0.354352,4.376008,164.8749,8.845037,0,False,False
99.48756,0.003268,1.569484,-0.081572,29.2083,173.6727,2.871593,0,0,0,0,0,0,-0.116338,0.887151,-0.36043,3.077264,164.7633,8.367214,0,False,False
99.49872,0.002874,1.569368,-0.081367,29.28427,173.8093,2.87574,0,0,0,0,0,0,-0.112371,0.896516,-0.366532,1.795312,164.6204,7.979547,0,False,False
99.50974,0.002465,1.569248,-0.081156,29.36044,173.9232,2.881965,0,0,0,0,0,0,-0.108529,0.906352,-0.372175,0.482861,164.4637,7.572234,0,False,False
99.52081,0.002134,1.569175,-0.080974,29.39681,174.0421,2.888071,0,0,0,0,0,0,-0.104783,0.915819,-0.377469,359.2298,164.2965,7.312559,0,False,False
99.532,0.001759,1.569167,-0.080845,29.4376,174.1529,2.8897,0,0,0,0,0,0,-0.100906,0.925787,-0.383073,357.9328,164.1652,7.121521,0,False,False
99.54339,0.001381,1.569154,-0.080727,29.45503,174.2483,2.883282,0,0,0,0,0,0,-0.097318,0.935908,-0.38841,356.6157,164.0733,6.943421,0,False,False
99.55422,0.001021,1.569194,-0.080593,29.48075,174.3292,2.875752,0,0,0,0,0,0,-0.09369,0.946125,-0.393492,355.2425,163.9875,6.856974,0,False,False
99.56538,0.000641,1.569171,-0.080499,29.50721,174.4335,2.871643,0,0,0,0,0,0,-0.090613,0.956032,-0.398561,353.9765,164.0093,6.713485,0,False,False
99.57644,0.000299,1.569204,-0.080425,29.54142,174.5075,2.860637,0,0,0,0,0,0,-0.087182,0.966274,-0.403426,352.68,164.0555,6.549459,0,False,False
99.58752,-0.000058,1.569119,-0.080253,29.56273,174.6004,2.849686,0,0,0,0,0,0,-0.084266,0.976771,-0.408455,351.4197,164.1487,6.246108,0,False,False
99.59859,-0.000391,1.5691,-0.080101,29.60015,174.6812,2.83622,0,0,0,0,0,0,-0.081409,0.987442,-0.413026,350.1607,164.1995,5.735956,0,False,False
99.60975,-0.000711,1.569038,-0.079971,29.64972,174.767,2.817207,0,0,0,0,0,0,-0.0788,0.997738,-0.417471,348.9272,164.2876,5.254327,0,False,False
99.62099,-0.001042,1.568924,-0.079868,29.68939,174.8519,2.793539,0,0,0,0,0,0,-0.07597,1.008733,-0.421475,347.5437,164.3913,4.848122,0,False,False
99.63218,-0.001384,1.568893,-0.079724,29.7338,174.9289,2.773869,0,0,0,0,0,0,-0.073441,1.019693,-0.425422,346.081,164.5266,4.604287,0,False,False
99.64323,-0.00163,1.568815,-0.079529,29.76301,175.0052,2.759714,0,0,0,0,0,0,-0.070788,1.0306,-0.428882,344.6658,164.6067,4.547827,0,False,False
99.65427,-0.001953,1.56883,-0.079461,29.78894,175.08,2.753301,0,0,0,0,0,0,-0.068378,1.041508,-0.432167,343.3561,164.6662,4.412171,0,False,False
99.66528,-0.002162,1.568761,-0.079422,29.79721,175.1355,2.734124,0,0,0,0,0,0,-0.065948,1.051504,-0.435437,342.173,164.7056,4.243383,0,False,False
99.67632,-0.002475,1.568702,-0.079409,29.81337,175.1811,2.731753,0,0,0,0,0,0,-0.063373,1.061914,-0.438445,341.096,164.6543,4.220968,0,False,False
99.68744,-0.002755,1.568642,-0.079387,29.8437,175.2418,2.723659,0,0,0,0,0,0,-0.060739,1.071782,-0.441294,340.0385,164.5161,4.370411,0,False,False
99.69862,-0.003019,1.568599,-0.079312,29.88341,175.2873,2.726143,0,0,0,0,0,0,-0.058131,1.08135,-0.443489,339.0147,164.3239,4.678212,0,False,False
99.70971,-0.003267,1.568548,-0.079287,29.9431,175.3291,2.712315,0,0,0,0,0,0,-0.055569,1.09138,-0.44559,337.9464,164.0905,5.096907,0,False,False
99.72083,-0.003551,1.568517,-0.079255,29.99077,175.3763,2.686728,0,0,0,0,0,0,-0.052914,1.101049,-0.447523,336.802,163.837,5.50855,0,False,False
99.73213,-0.00379,1.568496,-0.079276,30.06172,175.4385,2.660625,0,0,0,0,0,0,-0.050373,1.110872,-0.449325,335.6048,163.5791,5.868407,0,False,False
99.74316,-0.004076,1.568472,-0.079324,30.10536,175.4803,2.617639,0,0,0,0,0,0,-0.048209,1.12053,-0.450485,334.3196,163.3694,6.169062,0,False,False
99.75408,-0.004282,1.568433,-0.079354,30.13637,175.5354,2.593676,0,0,0,0,0,0,-0.046153,1.12988,-0.45155,333.1592,163.2429,6.359233,0,False,False
99.76534,-0.004485,1.568451,-0.079409,30.16681,175.5836,2.56455,0,0,0,0,0,0,-0.044496,1.138724,-0.45268,332.0609,163.2114,6.278372,0,False,False
99.77638,-0.004699,1.568363,-0.079499,30.19227,175.6162,2.554756,0,0,0,0,0,0,-0.042552,1.147866,-0.453505,330.9764,163.1017,6.221048,0,False,False
99.78738,-0.004831,1.568322,-0.079556,30.21877,175.6667,2.57469,0,0,0,0,0,0,-0.040984,1.156066,-0.45413,330.0706,162.9827,6.042984,0,False,False
99.7986,-0.004968,1.568238,-0.079563,30.2572,175.713,2.592479,0,0,0,0,0,0,-0.039064,1.163818,-0.45498,329.2233,162.8056,6.095729,0,False,False
99.80957,-0.005146,1.568186,-0.07962,30.2928,175.7384,2.612529,0,0,0,0,0,0,-0.037421,1.171539,-0.455587,328.3586,162.6228,6.299375,0,False,False
99.82075,-0.005217,1.568122,-0.079632,30.33334,175.7712,2.632381,0,0,0,0,0,0,-0.035791,1.179153,-0.456456,327.4735,162.4809,6.451613,0,False,False
99.83197,-0.005334,1.568041,-0.079707,30.36118,175.7839,2.6603,0,0,0,0,0,0,-0.034851,1.186051,-0.457292,326.6529,162.4685,6.664345,0,False,False
99.84295,-0.005387,1.568,-0.079739,30.38983,175.8032,2.678524,0,0,0,0,0,0,-0.033651,1.193067,-0.458214,325.8155,162.5281,6.914145,0,False,False
99.85414,-0.005425,1.567931,-0.079753,30.42435,175.8032,2.70697,0,0,0,0,0,0,-0.03321,1.199327,-0.459301,325.1497,162.9864,7.006655,0,False,False
99.86514,-0.005486,1.567878,-0.079821,30.46002,175.8111,2.729416,0,0,0,0,0,0,-0.032848,1.205356,-0.460418,324.5948,163.4869,6.536425,0,False,False
99.87637,-0.005569,1.56782,-0.079833,30.50204,175.8021,2.744416,0,0,0,0,0,0,-0.032055,1.210572,-0.461095,324.0108,163.8626,6.275912,0,False,False
99.88733,-0.005608,1.567777,-0.079823,30.54291,175.7981,2.748088,0,0,0,0,0,0,-0.031405,1.215858,-0.462004,323.5072,164.1035,6.17762,0,False,False
99.89851,-0.005597,1.567735,-0.07983,30.58413,175.7827,2.765835,0,0,0,0,0,0,-0.031017,1.22074,-0.463452,323.1529,164.3637,5.718602,0,False,False
99.90957,-0.005619,1.567657,-0.079863,30.5995,175.7645,2.753835,0,0,0,0,0,0,-0.03039,1.224919,-0.464598,322.8329,164.503,5.63794,0,False,False
99.92067,-0.005633,1.567665,-0.079925,30.632,175.7391,2.753174,0,0,0,0,0,0,-0.027574,1.231422,-0.466218,322.4371,164.6996,5.679652,0,False,False
99.93201,-0.005594,1.567613,-0.079931,30.64712,175.7023,2.758143,0,0,0,0,0,0,-0.026627,1.235075,-0.467443,322.1958,164.7039,5.93209,0,False,False
99.94288,-0.005514,1.567555,-0.079874,30.66399,175.6667,2.748263,0,0,0,0,0,0,-0.025853,1.238916,-0.468788,321.9643,164.7456,6.082559,0,False,False
99.95396,-0.005505,1.567515,-0.079877,30.68096,175.6177,2.753773,0,0,0,0,0,0,-0.025103,1.241663,-0.469997,321.7855,164.7482,6.123189,0,False,False
99.96515,-0.005465,1.567455,-0.079876,30.70496,175.5836,2.741801,0,0,0,0,0,0,-0.024453,1.244546,-0.47138,321.5833,164.7686,6.088688,0,False,False
99.97637,-0.005474,1.567374,-0.079858,30.7348,175.5659,2.727812,0,0,0,0,0,0,-0.023759,1.247021,-0.472645,321.3358,164.8184,6.060586,0,False,False
99.98733,-0.005439,1.567342,-0.07979,30.76489,175.5348,2.730767,0,0,0,0,0,0,-0.023199,1.249219,-0.474412,321.0494,164.9203,6.098714,0,False,False
99.99851,-0.005425,1.567299,-0.079749,30.78841,175.5265,2.725275,0,0,0,0,0,0,-0.022663,1.25117,-0.476028,320.7868,164.9988,6.242302,0,False,False
100.0095,-0.005439,1.567252,-0.079721,30.81936,175.532,2.754207,0,0,0,0,0,0,-0.022087,1.252709,-0.477786,320.6632,165.0573,6.184636,0,False,False
100.0208,-0.005427,1.56721,-0.079676,30.84375,175.5192,2.768368,0,0,0,0,0,0,-0.021504,1.254364,-0.479633,320.5805,165.1429,6.043621,0,False,False
100.0318,-0.005435,1.56715,-0.079657,30.87508,175.5354,2.796843,0,0,0,0,0,0,-0.020902,1.255495,-0.481488,320.6391,165.1851,5.948548,0,False,False
100.0429,-0.005508,1.567084,-0.079708,30.89975,175.53,2.807887,0,0,0,0,0,0,-0.02021,1.256679,-0.483303,320.6806,165.1529,6.07548,0,False,False
100.054,-0.005557,1.567063,-0.079747,30.9135,175.5394,2.833903,0,0,0,0,0,0,-0.019178,1.257141,-0.485559,320.874,164.9622,6.526951,0,False,False
100.0652,-0.005568,1.567017,-0.079777,30.94945,175.5447,2.847933,0,0,0,0,0,0,-0.01845,1.257885,-0.487899,320.9516,164.8606,6.770839,0,False,False
100.0764,-0.005568,1.56699,-0.079809,30.96837,175.5529,2.86082,0,0,0,0,0,0,-0.017613,1.258458,-0.49008,321.0926,164.7918,7.026138,0,False,False
100.0873,-0.005596,1.566965,-0.079825,30.99679,175.5498,2.896917,0,0,0,0,0,0,-0.016644,1.258678,-0.492516,321.2806,164.7463,7.250521,0,False,False
100.0985,-0.005567,1.566887,-0.079823,31.02498,175.5568,2.916646,0,0,0,0,0,0,-0.015706,1.258844,-0.494662,321.4709,164.722,7.365099,0,False,False
100.1095,-0.005591,1.566843,-0.079814,31.06783,175.5679,2.929115,0,0,0,0,0,0,-0.014912,1.25894,-0.497333,321.7586,164.7657,7.288227,0,False,False
100.1207,-0.005611,1.566777,-0.079855,31.11188,175.5648,2.933715,0,0,0,0,0,0,-0.01439,1.258846,-0.500098,322.0636,164.9116,7.0566,0,False,False
100.1318,-0.005615,1.566731,-0.079811,31.14932,175.5677,2.93538,0,0,0,0,0,0,-0.013856,1.258816,-0.502701,322.3681,165.094,6.798342,0,False,False
100.1428,-0.005589,1.566697,-0.07982,31.17848,175.5857,2.932823,0,0,0,0,0,0,-0.013547,1.258574,-0.505175,322.597,165.2962,6.555161,0,False,False
100.1539,-0.005579,1.566702,-0.079844,31.20056,175.5983,2.913924,0,0,0,0,0,0,-0.013293,1.258507,-0.507664,322.7689,165.4759,6.481808,0,False,False
100.1653,-0.005549,1.56671,-0.079886,31.2116,175.611,2.904834,0,0,0,0,0,0,-0.01291,1.258506,-0.50981,322.8832,165.5562,6.591503,0,False,False
100.1763,-0.00556,1.566699,-0.079979,31.21389,175.6164,2.905367,0,0,0,0,0,0,-0.012352,1.258564,-0.512166,322.9897,165.5813,6.724918,0,False,False
100.1873,-0.005518,1.56672,-0.080035,31.21835,175.6343,2.902388,0,0,0,0,0,0,-0.011806,1.25857,-0.513856,322.9957,165.5101,7.016554,0,False,False
100.1984,-0.005448,1.566743,-0.08011,31.20303,175.6434,2.915017,0,0,0,0,0,0,-0.011057,1.25847,-0.515608,323.0093,165.4027,7.292667,0,False,False
100.2094,-0.005383,1.566739,-0.080159,31.19434,175.6356,2.926846,0,0,0,0,0,0,-0.01036,1.258388,-0.517252,323.0848,165.3114,7.502099,0,False,False
100.2207,-0.005327,1.566792,-0.080243,31.20819,175.6251,2.933924,0,0,0,0,0,0,-0.009701,1.258314,-0.518898,323.191,165.2831,7.657901,0,False,False
100.2317,-0.00518,1.566776,-0.080269,31.21498,175.62,2.940804,0,0,0,0,0,0,-0.0093,1.25822,-0.520277,323.3394,165.329,7.562337,0,False,False
100.2428,-0.005075,1.566738,-0.08032,31.22998,175.6147,2.948951,0,0,0,0,0,0,-0.008852,1.258045,-0.521756,323.5021,165.3799,7.357443,0,False,False
100.2539,-0.004948,1.566687,-0.080342,31.26794,175.5839,2.929123,0,0,0,0,0,0,-0.008305,1.257718,-0.523083,323.6928,165.4705,7.163654,0,False,False
100.265,-0.004844,1.566664,-0.080387,31.30598,175.5747,2.944584,0,0,0,0,0,0,-0.007971,1.257414,-0.524068,323.8586,165.5074,7.213974,0,False,False
100.2761,-0.004711,1.566644,-0.080424,31.31896,175.5456,2.941292,0,0,0,0,0,0,-0.007511,1.257012,-0.525148,323.9965,165.4923,7.412376,0,False,False
100.2873,-0.004553,1.566632,-0.080434,31.33422,175.5298,2.949364,0,0,0,0,0,0,-0.007209,1.256753,-0.525954,324.017,165.4748,7.714952,0,False,False
100.2983,-0.004376,1.566645,-0.080482,31.3561,175.491,2.964222,0,0,0,0,0,0,-0.006944,1.256465,-0.526483,323.9706,165.4542,8.092867,0,False,False
100.3095,-0.004175,1.566641,-0.080512,31.36083,175.4675,2.989374,0,0,0,0,0,0,-0.006769,1.256114,-0.5268,323.9164,165.5024,8.300192,0,False,False
100.3207,-0.004027,1.566565,-0.080628,31.35031,175.4184,3.006336,0,0,0,0,0,0,-0.0067,1.25584,-0.527321,323.8875,165.5747,8.38882,0,False,False
100.3317,-0.003828,1.566555,-0.080701,31.359,175.3764,3.022837,0,0,0,0,0,0,-0.006714,1.255558,-0.527427,323.8618,165.7356,8.201007,0,False,False
100.3428,-0.003628,1.566527,-0.080767,31.35965,175.3231,3.03472,0,0,0,0,0,0,-0.006809,1.255176,-0.527791,323.9031,165.901,8.01537,0,False,False
100.3539,-0.003418,1.566459,-0.080825,31.36983,175.2724,3.046697,0,0,0,0,0,0,-0.006861,1.254739,-0.528004,324.0081,166.0912,7.785716,0,False,False
100.3652,-0.003188,1.566449,-0.080854,31.39341,175.2251,3.068924,0,0,0,0,0,0,-0.006893,1.254098,-0.528173,324.1611,166.1973,7.515564,0,False,False
100.376,-0.003018,1.566378,-0.080898,31.41468,175.1761,3.101616,0,0,0,0,0,0,-0.006671,1.253662,-0.528343,324.2986,166.1834,7.321505,0,False,False
100.3872,-0.002791,1.566321,-0.080964,31.44392,175.1347,3.118797,0,0,0,0,0,0,-0.006489,1.252943,-0.52841,324.3882,166.125,7.31419,0,False,False
100.3982,-0.002586,1.566267,-0.080965,31.47268,175.0903,3.150214,0,0,0,0,0,0,-0.006438,1.252317,-0.528438,324.4486,166.1008,7.408105,0,False,False
100.4093,-0.002424,1.566183,-0.08101,31.50311,175.0513,3.197469,0,0,0,0,0,0,-0.006467,1.251714,-0.528402,324.4583,166.0355,7.748735,0,False,False
100.4207,-0.002309,1.566093,-0.08106,31.53116,175.0151,3.24543,0,0,0,0,0,0,-0.006463,1.251173,-0.528157,324.4212,166.0114,8.093244,0,False,False
100.4316,-0.002198,1.566031,-0.08106,31.55813,174.9629,3.262677,0,0,0,0,0,0,-0.006553,1.250914,-0.527874,324.3607,166.0159,8.234171,0,False,False
100.4427,-0.0021,1.565946,-0.081052,31.58331,174.9233,3.299086,0,0,0,0,0,0,-0.00667,1.250542,-0.527381,324.3063,166.103,8.112643,0,False,False
100.4539,-0.001968,1.56591,-0.08106,31.59262,174.8881,3.315623,0,0,0,0,0,0,-0.006972,1.250355,-0.527065,324.2199,166.2304,7.864991,0,False,False
100.465,-0.001864,1.565893,-0.081094,31.60922,174.8497,3.327282,0,0,0,0,0,0,-0.007275,1.250083,-0.526553,324.1349,166.3542,7.628746,0,False,False
100.476,-0.001698,1.565877,-0.08107,31.61626,174.8187,3.347045,0,0,0,0,0,0,-0.007552,1.249828,-0.526222,324.0877,166.4529,7.396914,0,False,False
100.4871,-0.001616,1.565871,-0.081104,31.63064,174.7623,3.357759,0,0,0,0,0,0,-0.007731,1.249478,-0.526028,324.0766,166.5738,7.186656,0,False,False
100.4983,-0.001589,1.565813,-0.081155,31.63742,174.7303,3.362638,0,0,0,0,0,0,-0.007974,1.249172,-0.525804,324.0908,166.6862,7.112047,0,False,False
100.5094,-0.00149,1.565787,-0.081195,31.64979,174.6903,3.364345,0,0,0,0,0,0,-0.008292,1.248857,-0.525488,324.1548,166.7564,7.09058,0,False,False
100.5205,-0.001442,1.565683,-0.081239,31.66598,174.6449,3.369445,0,0,0,0,0,0,-0.008542,1.248464,-0.525125,324.2195,166.7332,6.960933,0,False,False
100.5316,-0.001377,1.565668,-0.081286,31.68093,174.6107,3.376588,0,0,0,0,0,0,-0.008514,1.248024,-0.524752,324.3842,166.5522,6.731454,0,False,False
100.5427,-0.001338,1.565572,-0.081309,31.68655,174.5625,3.367351,0,0,0,0,0,0,-0.008418,1.247493,-0.524386,324.5416,166.3994,6.474998,0,False,False
100.5538,-0.001329,1.565504,-0.081333,31.7033,174.5132,3.352298,0,0,0,0,0,0,-0.008302,1.247074,-0.523958,324.7097,166.2659,6.356277,0,False,False
100.565,-0.00131,1.565456,-0.081368,31.717,174.4601,3.32392,0,0,0,0,0,0,-0.008405,1.246982,-0.523559,324.7164,166.3929,6.371173,0,False,False
100.5761,-0.001277,1.565423,-0.081398,31.74476,174.4192,3.274732,0,0,0,0,0,0,-0.008783,1.247117,-0.523049,324.6479,166.6642,6.301366,0,False,False
100.5873,-0.001313,1.565341,-0.081467,31.76686,174.3723,3.234833,0,0,0,0,0,0,-0.009175,1.247428,-0.522397,324.4897,166.8924,6.02458,0,False,False
100.5982,-0.001276,1.565279,-0.081423,31.78153,174.3345,3.199287,0,0,0,0,0,0,-0.009128,1.247749,-0.521771,324.3405,166.942,5.695012,0,False,False
100.6093,-0.001344,1.565199,-0.081505,31.80467,174.2853,3.167,0,0,0,0,0,0,-0.009047,1.248223,-0.520916,324.0805,166.8124,5.437263,0,False,False
100.6205,-0.001348,1.565164,-0.081521,31.8243,174.2561,3.162494,0,0,0,0,0,0,-0.008778,1.248742,-0.51997,323.9552,166.5409,5.487609,0,False,False
100.6316,-0.001353,1.565101,-0.081546,31.85028,174.2295,3.189628,0,0,0,0,0,0,-0.008529,1.248812,-0.51948,323.9461,166.3776,5.835325,0,False,False
100.6426,-0.001375,1.565072,-0.081552,31.88379,174.2008,3.216613,0,0,0,0,0,0,-0.008488,1.248947,-0.518973,323.908,166.4827,6.164279,0,False,False
100.6538,-0.001391,1.565015,-0.081577,31.91481,174.1823,3.238877,0,0,0,0,0,0,-0.008566,1.249143,-0.518609,323.8243,166.645,6.065776,0,False,False
100.6649,-0.001391,1.564923,-0.081586,31.94453,174.1595,3.242159,0,0,0,0,0,0,-0.008773,1.249528,-0.518253,323.7725,166.8518,5.620475,0,False,False
100.6759,-0.001362,1.564813,-0.081607,31.97576,174.1262,3.234856,0,0,0,0,0,0,-0.008784,1.24986,-0.518012,323.7907,166.9395,5.332367,0,False,False
100.6871,-0.001374,1.564703,-0.081655,32.01607,174.0986,3.229588,0,0,0,0,0,0,-0.008667,1.249903,-0.517892,323.8213,166.9073,5.264771,0,False,False
100.6982,-0.001382,1.564614,-0.08163,32.05061,174.0586,3.211138,0,0,0,0,0,0,-0.008627,1.250157,-0.517659,323.7074,166.9759,5.490086,0,True,False
100.7092,-0.001395,1.564539,-0.081622,32.09207,174.0224,3.207732,0,0,0,0,0,0,-0.008774,1.250644,-0.517464,323.5192,167.1403,5.624488,0,True,False
100.7205,-0.0014,1.564471,-0.081576,32.12355,173.9972,3.211446,0,0,0,0,0,0,-0.008919,1.251235,-0.517063,323.3375,167.1828,5.560537,0,True,False
100.7316,-0.001406,1.564436,-0.081521,32.13959,173.9529,3.211192,0,0,0,0,0,0,-0.008743,1.251617,-0.516704,323.2678,167.0678,5.609646,0,True,False
100.7426,-0.001431,1.564409,-0.08145,32.15232,173.912,3.210278,0,0,0,0,0,0,-0.008464,1.251736,-0.516658,323.3362,166.9225,5.781719,0,True,False
100.7539,-0.001397,1.564403,-0.081432,32.15226,173.8921,3.219764,0,0,0,0,0,0,-0.008284,1.251815,-0.51652,323.3725,166.8451,5.845317,0,True,False
100.7649,-0.001325,1.564419,-0.081333,32.15058,173.841,3.220635,0,0,0,0,0,0,-0.008014,1.251852,-0.516465,323.4805,166.7589,5.670733,0,True,False
100.776,-0.001327,1.564421,-0.081298,32.15202,173.8112,3.241629,0,0,0,0,0,0,-0.007602,1.251644,-0.51657,323.6374,166.5872,5.563487,0,True,False
100.787,-0.001302,1.564412,-0.081247,32.17317,173.7771,3.253793,0,0,0,0,0,0,-0.007287,1.251414,-0.516588,323.7342,166.4922,5.675937,0,True,False
100.7981,-0.001315,1.564436,-0.081164,32.19196,173.7345,3.266344,0,0,0,0,0,0,-0.007416,1.251448,-0.516739,323.7294,166.522,5.661875,0,True,False
100.8092,-0.001317,1.564409,-0.081097,32.19923,173.6907,3.263497,0,0,0,0,0,0,-0.007621,1.251872,-0.516704,323.6055,166.6198,5.526222,0,True,False
100.8204,-0.001335,1.564404,-0.081066,32.20197,173.6487,3.262727,0,0,0,0,0,0,-0.007588,1.252138,-0.516682,323.5085,166.6142,5.505407,0,True,False
100.8316,-0.001297,1.564415,-0.081015,32.21521,173.6145,3.23957,0,0,0,0,0,0,-0.007648,1.252429,-0.51649,323.3371,166.5671,5.64212,0,True,False
100.8425,-0.001223,1.564396,-0.081002,32.21029,173.5473,3.217699,0,0,0,0,0,0,-0.007576,1.252607,-0.516333,323.216,166.5366,5.691188,0,True,False
100.8537,-0.001194,1.564355,-0.081044,32.20973,173.4995,3.22078,0,0,0,0,0,0,-0.007689,1.252832,-0.51611,323.0483,166.5777,5.602521,0,True,False
100.8649,-0.001083,1.564348,-0.080998,32.21724,173.433,3.229772,0,0,0,0,0,0,-0.007915,1.253216,-0.515829,322.8717,166.6825,5.392153,0,True,False
100.8759,-0.000974,1.564281,-0.080972,32.22119,173.3731,3.267753,0,0,0,0,0,0,-0.007923,1.253207,-0.515516,322.7914,166.7021,5.213577,0,True,False
100.887,-0.000851,1.564236,-0.080964,32.23888,173.3067,3.310246,0,0,0,0,0,0,-0.007681,1.252964,-0.515311,322.8672,166.5813,5.164945,0,True,False
100.8981,-0.000721,1.564127,-0.080935,32.26482,173.231,3.3603,0,0,0,0,0,0,-0.007363,1.252555,-0.515301,323.0509,166.4571,5.150135,0,True,False
100.9092,-0.000515,1.564023,-0.080975,32.31621,173.0916,3.400364,0,0,0,0,0,0,-0.007038,1.252219,-0.515228,323.198,166.3549,5.081194,0,True,False
100.9204,-0.000185,1.563911,-0.081019,32.37388,172.9018,3.438229,0,0,0,0,0,0,-0.006678,1.251586,-0.515271,323.3963,166.2092,5.169219,0,True,False
100.9316,0.000201,1.563771,-0.08095,32.43266,172.6916,3.486614,0,0,0,0,0,0,-0.006247,1.251016,-0.515237,323.5144,166.0262,5.39521,0,True,False
100.9425,0.00077,1.563615,-0.080969,32.49741,172.3862,3.520233,0,0,0,0,0,0,-0.005722,1.250575,-0.514927,323.5913,165.883,5.501681,0,True,False
100.9536,0.001325,1.563438,-0.081022,32.57457,172.0242,3.533211,0,0,0,0,0,0,-0.00526,1.250091,-0.514691,323.6543,165.7624,5.435357,0,True,False
100.9649,0.002066,1.563226,-0.081091,32.66727,171.5844,3.547923,0,0,0,0,0,0,-0.004541,1.249737,-0.5143,323.65,165.6476,5.251833,0,True,False
100.9758,0.002822,1.562991,-0.081223,32.76517,171.1268,3.558145,0,0,0,0,0,0,-0.003852,1.249303,-0.513981,323.6841,165.4696,5.150432,0,True,False
100.9869,0.003824,1.56278,-0.081253,32.90402,170.6301,3.593493,0,0,0,0,0,0,-0.002642,1.248708,-0.513367,323.7462,165.1105,5.254003,0,True,False
100.9982,0.004811,1.562461,-0.081445,33.02582,170.0842,3.62258,0,0,0,0,0,0,-0.001548,1.248093,-0.512753,323.8169,164.8021,5.363401,0,True,False
101.0091,0.005823,1.56216,-0.081605,33.18158,169.5129,3.660856,0,0,0,0,0,0,-0.000208,1.247257,-0.512253,323.9215,164.438,5.581633,0,True,False
101.0203,0.006936,1.561769,-0.081793,33.35239,168.9034,3.709214,0,0,0,0,0,0,0.001178,1.246508,-0.511823,323.9995,164.1468,5.783294,0,True,False
101.0314,0.008087,1.56133,-0.081914,33.52333,168.2731,3.763012,0,0,0,0,0,0,0.002562,1.245535,-0.511208,324.0844,163.8567,5.855272,0,True,False
101.0427,0.00927,1.560924,-0.082116,33.72335,167.6236,3.811269,0,0,0,0,0,0,0.004216,1.244459,-0.510583,324.1948,163.5018,6.006492,0,True,False
101.0537,0.010447,1.560476,-0.082358,33.90123,166.9363,3.846094,0,0,0,0,0,0,0.005911,1.243234,-0.509964,324.2945,163.1757,6.284241,0,True,False
101.0648,0.011757,1.560075,-0.082595,34.10173,166.2356,3.883257,0,0,0,0,0,0,0.007506,1.242225,-0.509432,324.3956,162.8517,6.38336,0,True,False
101.0758,0.013065,1.559558,-0.082815,34.30604,165.5402,3.905837,0,0,0,0,0,0,0.00935,1.241012,-0.50872,324.523,162.4919,6.213406,0,True,False
101.0869,0.014338,1.559097,-0.083092,34.50903,164.8165,3.927794,0,0,0,0,0,0,0.011299,1.239602,-0.507851,324.6621,162.048,6.077863,0,True,False
101.098,0.015668,1.558608,-0.083353,34.71466,164.0925,3.96155,0,0,0,0,0,0,0.013598,1.238271,-0.507032,324.8229,161.4787,6.166543,0,True,False
101.1091,0.017049,1.558032,-0.083631,34.9272,163.3702,4.017448,0,0,0,0,0,0,0.015747,1.236583,-0.50619,325.031,160.9061,6.299565,0,True,False
101.1202,0.018374,1.557565,-0.083886,35.1286,162.6316,4.062158,0,0,0,0,0,0,0.01829,1.234827,-0.505326,325.2759,160.3085,6.368335,0,True,False
101.1314,0.019721,1.557084,-0.084157,35.34262,161.8749,4.095524,0,0,0,0,0,0,0.02071,1.233067,-0.504394,325.4688,159.7645,6.349008,0,True,False
101.1424,0.021023,1.556607,-0.084296,35.55442,161.1051,4.152526,0,0,0,0,0,0,0.023261,1.231215,-0.50345,325.6566,159.2499,6.336695,0,True,False
101.1536,0.022334,1.556088,-0.084517,35.76077,160.3386,4.185707,0,0,0,0,0,0,0.026124,1.229291,-0.502365,325.7804,158.6602,6.525289,0,True,False
101.1648,0.023605,1.55555,-0.084714,35.96339,159.5373,4.200984,0,0,0,0,0,0,0.02892,1.227438,-0.501317,325.9065,158.1185,6.728536,0,True,False
101.1757,0.024836,1.555023,-0.084941,36.17833,158.7407,4.209793,0,0,0,0,0,0,0.031822,1.225393,-0.500111,326.0488,157.5436,6.910037,0,True,False
101.1868,0.026141,1.55447,-0.085163,36.39753,157.9623,4.23448,0,0,0,0,0,0,0.034838,1.223269,-0.498915,326.2668,156.9538,6.877649,0,True,False
101.198,0.027372,1.553871,-0.085345,36.61801,157.1719,4.240756,0,0,0,0,0,0,0.038073,1.22089,-0.497787,326.5794,156.2813,6.909268,0,True,False
101.209,0.028542,1.55332,-0.085521,36.83249,156.3837,4.252326,0,0,0,0,0,0,0.041329,1.21834,-0.496555,326.9253,155.6318,7.076329,0,True,False
101.2203,0.029706,1.552743,-0.085609,37.0442,155.5769,4.261798,0,0,0,0,0,0,0.044402,1.21578,-0.495144,327.2115,155.0098,7.225852,0,True,False
101.2313,0.030856,1.552202,-0.085786,37.27076,154.7705,4.27322,0,0,0,0,0,0,0.047565,1.21328,-0.493761,327.5157,154.4169,7.279248,0,True,False
101.2423,0.03193,1.551642,-0.08594,37.48508,153.9777,4.296127,0,0,0,0,0,0,0.050934,1.210658,-0.492144,327.7718,153.7942,7.330903,0,True,False
101.2535,0.033044,1.551068,-0.086,37.70228,153.1898,4.31632,0,0,0,0,0,0,0.0544,1.208126,-0.490306,327.9949,153.1888,7.439468,0,True,False
101.2648,0.034086,1.550521,-0.086204,37.91473,152.3745,4.321991,0,0,0,0,0,0,0.057715,1.205401,-0.488544,328.206,152.5797,7.539544,0,True,False
101.2757,0.035018,1.550006,-0.086364,38.13263,151.5757,4.313322,0,0,0,0,0,0,0.061042,1.202881,-0.48663,328.3951,151.9568,7.579193,0,True,False
101.2869,0.035986,1.549452,-0.086517,38.32438,150.7451,4.284757,0,0,0,0,0,0,0.064607,1.200073,-0.484649,328.6794,151.2514,7.562754,0,True,False
101.2979,0.03688,1.548891,-0.086687,38.51883,149.9023,4.238394,0,0,0,0,0,0,0.068336,1.197162,-0.482646,328.9997,150.5148,7.590913,0,True,False
101.3091,0.037835,1.548292,-0.086805,38.73434,149.0891,4.216686,0,0,0,0,0,0,0.071972,1.194322,-0.480446,329.2653,149.8077,7.622941,0,True,False
101.3201,0.038641,1.547666,-0.086919,38.94016,148.2912,4.186935,0,0,0,0,0,0,0.075313,1.191753,-0.478258,329.4639,149.1523,7.635638,0,True,False
101.3314,0.039449,1.547031,-0.087044,39.15873,147.4889,4.16238,0,0,0,0,0,0,0.079038,1.188912,-0.475734,329.6446,148.4265,7.602624,0,True,False
101.3423,0.040283,1.546383,-0.087164,39.39196,146.6748,4.135505,0,0,0,0,0,0,0.082866,1.185955,-0.473177,329.8759,147.6186,7.67648,0,True,False
101.3536,0.041095,1.545709,-0.087376,39.62635,145.8437,4.100764,0,0,0,0,0,0,0.086828,1.18291,-0.470507,330.1228,146.8008,7.797779,0,True,False
101.3646,0.041796,1.544981,-0.087585,39.84707,145.0231,4.074621,0,0,0,0,0,0,0.090623,1.179875,-0.467864,330.3975,145.976,7.920602,0,True,False
101.3756,0.042458,1.54429,-0.087783,40.05963,144.2144,4.050172,0,0,0,0,0,0,0.094292,1.176689,-0.465486,330.6638,145.2093,7.920869,0,True,False
101.387,0.043043,1.543576,-0.087982,40.25514,143.418,4.019918,0,0,0,0,0,0,0.097995,1.173548,-0.46294,330.9763,144.4808,7.852774,0,True,False
101.3979,0.043598,1.542818,-0.088155,40.42807,142.6404,3.984163,0,0,0,0,0,0,0.101675,1.170434,-0.460488,331.3124,143.7657,7.847035,0,True,False
101.409,0.044151,1.542099,-0.088317,40.60548,141.8655,3.917828,0,0,0,0,0,0,0.105275,1.167425,-0.457987,331.6019,143.0965,7.825098,0,True,False
101.4201,0.044676,1.541318,-0.088459,40.76768,141.1059,3.822791,0,0,0,0,0,0,0.108887,1.164404,-0.455434,331.8566,142.3989,7.759614,0,True,False
101.4313,0.045141,1.540534,-0.088689,40.94168,140.3437,3.682042,0,0,0,0,0,0,0.112535,1.161389,-0.452697,332.044,141.6941,7.688376,0,True,False
101.4423,0.045528,1.539796,-0.088822,41.10513,139.6037,3.536064,0,0,0,0,0,0,0.115999,1.158553,-0.450211,332.2288,141.0092,7.674104,0,True,False
101.4536,0.045853,1.539013,-0.088968,41.28451,138.8728,3.375625,0,0,0,0,0,0,0.119703,1.155257,-0.4473,332.4352,140.2594,7.718153,0,True,False
101.4647,0.046113,1.538335,-0.089082,41.45311,138.1741,3.202472,0,0,0,0,0,0,0.12319,1.152217,-0.444853,332.6645,139.5968,7.811776,0,True,False
101.4756,0.04636,1.537727,-0.089181,41.63028,137.5005,3.034609,0,0,0,0,0,0,0.126688,1.149087,-0.442262,332.9381,138.9294,7.792495,0,True,False
101.4869,0.046512,1.537117,-0.0894,41.80626,136.8202,2.83075,0,0,0,0,0,0,0.13019,1.145821,-0.439614,333.2417,138.3039,7.629864,0,True,False
101.4979,0.046684,1.536664,-0.089574,41.97007,136.2055,2.651149,0,0,0,0,0,0,0.133518,1.142748,-0.437176,333.5406,137.7024,7.479308,0,True,False
101.5089,0.046795,1.536255,-0.089712,42.10595,135.6455,2.451942,0,0,0,0,0,0,0.136771,1.139512,-0.434513,333.8018,137.142,7.437423,0,True,False
101.5201,0.046941,1.535927,-0.089894,42.24907,135.1028,2.26705,0,0,0,0,0,0,0.140089,1.136489,-0.431926,334.0782,136.6291,7.545093,0,True,False
101.5313,0.047047,1.5357,-0.090037,42.34813,134.632,2.103665,0,0,0,0,0,0,0.143105,1.133536,-0.429199,334.3612,136.1689,7.556591,0,True,False
101.5422,0.047124,1.535402,-0.090203,42.4431,134.1728,1.969632,0,0,0,0,0,0,0.145977,1.130877,-0.426635,334.6786,135.7595,7.347744,0,True,False
101.5534,0.047203,1.535193,-0.090365,42.50016,133.7754,1.879816,0,0,0,0,0,0,0.148968,1.128004,-0.423751,335.03,135.296,7.147347,0,True,False
101.5645,0.047251,1.534999,-0.090572,42.58127,133.4008,1.825056,0,0,0,0,0,0,0.151915,1.12512,-0.420781,335.4396,134.7966,6.979857,0,True,False
101.5756,0.047276,1.534801,-0.090779,42.66588,133.0543,1.816163,0,0,0,0,0,0,0.154752,1.12268,-0.417737,335.7662,134.237,6.969602,0,True,False
101.5868,0.047232,1.53456,-0.090975,42.72805,132.7221,1.857156,0,0,0,0,0,0,0.157688,1.120289,-0.414177,336.0341,133.5696,6.974166,0,True,False
101.5979,0.047286,1.534283,-0.091318,42.78616,132.3724,1.891564,0,0,0,0,0,0,0.160651,1.117968,-0.410461,336.22,132.8333,7.031786,0,True,False
101.6089,0.047309,1.53402,-0.091503,42.84791,132.0503,1.96609,0,0,0,0,0,0,0.163469,1.11564,-0.406923,336.3941,132.1036,7.056217,0,True,False
101.6202,0.047306,1.53374,-0.091782,42.89498,131.7109,2.018381,0,0,0,0,0,0,0.166081,1.113497,-0.402982,336.4984,131.3408,7.140618,0,True,False
101.6312,0.047287,1.533392,-0.092085,42.94926,131.373,2.05533,0,0,0,0,0,0,0.168789,1.111328,-0.399706,336.6624,130.6528,7.191144,0,True,False
101.6423,0.047243,1.533043,-0.092349,43.01003,131.0153,2.052192,0,0,0,0,0,0,0.171226,1.109218,-0.39615,336.8799,129.9106,7.225764,0,True,False
101.6534,0.047177,1.532593,-0.092625,43.08722,130.6774,2.045513,0,0,0,0,0,0,0.173762,1.107032,-0.392698,337.1225,129.1473,7.239411,0,True,False
101.6646,0.047087,1.532154,-0.09283,43.20233,130.3152,2.006174,0,0,0,0,0,0,0.176372,1.104641,-0.389338,337.4443,128.2725,7.352595,0,True,False
101.6755,0.046995,1.531731,-0.093062,43.31676,129.9213,1.926304,0,0,0,0,0,0,0.178618,1.102516,-0.386238,337.6862,127.525,7.466039,0,True,False
101.6868,0.046877,1.53129,-0.093242,43.43494,129.5494,1.84517,0,0,0,0,0,0,0.180831,1.100427,-0.383476,337.912,126.84,7.60862,0,True,False
101.6978,0.046774,1.530928,-0.093474,43.54608,129.1615,1.759869,0,0,0,0,0,0,0.182739,1.098312,-0.38078,338.0623,126.2971,7.795964,0,True,False
101.709,0.046656,1.530565,-0.093773,43.66124,128.7806,1.645344,0,0,0,0,0,0,0.184738,1.096417,-0.378418,338.2373,125.7956,7.887835,0,True,False
101.72,0.046525,1.530219,-0.094029,43.74966,128.441,1.58536,0,0,0,0,0,0,0.186339,1.094603,-0.376259,338.3805,125.4465,7.890954,0,True,False
101.7311,0.046433,1.529908,-0.094367,43.83849,128.0926,1.503496,0,0,0,0,0,0,0.188057,1.092752,-0.374164,338.5864,125.0789,7.762879,0,True,False
101.7422,0.046328,1.529593,-0.094788,43.91584,127.7701,1.431801,0,0,0,0,0,0,0.18976,1.090897,-0.372424,338.813,124.7098,7.612777,0,True,False
101.7534,0.046187,1.529301,-0.095187,44.00305,127.4634,1.37283,0,0,0,0,0,0,0.191326,1.089037,-0.370478,338.9959,124.3333,7.581088,0,True,False
101.7645,0.046064,1.529045,-0.095654,44.07283,127.1854,1.315057,0,0,0,0,0,0,0.192905,1.0874,-0.368916,339.1298,124.0373,7.588626,0,True,False
101.7754,0.045977,1.528801,-0.096165,44.15281,126.9031,1.239857,0,0,0,0,0,0,0.194328,1.085769,-0.367255,339.2866,123.6896,7.547341,0,True,False
101.7866,0.045883,1.528528,-0.096841,44.20488,126.6106,1.141761,0,0,0,0,0,0,0.195754,1.083942,-0.365755,339.4789,123.3565,7.524129,0,True,False
101.7976,0.045889,1.528311,-0.097442,44.25424,126.3302,1.035086,0,0,0,0,0,0,0.197112,1.082419,-0.364341,339.6362,123.062,7.528496,0,True,False
101.8088,0.045946,1.528126,-0.098153,44.31379,126.0437,0.944746,0,0,0,0,0,0,0.198498,1.080865,-0.363214,339.7451,122.7999,7.538498,0,True,False
101.82,0.04611,1.527982,-0.09892,44.39679,125.7777,0.885495,0,0,0,0,0,0,0.199912,1.079452,-0.362182,339.8484,122.5722,7.443565,0,True,False
101.8311,0.046212,1.52776,-0.099749,44.47464,125.5253,0.820189,0,0,0,0,0,0,0.201155,1.077885,-0.361027,339.9773,122.3898,7.267753,0,True,False
101.8421,0.04644,1.527586,-0.100692,44.57824,125.2921,0.774219,0,0,0,0,0,0,0.202467,1.076296,-0.360152,340.1479,122.225,7.069253,0,True,False
101.8533,0.046683,1.52736,-0.101606,44.67458,125.0532,0.719958,0,0,0,0,0,0,0.203731,1.074625,-0.359052,340.329,122.0296,6.893212,0,True,False
101.8644,0.047038,1.527052,-0.102633,44.76552,124.8322,0.672527,0,0,0,0,0,0,0.205177,1.073033,-0.358138,340.5139,121.8236,6.723493,0,True,False
101.8756,0.047462,1.526755,-0.103647,44.85271,124.5984,0.621391,0,0,0,0,0,0,0.206688,1.071361,-0.357123,340.6556,121.5605,6.57891,0,True,False
101.8865,0.047975,1.526354,-0.104677,44.9484,124.3653,0.556046,0,0,0,0,0,0,0.208093,1.06955,-0.35601,340.778,121.2858,6.527554,0,True,False
101.8977,0.048557,1.525869,-0.105716,45.03988,124.1454,0.478962,0,0,0,0,0,0,0.209806,1.067662,-0.354904,340.9066,120.9774,6.498864,0,True,False
101.9088,0.04918,1.525306,-0.106723,45.12216,123.907,0.377579,0,0,0,0,0,0,0.211217,1.06585,-0.353985,341.0467,120.6796,6.390131,0,True,False
101.92,0.049944,1.52458,-0.107754,45.22649,123.6658,0.245994,0,0,0,0,0,0,0.21284,1.063799,-0.352939,341.2435,120.3433,6.306265,0,True,False
101.9311,0.050745,1.523876,-0.108778,45.32922,123.4297,0.141499,0,0,0,0,0,0,0.214606,1.061618,-0.35177,341.3932,119.9773,6.351418,0,True,False
101.9422,0.051636,1.523169,-0.109771,45.44667,123.2479,0.086456,0,0,0,0,0,0,0.216334,1.059527,-0.350637,341.4308,119.5815,6.508567,0,True,False
101.9535,0.052589,1.522472,-0.110772,45.56364,123.0797,0.023333,0,0,0,0,0,0,0.218175,1.05729,-0.349429,341.4305,119.145,6.707249,0,True,False
101.9643,0.053673,1.521782,-0.111844,45.69795,122.9659,0.015356,0,0,0,0,0,0,0.220129,1.054883,-0.348219,341.4888,118.6975,6.803835,0,True,False
101.9755,0.054995,1.521142,-0.112778,45.8225,122.8212,359.9753,0,0,0,0,0,0,0.222174,1.052338,-0.347078,341.575,118.2409,6.779886,0,True,False
101.9866,0.056397,1.520506,-0.113786,45.93018,122.6691,359.9065,0,0,0,0,0,0,0.223974,1.049783,-0.346248,341.6952,117.8834,6.725827,0,True,False
101.9976,0.058068,1.519888,-0.114709,46.02794,122.5241,359.8303,0,0,0,0,0,0,0.226033,1.047128,-0.345545,341.817,117.6022,6.74382,0,True,False
102.0087,0.05976,1.519254,-0.115738,46.11352,122.3613,359.7406,0,0,0,0,0,0,0.228024,1.044466,-0.344971,341.9153,117.348,6.832612,0,True,False
102.0199,0.061721,1.51875,-0.116736,46.17773,122.225,359.6709,0,0,0,0,0,0,0.22976,1.041627,-0.344873,342.003,117.3268,6.882311,0,True,False
102.0312,0.063684,1.518234,-0.117691,46.25721,122.1391,359.6407,0,0,0,0,0,0,0.2316,1.038705,-0.344604,342.1182,117.2036,6.798989,0,True,False
102.0421,0.065927,1.517749,-0.118593,46.33812,122.0887,359.6554,0,0,0,0,0,0,0.233378,1.035679,-0.344525,342.2534,117.1338,6.680072,0,True,False
102.0534,0.06828,1.517273,-0.119533,46.42168,122.0564,359.7036,0,0,0,0,0,0,0.235148,1.032576,-0.344225,342.3503,116.9811,6.625665,0,True,False
102.0643,0.070784,1.516764,-0.120461,46.48417,122.0102,359.7449,0,0,0,0,0,0,0.236824,1.029682,-0.344056,342.4026,116.8247,6.615728,0,True,False
102.0754,0.073505,1.516282,-0.121417,46.52262,121.9418,359.8068,0,0,0,0,0,0,0.238437,1.026772,-0.344,342.432,116.6267,6.677646,0,True,False
102.0865,0.076368,1.515798,-0.122298,46.56928,121.8551,359.8681,0,0,0,0,0,0,0.240214,1.023842,-0.343885,342.5157,116.4279,6.756845,0,True,False
102.0977,0.079366,1.515233,-0.123216,46.60961,121.7534,359.9247,0,0,0,0,0,0,0.241977,1.020929,-0.34374,342.5954,116.2525,6.802668,0,True,False
102.1087,0.082395,1.514606,-0.124172,46.66611,121.6597,-0.003195,0,0,0,0,0,0,0.243861,1.018053,-0.34366,342.6831,116.0939,6.824811,0,True,False
102.1198,0.085661,1.513955,-0.125108,46.73431,121.5761,0.086989,0,0,0,0,0,0,0.245707,1.015374,-0.343525,342.6877,115.8745,6.879984,0,True,False
102.131,0.089076,1.513267,-0.126029,46.79264,121.4982,0.180876,0,0,0,0,0,0,0.247576,1.012491,-0.343354,342.7166,115.6507,6.959765,0,True,False
102.142,0.092515,1.512596,-0.126955,46.85836,121.4264,0.270278,0,0,0,0,0,0,0.249541,1.009807,-0.343266,342.7733,115.3843,7.038624,0,True,False
102.1537,0.096147,1.511908,-0.127928,46.92318,121.3482,0.353816,0,0,0,0,0,0,0.251767,1.006789,-0.343074,342.8837,115.0585,7.113256,0,True,False
102.1642,0.099872,1.511225,-0.12891,46.99327,121.2723,0.438685,0,0,0,0,0,0,0.253743,1.004333,-0.342957,342.9261,114.7732,7.265673,0,True,False
102.1754,0.103823,1.510506,-0.129885,47.03077,121.2019,0.524685,0,0,0,0,0,0,0.255684,1.001804,-0.343172,342.9385,114.5094,7.401958,0,True,False
102.1865,0.107823,1.509772,-0.130977,47.08281,121.1164,0.597243,0,0,0,0,0,0,0.257863,0.999072,-0.343352,343.0299,114.2162,7.509764,0,True,False
102.1976,0.112021,1.509032,-0.132048,47.1377,121.0602,0.701646,0,0,0,0,0,0,0.260033,0.996483,-0.343521,343.1454,113.9423,7.644042,0,True,False
102.2087,0.116266,1.508271,-0.133071,47.21056,121.0341,0.839561,0,0,0,0,0,0,0.262424,0.993807,-0.343882,343.2697,113.6427,7.823397,0,True,False
102.2197,0.120725,1.507481,-0.13405,47.28245,121.0103,0.965541,0,0,0,0,0,0,0.264848,0.991123,-0.344292,343.4192,113.3903,7.945147,0,True,False
102.2309,0.125353,1.506647,-0.135053,47.34901,120.9681,1.094961,0,0,0,0,0,0,0.267397,0.988599,-0.344887,343.5425,113.1966,8.035387,0,True,False
102.242,0.130071,1.505843,-0.136052,47.43921,120.9265,1.235498,0,0,0,0,0,0,0.269979,0.986062,-0.345405,343.5806,113.042,8.106781,0,True,False
102.2531,0.135109,1.504976,-0.137093,47.52,120.8672,1.356222,0,0,0,0,0,0,0.272701,0.983878,-0.346536,343.5517,113.0006,8.001479,0,True,False
102.2642,0.140143,1.504125,-0.138119,47.5877,120.8262,1.505707,0,0,0,0,0,0,0.27569,0.981471,-0.347356,343.5952,112.8513,8.00872,0,True,False
102.2752,0.145556,1.503216,-0.139074,47.64608,120.7418,1.590408,0,0,0,0,0,0,0.278902,0.979041,-0.348305,343.6507,112.6985,8.122151,0,True,False
102.2865,0.150976,1.502308,-0.140101,47.71386,120.6774,1.675559,0,0,0,0,0,0,0.282026,0.9766,-0.349267,343.6963,112.5731,8.208,0,True,False
102.2975,0.156584,1.501436,-0.141125,47.77586,120.5927,1.735196,0,0,0,0,0,0,0.285346,0.974087,-0.350341,343.7446,112.4904,8.183941,0,True,False
102.3087,0.162424,1.500473,-0.142114,47.81506,120.5072,1.811752,0,0,0,0,0,0,0.288711,0.971555,-0.351686,343.813,112.4878,8.041203,0,True,False
102.3198,0.168305,1.499454,-0.143091,47.85688,120.4314,1.899191,0,0,0,0,0,0,0.292174,0.969026,-0.353004,343.8678,112.4237,8.045991,0,True,False
102.331,0.17441,1.498386,-0.144107,47.88067,120.3444,1.981131,0,0,0,0,0,0,0.295843,0.966501,-0.354291,343.9081,112.3721,8.200201,0,True,False
102.3419,0.180538,1.497303,-0.145086,47.90385,120.2602,2.076538,0,0,0,0,0,0,0.299379,0.964062,-0.355536,343.9696,112.2959,8.265448,0,True,False
102.3531,0.186852,1.496226,-0.146063,47.95086,120.181,2.16809,0,0,0,0,0,0,0.303473,0.961427,-0.356849,344.1253,112.1781,8.314654,0,True,False
102.3641,0.193203,1.495202,-0.147114,48.00986,120.0747,2.249316,0,0,0,0,0,0,0.30768,0.958839,-0.358116,344.2853,111.9944,8.534538,0,True,False
102.3752,0.199717,1.494306,-0.148308,48.12587,119.9583,2.297828,0,0,0,0,0,0,0.311796,0.956194,-0.359384,344.3957,111.8691,8.701833,0,True,False
102.3864,0.206667,1.493581,-0.149549,48.2664,119.8518,2.323959,0,0,0,0,0,0,0.315956,0.953858,-0.360791,344.4009,111.7446,8.844372,0,True,False
102.3975,0.213601,1.4928,-0.150773,48.34695,119.7625,2.309326,0,0,0,0,0,0,0.320114,0.951739,-0.362236,344.3587,111.7554,8.762961,0,True,False
102.4085,0.220379,1.491916,-0.151907,48.31318,119.7196,2.264823,0,0,0,0,0,0,0.323998,0.949638,-0.363647,344.3553,111.7733,8.767776,0,True,False
102.4198,0.227201,1.490773,-0.153003,48.2112,119.6935,2.189639,0,0,0,0,0,0,0.328086,0.947265,-0.365069,344.4548,111.8804,8.745684,0,True,False
102.4309,0.233805,1.489625,-0.154056,48.15179,119.6809,2.141729,0,0,0,0,0,0,0.332443,0.944857,-0.366581,344.5495,111.9489,8.749279,0,True,False
102.4419,0.240387,1.48845,-0.155142,48.19177,119.6429,2.171027,0,0,0,0,0,0,0.336772,0.94252,-0.368141,344.674,112.06,8.773029,0,True,False
102.4531,0.246856,1.487376,-0.156382,48.34316,119.5702,2.233648,0,0,0,0,0,0,0.341207,0.940265,-0.369841,344.7503,112.104,8.892898,0,True,False
102.4644,0.253227,1.486416,-0.157463,48.62994,119.4802,2.339255,0,0,0,0,0,0,0.345572,0.938075,-0.371067,344.8179,112.1133,8.977612,0,True,False
102.4754,0.259552,1.485627,-0.158615,48.94759,119.3338,2.413172,0,0,0,0,0,0,0.349786,0.936081,-0.372342,344.8836,112.0882,8.977038,0,True,False
102.4864,0.265831,1.484975,-0.159838,49.36179,119.2149,2.501059,0,0,0,0,0,0,0.354246,0.933946,-0.373523,344.9627,112.0263,9.044787,0,True,False
102.4975,0.272105,1.484391,-0.161064,49.69483,119.0946,2.524521,0,0,0,0,0,0,0.35853,0.931856,-0.37464,345.0962,111.9507,9.242807,0,True,False
102.5087,0.278249,1.484005,-0.162361,49.97888,119.0023,2.514728,0,0,0,0,0,0,0.362799,0.92977,-0.375794,345.2537,111.8769,9.421072,0,True,False
102.5197,0.284373,1.483767,-0.163734,50.19486,118.9552,2.467103,0,0,0,0,0,0,0.367143,0.927557,-0.376841,345.5016,111.8354,9.568245,0,True,False
102.5308,0.290466,1.483647,-0.165168,50.39953,118.9102,2.382813,0,0,0,0,0,0,0.371275,0.925582,-0.378046,345.7389,111.8387,9.687506,0,True,False
102.5419,0.296492,1.483705,-0.1667,50.58321,118.8993,2.30489,0,0,0,0,0,0,0.37533,0.923665,-0.379213,345.9409,111.8857,9.841053,0,True,False
102.5531,0.302372,1.483757,-0.168295,50.72271,118.8752,2.231352,0,0,0,0,0,0,0.37937,0.922036,-0.380391,346.1748,111.9662,9.99194,0,True,False
102.5641,0.30803,1.483884,-0.169972,50.8056,118.8532,2.129909,0,0,0,0,0,0,0.383584,0.920319,-0.381618,346.3941,112.0267,10.07203,0,True,False
102.5752,0.313531,1.483962,-0.171619,50.87793,118.8457,2.048438,0,0,0,0,0,0,0.387782,0.918763,-0.382782,346.6172,112.0977,10.07274,0,True,False
102.5863,0.318832,1.484086,-0.1734,50.90049,118.8252,1.974394,0,0,0,0,0,0,0.39186,0.917141,-0.383712,346.7654,112.0858,10.07759,0,True,False
102.5974,0.324123,1.484127,-0.175191,50.85862,118.816,1.931049,0,0,0,0,0,0,0.396476,0.915824,-0.384844,346.8492,112.0581,10.04583,0,True,False
102.6085,0.329307,1.48413,-0.177056,50.80704,118.7982,1.912915,0,0,0,0,0,0,0.400795,0.914596,-0.385804,346.934,112.044,9.988271,0,True,False
102.6197,0.334412,1.484025,-0.179129,50.75702,118.7498,1.947845,0,0,0,0,0,0,0.405375,0.913372,-0.386715,346.9049,112.021,9.908743,0,True,False
102.6308,0.339505,1.483872,-0.181229,50.75202,118.6708,1.956713,0,0,0,0,0,0,0.409612,0.912277,-0.387912,346.8344,111.9999,9.816025,0,True,False
102.6419,0.344447,1.483705,-0.183595,50.83037,118.5249,1.960739,0,0,0,0,0,0,0.413968,0.910982,-0.38899,346.8016,111.9518,9.735369,0,True,False
102.6529,0.349409,1.483401,-0.186037,50.92792,118.3638,1.943817,0,0,0,0,0,0,0.418439,0.909663,-0.39012,346.8264,111.8992,9.717752,0,True,False
102.6641,0.354128,1.482976,-0.188621,51.02455,118.1725,1.87056,0,0,0,0,0,0,0.422701,0.908335,-0.391288,346.8813,111.8432,9.737548,0,True,False
102.6751,0.358814,1.482461,-0.191167,51.09022,117.9944,1.734568,0,0,0,0,0,0,0.427026,0.906794,-0.392542,347.0247,111.8111,9.849442,0,True,False
102.6863,0.363356,1.481842,-0.193804,51.16412,117.8729,1.579812,0,0,0,0,0,0,0.431441,0.905128,-0.393937,347.2004,111.7974,9.975138,0,True,False
102.6974,0.367643,1.481132,-0.19658,51.26978,117.7691,1.351331,0,0,0,0,0,0,0.436002,0.903355,-0.39531,347.3869,111.7908,10.01279,0,True,False
102.7085,0.371837,1.480395,-0.199405,51.42985,117.7073,1.122403,0,0,0,0,0,0,0.44031,0.901726,-0.396862,347.5995,111.8006,9.931451,0,True,False
102.7196,0.375754,1.479679,-0.202441,51.63813,117.6777,0.919212,0,0,0,0,0,0,0.44447,0.900273,-0.39838,347.7136,111.7796,9.865164,0,True,False
102.7327,0.379708,1.478945,-0.205365,51.85806,117.6624,0.755168,0,0,0,0,0,0,0.448707,0.89894,-0.399885,347.7721,111.7231,9.809851,0,True,False
102.7417,0.383321,1.478281,-0.208411,52.0967,117.654,0.621291,0,0,0,0,0,0,0.453062,0.897778,-0.401356,347.7857,111.6514,9.777568,0,True,False
102.7529,0.386869,1.477629,-0.211624,52.27973,117.628,0.497944,0,0,0,0,0,0,0.457377,0.896505,-0.402838,347.774,111.5941,9.745958,0,True,False
102.764,0.39047,1.476974,-0.21482,52.4316,117.5896,0.382102,0,0,0,0,0,0,0.46115,0.895574,-0.404325,347.6834,111.5243,9.690351,0,True,False
102.7751,0.393979,1.47642,-0.218207,52.56363,117.5652,0.274985,0,0,0,0,0,0,0.465325,0.89443,-0.405873,347.6242,111.4001,9.614682,0,True,False
102.7863,0.397568,1.475832,-0.221714,52.63047,117.5768,0.214521,0,0,0,0,0,0,0.469464,0.893219,-0.407476,347.6357,111.2785,9.535167,0,True,False
102.7974,0.401077,1.475288,-0.225402,52.62033,117.5806,0.122927,0,0,0,0,0,0,0.473792,0.891639,-0.409139,347.7466,111.1121,9.423437,0,True,False
102.8085,0.404581,1.474714,-0.2293,52.60681,117.6224,0.08049,0,0,0,0,0,0,0.478007,0.890117,-0.41093,347.8597,110.9458,9.409912,0,True,False
102.8196,0.407991,1.474058,-0.233382,52.54639,117.6803,0.044604,0,0,0,0,0,0,0.482016,0.888541,-0.412676,347.9359,110.7997,9.507055,0,True,False
102.8309,0.411439,1.473397,-0.23752,52.53948,117.6872,359.9671,0,0,0,0,0,0,0.486195,0.887032,-0.414626,347.962,110.6633,9.549314,0,True,False
102.8418,0.414719,1.47274,-0.241568,52.54892,117.7596,359.938,0,0,0,0,0,0,0.490108,0.885731,-0.417104,347.9944,110.5457,9.491306,0,True,False
102.8529,0.417999,1.472045,-0.245757,52.56506,117.7916,359.8637,0,0,0,0,0,0,0.494227,0.884197,-0.419431,347.9942,110.428,9.419655,0,True,False
102.864,0.421231,1.471252,-0.25,52.60328,117.8338,359.7822,0,0,0,0,0,0,0.498164,0.882822,-0.421655,347.9744,110.3493,9.333173,0,True,False
102.875,0.424366,1.470399,-0.254388,52.66938,117.8631,359.6869,0,0,0,0,0,0,0.502194,0.881227,-0.424397,347.959,110.3146,9.142245,0,True,False
102.8864,0.427527,1.46946,-0.258877,52.71092,117.8726,359.5727,0,0,0,0,0,0,0.506229,0.879483,-0.427078,347.9547,110.3216,8.90301,0,True,False
102.8973,0.430634,1.468429,-0.263489,52.77632,117.887,359.4681,0,0,0,0,0,0,0.509932,0.877802,-0.429938,347.991,110.3058,8.652291,0,True,False
102.9085,0.433745,1.467368,-0.268236,52.81425,117.9046,359.3814,0,0,0,0,0,0,0.514022,0.875718,-0.43267,348.0327,110.2448,8.497676,0,True,False
102.9196,0.436855,1.466242,-0.27299,52.84143,117.9007,359.2648,0,0,0,0,0,0,0.518053,0.873398,-0.43536,348.0981,110.1247,8.494424,0,True,False
102.9307,0.439855,1.464984,-0.277803,52.90269,117.8925,359.1701,0,0,0,0,0,0,0.522131,0.871096,-0.438233,348.1827,109.9998,8.529566,0,True,False
102.9417,0.442777,1.463666,-0.282704,52.98418,117.8861,359.0586,0,0,0,0,0,0,0.526111,0.868726,-0.440882,348.2551,109.9002,8.530295,0,True,False
102.9528,0.44561,1.462335,-0.287728,53.10965,117.8706,358.9459,0,0,0,0,0,0,0.530098,0.866142,-0.444121,348.348,109.8525,8.570368,0,True,False
102.964,0.448479,1.460995,-0.292792,53.25074,117.8485,358.8246,0,0,0,0,0,0,0.534221,0.863661,-0.447182,348.4412,109.8066,8.518353,0,True,False
102.9749,0.451369,1.459529,-0.297891,53.39965,117.8149,358.6746,0,0,0,0,0,0,0.538172,0.860916,-0.450072,348.5594,109.804,8.378028,0,True,False
102.9862,0.454318,1.45813,-0.303045,53.52204,117.7922,358.5164,0,0,0,0,0,0,0.542253,0.858211,-0.453462,348.6768,109.7962,8.267857,0,True,False
102.9973,0.457291,1.456706,-0.30826,53.61023,117.803,358.3751,0,0,0,0,0,0,0.546633,0.855391,-0.456408,348.7811,109.7473,8.214773,0,True,False
103.0083,0.460317,1.455205,-0.313472,53.66125,117.8073,358.2372,0,0,0,0,0,0,0.550707,0.852971,-0.459327,348.8375,109.7085,8.125376,0,True,False
103.0196,0.463327,1.453759,-0.318746,53.67215,117.8364,358.1396,0,0,0,0,0,0,0.554853,0.850462,-0.462277,348.8132,109.6456,7.984012,0,True,False
103.0306,0.466363,1.452272,-0.324084,53.64575,117.8806,358.0961,0,0,0,0,0,0,0.558825,0.84811,-0.464911,348.8163,109.5467,7.780009,0,True,False
103.0417,0.46937,1.450834,-0.329388,53.57883,117.8783,358.0505,0,0,0,0,0,0,0.563101,0.845384,-0.467559,348.856,109.4258,7.616025,0,True,False
103.0528,0.472532,1.449519,-0.334927,53.52666,117.8515,358.0735,0,0,0,0,0,0,0.567436,0.842592,-0.470169,348.8398,109.1507,7.586602,0,True,False
103.0639,0.476045,1.448502,-0.340588,53.57999,117.8215,358.1239,0,0,0,0,0,0,0.571586,0.84015,-0.472874,348.8188,108.9059,7.561525,0,True,False
103.075,0.479981,1.447723,-0.34652,53.68065,117.7512,358.1813,0,0,0,0,0,0,0.575624,0.837467,-0.474926,348.8003,108.6103,7.509784,0,True,False
103.0861,0.483868,1.446769,-0.352375,53.67065,117.6796,358.2211,0,0,0,0,0,0,0.579664,0.834757,-0.477416,348.8542,108.3392,7.526643,0,True,False
103.0972,0.487588,1.445791,-0.358046,53.64688,117.6436,358.1827,0,0,0,0,0,0,0.583431,0.832183,-0.479791,348.9907,108.0412,7.638855,0,True,False
103.1083,0.491228,1.44473,-0.363559,53.64149,117.6735,358.016,0,0,0,0,0,0,0.587141,0.82939,-0.482072,349.1806,107.774,7.708429,0,True,False
103.1195,0.494787,1.443724,-0.368954,53.74207,117.7204,357.8029,0,0,0,0,0,0,0.590576,0.8269,-0.48445,349.4725,107.5997,7.682564,0,True,False
103.1305,0.498213,1.442836,-0.374074,54.02969,117.8486,357.5821,0,0,0,0,0,0,0.594107,0.82443,-0.486769,349.7263,107.4829,7.619407,0,True,False
103.1417,0.501719,1.442029,-0.379049,54.31708,118.0347,357.4308,0,0,0,0,0,0,0.597292,0.822421,-0.489421,349.9249,107.3911,7.555834,0,True,False
103.1528,0.50519,1.441351,-0.38383,54.58885,118.3003,357.2641,0,0,0,0,0,0,0.600709,0.820315,-0.491644,350.0965,107.2677,7.494563,0,True,False
103.1639,0.508603,1.440714,-0.388356,54.80566,118.5639,357.1961,0,0,0,0,0,0,0.603853,0.818491,-0.493819,350.2465,107.1541,7.473492,0,True,False
103.1749,0.512014,1.440106,-0.392757,54.92435,118.7875,357.1245,0,0,0,0,0,0,0.606789,0.816869,-0.496012,350.3978,107.0294,7.3867,0,True,False
103.1862,0.515444,1.439476,-0.396887,54.97087,119.0746,357.2273,0,0,0,0,0,0,0.609915,0.815205,-0.497917,350.5118,106.8589,7.325307,0,True,False
103.1972,0.518754,1.438818,-0.400856,54.95423,119.289,357.3405,0,0,0,0,0,0,0.612801,0.8136,-0.499968,350.5765,106.6674,7.299734,0,True,False
103.2082,0.522082,1.43827,-0.404569,54.97789,119.4779,357.5727,0,0,0,0,0,0,0.615721,0.811901,-0.501635,350.6762,106.4493,7.259285,0,True,False
103.2194,0.525495,1.437737,-0.408197,55.07436,119.5708,357.7978,0,0,0,0,0,0,0.61852,0.810385,-0.503388,350.7939,106.2054,7.164726,0,True,False
103.2305,0.528905,1.437261,-0.411808,55.17623,119.634,358.0187,0,0,0,0,0,0,0.621453,0.808954,-0.505353,350.924,105.9489,7.064513,0,True,False
103.2415,0.532349,1.436746,-0.415173,55.26159,119.6459,358.2178,0,0,0,0,0,0,0.624191,0.807396,-0.506824,351.0211,105.6814,7.10185,0,True,False
103.2528,0.535792,1.436252,-0.418538,55.33016,119.6355,358.3489,0,0,0,0,0,0,0.626827,0.805999,-0.508637,351.1127,105.4501,7.211113,0,True,False
103.2638,0.53931,1.435713,-0.42166,55.40248,119.6349,358.4507,0,0,0,0,0,0,0.629518,0.80439,-0.510213,351.2077,105.2314,7.259065,0,True,False
103.2748,0.542774,1.435161,-0.424795,55.51262,119.6027,358.4659,0,0,0,0,0,0,0.632026,0.802982,-0.511941,351.3527,105.0779,7.261928,0,True,False
103.286,0.546291,1.434623,-0.427732,55.63648,119.5259,358.4107,0,0,0,0,0,0,0.634614,0.801431,-0.513531,351.5192,104.9396,7.262779,0,True,False
103.2971,0.549702,1.434013,-0.430618,55.757,119.4581,358.3518,0,0,0,0,0,0,0.637174,0.800089,-0.514956,351.6858,104.7622,7.291099,0,True,False
103.3082,0.553101,1.433391,-0.433429,55.8849,119.3242,358.2624,0,0,0,0,0,0,0.63957,0.798825,-0.516508,351.8075,104.5772,7.336818,0,True,False
103.3193,0.55641,1.432685,-0.436,56.00837,119.1236,358.1249,0,0,0,0,0,0,0.642095,0.797499,-0.517914,351.871,104.3768,7.426102,0,True,False
103.3305,0.559737,1.43202,-0.438635,56.11758,118.9113,357.9932,0,0,0,0,0,0,0.644504,0.796563,-0.519357,351.8598,104.2207,7.437781,0,True,False
103.3417,0.56315,1.431425,-0.441182,56.24179,118.6777,357.8387,0,0,0,0,0,0,0.647013,0.795458,-0.520841,351.8239,104.0588,7.270646,0,True,False
103.3528,0.566598,1.430613,-0.443692,56.32421,118.4171,357.6541,0,0,0,0,0,0,0.649537,0.794329,-0.522352,351.8303,103.8856,7.216381,0,True,False
103.3637,0.570043,1.429914,-0.446097,56.379,118.1497,357.4406,0,0,0,0,0,0,0.652037,0.7932,-0.523794,351.8042,103.7409,7.253307,0,True,False
103.3749,0.573466,1.429157,-0.448523,56.42152,117.878,357.2006,0,0,0,0,0,0,0.654722,0.791966,-0.525171,351.8245,103.6509,7.261363,0,True,False
103.3862,0.576997,1.428263,-0.450845,56.41899,117.6596,356.9662,0,0,0,0,0,0,0.657326,0.790809,-0.526828,351.8945,103.6601,7.181492,0,True,False
103.3971,0.580493,1.427337,-0.453087,56.41535,117.4564,356.7204,0,0,0,0,0,0,0.66004,0.789321,-0.52824,351.972,103.6864,7.003965,0,True,False
103.4081,0.584048,1.426267,-0.455334,56.41122,117.2873,356.487,0,0,0,0,0,0,0.662763,0.788,-0.529881,352.0186,103.6688,6.914012,0,True,False
103.4193,0.587619,1.425043,-0.457518,56.42111,117.1685,356.2794,0,0,0,0,0,0,0.665613,0.786292,-0.531028,352.0603,103.5403,6.864863,0,True,False
103.4305,0.591195,1.42369,-0.459772,56.44621,117.0574,356.1021,0,0,0,0,0,0,0.668305,0.784889,-0.5321,352.1099,103.3815,6.763536,0,True,False
103.4415,0.594859,1.422128,-0.461854,56.43821,116.9957,355.9889,0,0,0,0,0,0,0.67114,0.783146,-0.533146,352.0886,103.1585,6.790923,0,True,False
103.4527,0.598582,1.420449,-0.463917,56.42143,116.9298,355.8954,0,0,0,0,0,0,0.67421,0.78151,-0.534255,352.082,102.9806,6.825654,0,True,False
103.4638,0.602325,1.418533,-0.46584,56.37334,116.9051,355.8554,0,0,0,0,0,0,0.677265,0.779812,-0.535412,352.0431,102.8235,6.844201,0,True,False
103.4749,0.606088,1.416603,-0.46776,56.39703,116.885,355.8183,0,0,0,0,0,0,0.680383,0.777821,-0.536361,351.9705,102.7284,6.875473,0,True,False
103.486,0.609845,1.414417,-0.469564,56.47253,116.881,355.8136,0,0,0,0,0,0,0.683637,0.775628,-0.537709,352.0047,102.7083,6.777698,0,True,False
103.4971,0.613589,1.41221,-0.471293,56.5802,116.8819,355.8074,0,0,0,0,0,0,0.686911,0.77326,-0.539006,352.0631,102.7238,6.699811,0,True,False
103.5082,0.617476,1.409755,-0.472877,56.69845,116.9009,355.8321,0,0,0,0,0,0,0.690132,0.771025,-0.540202,352.041,102.7434,6.68634,0,True,False
103.5191,0.621405,1.407157,-0.474577,56.80607,116.9429,355.874,0,0,0,0,0,0,0.693411,0.768691,-0.541618,352.0349,102.7376,6.629022,0,True,False
103.5303,0.625475,1.404594,-0.476241,56.87833,117.0023,355.9497,0,0,0,0,0,0,0.696916,0.765931,-0.542683,352.0712,102.6757,6.478995,0,True,False
103.5415,0.629758,1.401789,-0.478051,56.92052,117.0311,355.9851,0,0,0,0,0,0,0.700396,0.763311,-0.543841,352.066,102.5506,6.539109,0,True,False
103.5525,0.634065,1.399056,-0.479716,56.9493,117.0834,356.0203,0,0,0,0,0,0,0.703737,0.760753,-0.544795,352.0316,102.4194,6.688017,0,True,False
103.5636,0.638501,1.396073,-0.481316,57.04686,117.156,356.0062,0,0,0,0,0,0,0.707162,0.758116,-0.545573,351.9259,102.2849,6.810955,0,True,False
103.5747,0.642917,1.393066,-0.482932,57.18072,117.1983,355.9418,0,0,0,0,0,0,0.710678,0.75544,-0.546634,351.8401,102.2591,6.879474,0,True,False
103.586,0.647427,1.389901,-0.484474,57.346,117.2773,355.8957,0,0,0,0,0,0,0.714232,0.752534,-0.547905,351.8729,102.3651,6.861447,0,True,False
103.597,0.652034,1.386685,-0.486031,57.45774,117.3451,355.8621,0,0,0,0,0,0,0.717817,0.749687,-0.549195,351.9179,102.5245,6.845073,0,True,False
103.6081,0.656852,1.383245,-0.487559,57.48846,117.3971,355.8369,0,0,0,0,0,0,0.721405,0.746724,-0.551005,351.9539,102.9403,6.596892,0,True,False
103.6192,0.661737,1.379577,-0.48912,57.47305,117.4295,355.8043,0,0,0,0,0,0,0.725372,0.743566,-0.552515,351.9843,103.1734,6.43993,0,True,False
103.6304,0.66675,1.375738,-0.490618,57.44583,117.4481,355.7852,0,0,0,0,0,0,0.729194,0.740598,-0.553784,351.9569,103.3294,6.298418,0,True,False
103.6415,0.671685,1.371686,-0.492071,57.40425,117.441,355.7973,0,0,0,0,0,0,0.733386,0.737386,-0.554864,351.8523,103.3658,6.143556,0,True,False
103.6526,0.676618,1.367465,-0.493453,57.35929,117.4584,355.8335,0,0,0,0,0,0,0.737332,0.73457,-0.555828,351.6733,103.3298,6.15867,0,True,False
103.6636,0.681507,1.363171,-0.494713,57.35822,117.3947,355.8183,0,0,0,0,0,0,0.74154,0.731235,-0.556741,351.4678,103.3058,6.068618,0,True,False
103.6749,0.686425,1.358752,-0.496032,57.40723,117.3487,355.8032,0,0,0,0,0,0,0.745856,0.727925,-0.557692,351.2754,103.2932,5.929275,0,True,False
103.6859,0.691493,1.35415,-0.49731,57.49501,117.2193,355.7295,0,0,0,0,0,0,0.750127,0.724495,-0.55858,351.0399,103.2652,5.871789,0,True,False
103.6969,0.696597,1.349436,-0.498608,57.60524,117.1027,355.6407,0,0,0,0,0,0,0.75456,0.720827,-0.559413,350.8507,103.2154,5.817225,0,True,False
103.7081,0.701893,1.344515,-0.499932,57.70194,116.9757,355.5312,0,0,0,0,0,0,0.758962,0.71689,-0.560292,350.7203,103.172,5.848367,0,True,False
103.7191,0.707373,1.33949,-0.501365,57.72955,116.8531,355.4061,0,0,0,0,0,0,0.763412,0.712876,-0.561196,350.5886,103.1257,5.933092,0,True,False
103.7304,0.713102,1.334323,-0.50295,57.73665,116.7771,355.2994,0,0,0,0,0,0,0.768209,0.70843,-0.562036,350.4708,103.0857,6.075264,0,True,False
103.7415,0.71902,1.328987,-0.504568,57.64536,116.7263,355.1888,0,0,0,0,0,0,0.772671,0.704165,-0.563046,350.3234,103.1485,5.937377,0,True,False
103.7525,0.724785,1.323393,-0.50613,57.53988,116.6956,355.0818,0,0,0,0,0,0,0.777618,0.699563,-0.564058,350.1081,103.2897,5.755628,0,True,False
103.7636,0.730484,1.317661,-0.507441,57.45417,116.7105,355.0195,0,0,0,0,0,0,0.782224,0.695211,-0.565137,349.8752,103.424,5.63245,0,True,False
103.7747,0.735952,1.311691,-0.508728,57.43848,116.7271,354.9731,0,0,0,0,0,0,0.787139,0.690415,-0.566063,349.6367,103.4924,5.537212,0,True,False
103.7858,0.741319,1.305532,-0.509944,57.54994,116.689,354.8704,0,0,0,0,0,0,0.792108,0.685575,-0.566859,349.3475,103.4588,5.511629,0,True,False
103.797,0.746604,1.299551,-0.510985,57.76232,116.6345,354.7816,0,0,0,0,0,0,0.797021,0.680465,-0.567601,349.1,103.3571,5.585201,0,True,False
103.8081,0.751846,1.293415,-0.51212,57.93453,116.5912,354.7071,0,0,0,0,0,0,0.802083,0.675176,-0.568329,348.9135,103.3048,5.627783,0,True,False
103.8191,0.757094,1.287305,-0.513109,58.12412,116.5463,354.6271,0,0,0,0,0,0,0.806785,0.669829,-0.56927,348.8365,103.3141,5.726888,0,True,False
103.8302,0.762418,1.281081,-0.514234,58.24423,116.49,354.5627,0,0,0,0,0,0,0.811889,0.664091,-0.570405,348.7454,103.4146,5.749379,0,True,False
103.8414,0.767775,1.274783,-0.515438,58.25714,116.4456,354.5459,0,0,0,0,0,0,0.816751,0.658544,-0.5715,348.6154,103.5792,5.730811,0,True,False
103.8525,0.773105,1.268436,-0.516633,58.21652,116.4213,354.576,0,0,0,0,0,0,0.821754,0.652532,-0.572651,348.5175,103.9038,5.504565,0,True,False
103.8635,0.778364,1.261966,-0.517782,58.17434,116.38,354.5662,0,0,0,0,0,0,0.826444,0.646932,-0.573961,348.3883,104.245,5.265914,0,True,False
103.8748,0.783512,1.255377,-0.51903,58.16816,116.3072,354.5172,0,0,0,0,0,0,0.831559,0.640978,-0.575371,348.2029,104.4571,5.28876,0,True,False
103.8859,0.788668,1.24864,-0.520242,58.18382,116.2552,354.4543,0,0,0,0,0,0,0.836873,0.634996,-0.576253,347.9738,104.5762,5.291909,0,True,False
103.8968,0.793655,1.241885,-0.521431,58.17347,116.2267,354.3757,0,0,0,0,0,0,0.842003,0.629131,-0.577074,347.716,104.6149,5.350696,0,True,False
103.908,0.798518,1.234884,-0.522407,58.14677,116.2713,354.3222,0,0,0,0,0,0,0.846816,0.62329,-0.578022,347.4947,104.6845,5.373668,0,True,False
103.9191,0.803074,1.227655,-0.523421,58.1358,116.3214,354.2726,0,0,0,0,0,0,0.852023,0.617338,-0.57881,347.2248,104.7952,5.446045,0,True,False
103.9303,0.807305,1.220135,-0.524229,58.07945,116.3966,354.2692,0,0,0,0,0,0,0.857121,0.611311,-0.580004,346.9492,104.9818,5.435426,0,True,False
103.9414,0.811062,1.212515,-0.524872,58.04661,116.4165,354.2392,0,0,0,0,0,0,0.862319,0.605276,-0.581122,346.6651,105.2197,5.286863,0,True,False
103.9525,0.814568,1.204959,-0.525327,58.0467,116.3888,354.2218,0,0,0,0,0,0,0.867211,0.599574,-0.581985,346.4355,105.4319,5.208565,0,True,False
103.9634,0.817541,1.197083,-0.525671,58.08385,116.2855,354.1969,0,0,0,0,0,0,0.872463,0.593326,-0.582697,346.1278,105.565,5.050951,0,True,False
103.9747,0.82045,1.189164,-0.52599,58.17397,116.1523,354.1559,0,0,0,0,0,0,0.877443,0.587638,-0.583389,345.6976,105.6722,4.928971,0,True,False
103.9858,0.823164,1.181237,-0.526162,58.34083,115.9458,354.0636,0,0,0,0,0,0,0.882511,0.581904,-0.58367,345.1339,105.6758,4.952502,0,True,False
103.9968,0.825945,1.173266,-0.526538,58.50278,115.7539,353.965,0,0,0,0,0,0,0.887477,0.576086,-0.583973,344.6876,105.632,5.148535,0,True,False
104.0079,0.828759,1.16538,-0.526832,58.63102,115.6209,353.9058,0,0,0,0,0,0,0.892582,0.569991,-0.584385,344.3399,105.6704,5.184897,0,True,False
104.0191,0.831548,1.157507,-0.52721,58.70209,115.5625,353.864,0,0,0,0,0,0,0.897471,0.563777,-0.584648,344.0594,105.8106,5.117081,0,True,False
104.0302,0.834307,1.149565,-0.527513,58.72238,115.5758,353.7838,0,0,0,0,0,0,0.90194,0.558084,-0.585066,343.7239,105.9152,5.029088,0,True,False
104.0413,0.836923,1.141853,-0.527762,58.7145,115.6684,353.7227,0,0,0,0,0,0,0.906723,0.551867,-0.585431,343.3373,105.9331,4.96054,0,True,False
104.0523,0.83947,1.134268,-0.528031,58.70115,115.7573,353.7035,0,0,0,0,0,0,0.911438,0.545859,-0.585561,342.9478,105.9139,5.024864,0,True,False
104.0634,0.841979,1.126806,-0.528135,58.63423,115.8871,353.7425,0,0,0,0,0,0,0.916193,0.539817,-0.585607,342.5338,105.9147,4.94094,0,True,False
104.0748,0.844431,1.119169,-0.528328,58.55316,115.9826,353.8362,0,0,0,0,0,0,0.920994,0.533875,-0.586001,342.1108,106.018,4.751307,0,True,False
104.0858,0.846835,1.111497,-0.528326,58.4218,115.9876,353.9248,0,0,0,0,0,0,0.925321,0.528039,-0.586324,341.6848,106.1153,4.610832,0,True,False
104.0967,0.849091,1.10375,-0.528382,58.32459,116.0176,354.0842,0,0,0,0,0,0,0.929837,0.521868,-0.586444,341.2784,106.0947,4.567931,0,True,False
104.108,0.851172,1.095752,-0.52832,58.22737,116.0206,354.3164,0,0,0,0,0,0,0.934395,0.515422,-0.586068,340.9573,105.8572,4.562684,0,True,False
104.1193,0.853171,1.088,-0.528095,58.23898,115.9608,354.5243,0,0,0,0,0,0,0.938863,0.50899,-0.585841,340.6479,105.6081,4.590366,0,True,False
104.1305,0.855089,1.0799,-0.528042,58.40618,115.7574,354.6465,0,0,0,0,0,0,0.943138,0.502509,-0.585222,340.3334,105.2383,4.631686,0,True,False
104.1414,0.856907,1.07244,-0.527967,58.60892,115.5391,354.7289,0,0,0,0,0,0,0.947156,0.49627,-0.584561,340.0277,104.8067,4.762689,0,True,False
104.1524,0.858779,1.065075,-0.528011,58.81358,115.3414,354.7879,0,0,0,0,0,0,0.951279,0.489887,-0.584008,339.6983,104.4656,4.888864,0,True,False
104.1634,0.860747,1.057845,-0.528197,58.97956,115.1627,354.7712,0,0,0,0,0,0,0.955155,0.483721,-0.583546,339.445,104.1721,5.017971,0,True,False
104.1746,0.862752,1.050614,-0.528345,59.08553,115.0406,354.7083,0,0,0,0,0,0,0.95911,0.477177,-0.583189,339.2438,103.8866,5.122356,0,True,False
104.1856,0.864711,1.043508,-0.528748,59.11935,115.0169,354.6728,0,0,0,0,0,0,0.962962,0.470765,-0.583032,338.9964,103.6871,5.180679,0,True,False
104.1968,0.866556,1.036424,-0.528936,59.11158,115.0538,354.6884,0,0,0,0,0,0,0.966844,0.464482,-0.583115,338.7152,103.555,5.071836,0,True,False
104.2079,0.868227,1.029469,-0.529115,59.01254,115.1059,354.6903,0,0,0,0,0,0,0.970728,0.458249,-0.583011,338.4307,103.4043,5.058107,0,True,False
104.219,0.869829,1.022418,-0.529304,58.88105,115.0881,354.6695,0,0,0,0,0,0,0.973921,0.452756,-0.582739,338.0616,103.2896,5.087943,0,True,False
104.23,0.871377,1.015433,-0.529545,58.78447,115.0338,354.6878,0,0,0,0,0,0,0.977441,0.446909,-0.582755,337.6702,103.1711,4.974511,0,True,False
104.2413,0.872779,1.008335,-0.529715,58.68803,114.9016,354.7065,0,0,0,0,0,0,0.980877,0.441117,-0.582666,337.2664,103.0403,4.803147,0,True,False
104.2523,0.874203,1.001251,-0.529748,58.61021,114.7761,354.7352,0,0,0,0,0,0,0.984412,0.435312,-0.582526,336.8662,102.8184,4.77535,0,True,False
104.2633,0.87538,0.994224,-0.529774,58.47592,114.6299,354.7472,0,0,0,0,0,0,0.987692,0.429819,-0.582239,336.443,102.5506,4.795962,0,True,False
104.2745,0.87661,0.986881,-0.529993,58.28202,114.5375,354.7864,0,0,0,0,0,0,0.991126,0.424151,-0.582016,335.9965,102.2763,4.825439,0,True,False
104.2856,0.877665,0.979596,-0.530197,58.05125,114.5307,354.8932,0,0,0,0,0,0,0.994229,0.418446,-0.581649,335.5998,101.9696,4.842612,0,True,False
104.2968,0.878573,0.972148,-0.530459,57.88692,114.5651,355.0213,0,0,0,0,0,0,0.997497,0.412958,-0.581527,335.1879,101.7046,4.849312,0,True,False
104.3078,0.879353,0.964642,-0.530654,57.89022,114.5587,355.1435,0,0,0,0,0,0,1.000041,0.407639,-0.580978,334.7443,101.2968,5.011713,0,True,False
104.3189,0.879872,0.957343,-0.530728,58.04462,114.477,355.1794,0,0,0,0,0,0,1.002564,0.402178,-0.580399,334.2273,100.7812,5.283106,0,True,False
104.3299,0.880364,0.950093,-0.530846,58.24146,114.3742,355.2075,0,0,0,0,0,0,1.004973,0.39704,-0.57999,333.8283,100.379,5.342887,0,True,False
104.3411,0.880809,0.943084,-0.531017,58.48872,114.2314,355.1869,0,0,0,0,0,0,1.007082,0.391381,-0.579541,333.4751,99.95573,5.316031,0,True,False
104.3524,0.881314,0.936183,-0.531355,58.64685,114.0859,355.1472,0,0,0,0,0,0,1.009036,0.386192,-0.579449,333.1031,99.63517,5.413597,0,True,False
104.3635,0.881906,0.929476,-0.531701,58.73575,113.9866,355.1331,0,0,0,0,0,0,1.010814,0.380842,-0.579324,332.8074,99.49595,5.269262,0,True,False
104.3745,0.882472,0.92294,-0.532005,58.78772,113.8715,355.1206,0,0,0,0,0,0,1.012568,0.375533,-0.579474,332.5928,99.47221,4.832108,0,True,False
104.3856,0.883045,0.916409,-0.532302,58.79214,113.6828,355.0856,0,0,0,0,0,0,1.014066,0.370443,-0.579939,332.3183,99.36532,4.619073,0,True,False
104.3967,0.883589,0.910067,-0.532635,58.75112,113.4163,355.0479,0,0,0,0,0,0,1.015497,0.365206,-0.579817,331.9734,99.10534,4.565087,0,True,False
104.4079,0.884181,0.903683,-0.533015,58.63202,113.1256,355.0148,0,0,0,0,0,0,1.016803,0.359549,-0.579791,331.6359,98.77596,4.507611,0,True,False
104.4189,0.884746,0.897508,-0.533452,58.45962,112.8404,354.996,0,0,0,0,0,0,1.018091,0.353944,-0.579465,331.3694,98.2362,4.571181,0,True,False
104.43,0.885233,0.891349,-0.533878,58.3017,112.598,354.9864,0,0,0,0,0,0,1.019175,0.348397,-0.57911,331.1878,97.68169,4.733791,0,True,False
104.4411,0.885685,0.88506,-0.534447,58.12863,112.4023,354.9604,0,0,0,0,0,0,1.020422,0.342564,-0.578773,330.9598,97.1139,4.949597,0,True,False
104.4523,0.886017,0.878944,-0.53492,57.97779,112.262,354.9407,0,0,0,0,0,0,1.021383,0.336786,-0.578648,330.7528,96.48153,5.236382,0,True,False
104.4634,0.886291,0.872837,-0.535491,57.83024,112.1436,354.901,0,0,0,0,0,0,1.022228,0.330725,-0.578389,330.5478,95.88156,5.645747,0,True,False
104.4743,0.886413,0.866618,-0.535999,57.73246,112.0284,354.8275,0,0,0,0,0,0,1.023106,0.324749,-0.578268,330.4089,95.35332,6.086746,0,True,False
104.4856,0.886523,0.860341,-0.536594,57.73045,111.9424,354.7756,0,0,0,0,0,0,1.024116,0.318488,-0.57825,330.3172,94.91273,6.312675,0,True,False
104.4967,0.886549,0.854242,-0.537189,57.8372,111.9071,354.7765,0,0,0,0,0,0,1.025016,0.311937,-0.578582,330.3854,94.66721,6.374045,0,True,False
104.5077,0.886629,0.848373,-0.537715,57.97939,111.8879,354.804,0,0,0,0,0,0,1.025847,0.305307,-0.579256,330.5395,94.63035,6.28837,0,True,False
104.5189,0.886759,0.842704,-0.538285,58.10006,111.8997,354.8521,0,0,0,0,0,0,1.026582,0.299082,-0.580369,330.7066,94.67679,6.19218,0,True,False
104.5298,0.886921,0.837122,-0.538854,58.15695,111.9033,354.8571,0,0,0,0,0,0,1.027174,0.29249,-0.581041,330.9221,94.65707,6.311838,0,True,False
104.541,0.887094,0.831853,-0.539417,58.20331,111.9531,354.8771,0,0,0,0,0,0,1.02794,0.285998,-0.581798,331.1584,94.63592,6.455179,0,True,False
104.5523,0.887228,0.826673,-0.539961,58.29378,112.0449,354.9359,0,0,0,0,0,0,1.028646,0.27963,-0.582661,331.3981,94.7287,6.440793,0,True,False
104.5633,0.887243,0.821882,-0.540365,58.43697,112.1473,355.0852,0,0,0,0,0,0,1.029333,0.273364,-0.583515,331.662,94.92718,6.338929,0,True,False
104.5743,0.887213,0.817096,-0.540748,58.56966,112.2074,355.2192,0,0,0,0,0,0,1.030164,0.267013,-0.584414,331.9279,95.13686,6.243865,0,True,False
104.5855,0.887162,0.81265,-0.541094,58.68966,112.1959,355.3657,0,0,0,0,0,0,1.031038,0.260867,-0.585492,332.2261,95.44662,6.040878,0,True,False
104.5965,0.88713,0.808301,-0.54146,58.76537,112.1638,355.4975,0,0,0,0,0,0,1.031969,0.255018,-0.586332,332.441,95.68866,5.924537,0,True,False
104.6077,0.887117,0.804094,-0.541907,58.79499,112.1089,355.6662,0,0,0,0,0,0,1.032943,0.249227,-0.586902,332.5601,95.8856,6.002821,0,True,False
104.6188,0.88711,0.800093,-0.542324,58.81518,112.0706,355.8165,0,0,0,0,0,0,1.034213,0.243106,-0.587977,332.8806,96.07014,5.912148,0,True,False
104.6298,0.887246,0.79626,-0.542791,58.81425,112.0275,355.9177,0,0,0,0,0,0,1.035887,0.237366,-0.588844,333.2771,96.30676,5.593498,0,True,False
104.641,0.887368,0.792472,-0.543262,58.74562,112.0524,356.0256,0,0,0,0,0,0,1.037458,0.231867,-0.589741,333.593,96.5827,5.395489,0,True,False
104.6522,0.887494,0.788738,-0.543827,58.58871,112.0969,356.0913,0,0,0,0,0,0,1.039028,0.226806,-0.590528,333.8299,96.78428,5.334886,0,True,False
104.6631,0.887579,0.785044,-0.544317,58.48882,112.1517,356.1443,0,0,0,0,0,0,1.040618,0.222071,-0.591419,333.969,96.97154,5.151544,0,True,False
104.6745,0.887633,0.7815,-0.544752,58.42193,112.2274,356.1959,0,0,0,0,0,0,1.042321,0.217082,-0.592144,334.22,97.11227,4.988448,0,True,False
104.6854,0.887625,0.777898,-0.545181,58.41449,112.2493,356.2161,0,0,0,0,0,0,1.044094,0.212483,-0.592708,334.4012,97.1593,5.018876,0,True,False
104.6965,0.887536,0.774468,-0.545543,58.4071,112.24,356.2593,0,0,0,0,0,0,1.045556,0.208215,-0.593191,334.457,97.19999,5.049665,0,True,False
104.7076,0.887407,0.771107,-0.545855,58.38889,112.1796,356.2618,0,0,0,0,0,0,1.047168,0.203987,-0.593708,334.5091,97.25568,5.111246,0,True,False
104.7189,0.887257,0.767832,-0.546236,58.34962,112.1479,356.29,0,0,0,0,0,0,1.048844,0.199468,-0.593958,334.6459,97.30016,5.196527,0,True,False
104.7298,0.887089,0.764738,-0.546598,58.29287,112.1376,356.338,0,0,0,0,0,0,1.050436,0.195126,-0.593989,334.8576,97.27366,5.240147,0,True,False
104.7409,0.887017,0.761692,-0.54693,58.26125,112.1403,356.3752,0,0,0,0,0,0,1.051929,0.1909,-0.593935,335.0216,97.19838,5.399489,0,True,False
104.7521,0.886947,0.758764,-0.547237,58.21733,112.1481,356.4043,0,0,0,0,0,0,1.053457,0.186865,-0.594023,335.1022,97.17262,5.546426,0,True,False
104.7631,0.886885,0.755876,-0.54749,58.16909,112.0804,356.3484,0,0,0,0,0,0,1.0547,0.183135,-0.593812,335.1709,97.19707,5.478808,0,True,False
104.7743,0.886812,0.753092,-0.547645,58.1098,112.0101,356.2849,0,0,0,0,0,0,1.056143,0.179341,-0.59341,335.3387,97.21478,5.526841,0,True,False
104.7854,0.88673,0.750431,-0.547727,58.04877,111.9116,356.2185,0,0,0,0,0,0,1.057317,0.175762,-0.592802,335.5285,97.17085,5.498442,0,True,False
104.7965,0.886611,0.747808,-0.547802,58.03382,111.8447,356.1848,0,0,0,0,0,0,1.058452,0.172133,-0.592212,335.7088,97.03669,5.603975,0,True,False
104.8095,0.886486,0.745352,-0.547875,58.06444,111.7388,356.1568,0,0,0,0,0,0,1.059456,0.168669,-0.591613,335.7997,96.87881,5.717077,0,True,False
104.8186,0.886362,0.742952,-0.547789,58.11957,111.5989,356.1303,0,0,0,0,0,0,1.060292,0.165788,-0.590652,335.8513,96.67217,5.778232,0,True,False
104.8298,0.886133,0.740748,-0.547725,58.18283,111.3624,356.0379,0,0,0,0,0,0,1.061266,0.162888,-0.589708,335.9891,96.42934,5.873229,0,True,False
104.8411,0.885923,0.738593,-0.547642,58.26763,111.1771,355.9743,0,0,0,0,0,0,1.062048,0.159885,-0.588603,336.1526,96.20689,5.913843,0,True,False
104.8521,0.885569,0.736574,-0.547502,58.39093,111.0303,355.938,0,0,0,0,0,0,1.062794,0.156867,-0.587725,336.3716,96.02689,5.909092,0,True,False
104.8633,0.885214,0.734653,-0.547475,58.51245,110.9266,355.9191,0,0,0,0,0,0,1.063451,0.154113,-0.586699,336.5887,95.86768,5.942256,0,True,False
104.8745,0.88482,0.733017,-0.547429,58.61592,110.8709,355.9288,0,0,0,0,0,0,1.064162,0.151267,-0.585728,336.7857,95.68674,6.055603,0,True,False
104.8853,0.884448,0.731611,-0.547446,58.68142,110.8058,355.9272,0,0,0,0,0,0,1.064595,0.14853,-0.584861,336.9796,95.53524,6.081265,0,True,False
104.8964,0.884182,0.730403,-0.547408,58.72057,110.7259,355.8882,0,0,0,0,0,0,1.065176,0.145801,-0.583968,337.2269,95.401,6.070327,0,True,False
104.9075,0.883925,0.729366,-0.547384,58.7417,110.6118,355.8277,0,0,0,0,0,0,1.065571,0.143634,-0.583293,337.4229,95.39337,6.134145,0,True,False
104.9187,0.88372,0.728403,-0.547363,58.73048,110.5639,355.8501,0,0,0,0,0,0,1.066017,0.141231,-0.582636,337.5816,95.36539,6.103301,0,True,False
104.9297,0.883514,0.727561,-0.547357,58.67507,110.5156,355.887,0,0,0,0,0,0,1.066236,0.139318,-0.582091,337.6346,95.40172,6.118701,0,True,False
104.9408,0.883342,0.726726,-0.547352,58.60805,110.4656,355.9343,0,0,0,0,0,0,1.066526,0.137115,-0.581396,337.7444,95.41493,6.092485,0,True,False
104.9521,0.883215,0.726011,-0.547395,58.49687,110.4247,355.9899,0,0,0,0,0,0,1.0669,0.135028,-0.580944,337.8858,95.45055,6.098178,0,True,False
104.9632,0.883141,0.725332,-0.54741,58.36802,110.3576,356.0226,0,0,0,0,0,0,1.067318,0.133125,-0.580445,338.042,95.46812,6.08214,0,True,False
104.9741,0.883059,0.724649,-0.547424,58.27807,110.2638,356.0077,0,0,0,0,0,0,1.067647,0.131233,-0.579948,338.2116,95.44118,6.060601,0,True,False
104.9854,0.88292,0.723929,-0.547371,58.19516,110.1885,356.0103,0,0,0,0,0,0,1.068099,0.129467,-0.579341,338.3465,95.36882,6.056477,0,True,False
104.9964,0.882798,0.723307,-0.547222,58.14738,110.1449,356.0392,0,0,0,0,0,0,1.068258,0.127964,-0.578773,338.4553,95.29653,6.050537,0,True,False
105.0076,0.882644,0.722607,-0.54712,58.09827,110.0831,356.0552,0,0,0,0,0,0,1.068747,0.126262,-0.578186,338.6263,95.23524,6.049487,0,True,False
105.0185,0.88251,0.721917,-0.547144,58.05843,110.0086,356.1013,0,0,0,0,0,0,1.069059,0.124484,-0.577559,338.8027,95.18244,6.01285,0,True,False
105.0297,0.882412,0.721256,-0.547091,58.02309,109.9138,356.1399,0,0,0,0,0,0,1.069486,0.122728,-0.576974,338.9958,95.09901,5.97852,0,True,False
105.0409,0.882297,0.720535,-0.547072,57.9708,109.7615,356.1114,0,0,0,0,0,0,1.069855,0.121144,-0.576407,339.1975,95.00172,6.048916,0,True,False
105.0519,0.882177,0.719837,-0.547009,57.91768,109.6324,356.0834,0,0,0,0,0,0,1.070203,0.119776,-0.576065,339.3418,94.99368,6.021545,0,True,False
105.0632,0.882023,0.719123,-0.547052,57.84563,109.5406,356.0558,0,0,0,0,0,0,1.070534,0.118258,-0.57579,339.4808,95.09418,5.835645,0,True,False
105.0742,0.881885,0.718389,-0.547207,57.78434,109.5075,356.0818,0,0,0,0,0,0,1.070833,0.116729,-0.575844,339.6758,95.22649,5.690464,0,True,False
105.0854,0.881734,0.717743,-0.547432,57.76872,109.5126,356.1203,0,0,0,0,0,0,1.071207,0.115023,-0.57586,339.9467,95.41428,5.58769,0,True,False
105.0964,0.881647,0.717071,-0.547595,57.78759,109.5704,356.219,0,0,0,0,0,0,1.071527,0.113452,-0.575738,340.1576,95.50564,5.607525,0,True,False
105.1074,0.881598,0.716422,-0.547821,57.81715,109.5815,356.2601,0,0,0,0,0,0,1.071783,0.112037,-0.575537,340.2638,95.58694,5.554938,0,True,False
105.1185,0.881558,0.715733,-0.54801,57.80404,109.6161,356.3201,0,0,0,0,0,0,1.072048,0.110615,-0.575212,340.383,95.67663,5.41998,0,True,False
105.1296,0.881502,0.715,-0.548226,57.76286,109.674,356.386,0,0,0,0,0,0,1.072316,0.109199,-0.574976,340.5885,95.73326,5.317896,0,True,False
105.1408,0.881482,0.71424,-0.548436,57.72403,109.7493,356.4733,0,0,0,0,0,0,1.072579,0.107515,-0.574441,340.8135,95.71934,5.344348,0,True,False
105.152,0.881541,0.713444,-0.54875,57.72188,109.8412,356.5664,0,0,0,0,0,0,1.072868,0.10598,-0.573896,341.0106,95.69881,5.284498,0,True,False
105.163,0.881627,0.712645,-0.549031,57.70247,109.9005,356.6409,0,0,0,0,0,0,1.073066,0.10449,-0.573337,341.1974,95.65283,5.258074,0,True,False
105.174,0.881789,0.711908,-0.549284,57.70856,109.9278,356.6971,0,0,0,0,0,0,1.073311,0.103353,-0.572735,341.2759,95.60446,5.252429,0,True,False
105.1852,0.882009,0.711132,-0.549493,57.73142,109.9139,356.6992,0,0,0,0,0,0,1.073525,0.102236,-0.572202,341.2999,95.6329,5.211198,0,True,False
105.1963,0.882209,0.710376,-0.549693,57.77988,109.9047,356.7091,0,0,0,0,0,0,1.073838,0.100886,-0.571723,341.3954,95.72652,5.20122,0,True,False
105.2074,0.882417,0.709562,-0.54994,57.84188,109.8623,356.6412,0,0,0,0,0,0,1.074236,0.099553,-0.571331,341.5713,95.81057,5.121135,0,True,False
105.2185,0.882629,0.708771,-0.550123,57.88524,109.8414,356.5879,0,0,0,0,0,0,1.074596,0.09833,-0.5708,341.743,95.87553,5.119477,0,True,False
105.2296,0.88293,0.707994,-0.550269,57.91894,109.8273,356.5182,0,0,0,0,0,0,1.074871,0.097281,-0.570232,341.7831,95.89662,5.143786,0,True,False
105.2407,0.883264,0.707237,-0.550426,57.91294,109.7982,356.4548,0,0,0,0,0,0,1.075182,0.096386,-0.569613,341.8047,95.95792,5.000463,0,True,False
105.2519,0.883736,0.706522,-0.550561,57.89817,109.7091,356.36,0,0,0,0,0,0,1.075568,0.095432,-0.569034,341.8767,96.06113,4.872578,0,True,False
105.263,0.884221,0.705826,-0.550676,57.88032,109.5963,356.2469,0,0,0,0,0,0,1.075554,0.094466,-0.568657,341.9455,96.1598,4.750092,0,True,False
105.2742,0.88464,0.705077,-0.55067,57.87394,109.4729,356.1307,0,0,0,0,0,0,1.075871,0.093663,-0.568058,341.9719,96.20704,4.653147,0,True,False
105.2852,0.884969,0.704297,-0.55056,57.90929,109.3332,355.9929,0,0,0,0,0,0,1.076035,0.092897,-0.567431,341.9716,96.21545,4.626986,0,True,False
105.2962,0.885232,0.703568,-0.550425,57.96806,109.2212,355.8801,0,0,0,0,0,0,1.076324,0.092205,-0.566854,341.9866,96.25031,4.613955,0,True,False
105.3073,0.885526,0.702838,-0.550307,58.0806,109.1111,355.8113,0,0,0,0,0,0,1.076806,0.091566,-0.566398,342.0359,96.28456,4.54099,0,True,False
105.3186,0.885914,0.702144,-0.550164,58.18982,109.0225,355.7701,0,0,0,0,0,0,1.07719,0.090935,-0.565985,342.1066,96.37429,4.433689,0,True,False
105.3297,0.88636,0.70157,-0.549967,58.2888,108.8993,355.732,0,0,0,0,0,0,1.077454,0.090332,-0.565728,342.1596,96.48334,4.321023,0,True,False
105.3408,0.886782,0.701022,-0.54974,58.34948,108.7441,355.6541,0,0,0,0,0,0,1.077606,0.089827,-0.565418,342.1409,96.60524,4.249537,0,True,False
105.3519,0.887206,0.700574,-0.54948,58.39726,108.6068,355.5757,0,0,0,0,0,0,1.077984,0.089741,-0.565415,342.1961,96.77279,3.965443,0,True,False
105.3628,0.887644,0.70014,-0.549171,58.43097,108.5029,355.5171,0,0,0,0,0,0,1.078439,0.089673,-0.565451,342.2145,96.93265,3.640268,0,True,False
105.374,0.888001,0.699735,-0.548885,58.46022,108.4087,355.4562,0,0,0,0,0,0,1.078933,0.089822,-0.565487,342.1367,97.09233,3.611914,0,True,False
105.3851,0.888357,0.69936,-0.548605,58.50611,108.3906,355.4518,0,0,0,0,0,0,1.079239,0.090277,-0.565488,341.9302,97.26714,3.638205,0,True,False
105.3962,0.888734,0.699051,-0.548302,58.57493,108.3798,355.4707,0,0,0,0,0,0,1.079746,0.090766,-0.565752,341.7627,97.49353,3.448074,0,True,False
105.4075,0.889141,0.69872,-0.547935,58.62374,108.3684,355.5191,0,0,0,0,0,0,1.080306,0.090945,-0.565717,341.7156,97.61997,3.470117,0,True,False
105.4185,0.889512,0.698427,-0.547625,58.67396,108.3171,355.5324,0,0,0,0,0,0,1.080932,0.091043,-0.565753,341.6925,97.73273,3.37994,0,True,False
105.4295,0.889862,0.698097,-0.54717,58.66973,108.2404,355.5538,0,0,0,0,0,0,1.081409,0.09104,-0.565702,341.6672,97.79124,3.336252,0,True,False
105.4406,0.890158,0.697803,-0.54679,58.66912,108.1216,355.5454,0,0,0,0,0,0,1.081734,0.091068,-0.565581,341.633,97.8171,3.491863,0,True,False
105.4518,0.890423,0.697498,-0.546419,58.67358,108.0268,355.5378,0,0,0,0,0,0,1.082027,0.090941,-0.565484,341.6367,97.85938,3.547213,0,True,False
105.4628,0.890687,0.697215,-0.54607,58.6993,107.9645,355.5379,0,0,0,0,0,0,1.08226,0.090584,-0.565447,341.7539,97.91312,3.546992,0,True,False
105.474,0.890934,0.696937,-0.545746,58.73983,107.8987,355.5201,0,0,0,0,0,0,1.082544,0.09029,-0.565627,341.8442,98.04525,3.469537,0,True,False
105.4852,0.891164,0.696725,-0.545409,58.77951,107.836,355.5262,0,0,0,0,0,0,1.082637,0.089631,-0.565847,342.0844,98.23225,3.271336,0,True,False
105.4962,0.89132,0.696495,-0.545024,58.81276,107.7503,355.4936,0,0,0,0,0,0,1.082867,0.089113,-0.566021,342.2349,98.37395,3.232251,0,True,False
105.5073,0.891458,0.696248,-0.544652,58.84107,107.6537,355.456,0,0,0,0,0,0,1.082968,0.088788,-0.566318,342.3378,98.55956,3.125969,0,True,False
105.5185,0.891546,0.696071,-0.544246,58.88906,107.5909,355.3939,0,0,0,0,0,0,1.083004,0.088695,-0.56666,342.3051,98.75185,3.047942,0,True,False
105.5296,0.89158,0.695906,-0.543857,58.94624,107.5752,355.3593,0,0,0,0,0,0,1.083085,0.088668,-0.566957,342.3099,98.91722,2.964261,0,True,False
105.5406,0.891647,0.695799,-0.543476,58.98922,107.6311,355.3709,0,0,0,0,0,0,1.083331,0.088559,-0.567279,342.3945,99.03792,2.988603,0,True,False
105.5517,0.891761,0.695755,-0.543117,59.02238,107.7022,355.417,0,0,0,0,0,0,1.083457,0.088394,-0.56748,342.5032,99.16318,2.970902,0,True,False
105.5628,0.891896,0.695738,-0.542805,59.02673,107.7726,355.5194,0,0,0,0,0,0,1.083628,0.088102,-0.567599,342.5839,99.25985,3.005072,0,True,False
105.574,0.892041,0.695702,-0.542474,58.98845,107.8136,355.6215,0,0,0,0,0,0,1.08362,0.088053,-0.567797,342.5691,99.27808,3.060608,0,True,False
105.5851,0.892149,0.695706,-0.542159,58.92313,107.8221,355.74,0,0,0,0,0,0,1.083794,0.087871,-0.567617,342.6349,99.24422,3.155609,0,True,False
105.5962,0.892285,0.695728,-0.541856,58.8804,107.8058,355.8236,0,0,0,0,0,0,1.084027,0.087698,-0.567365,342.7005,99.19004,3.137151,0,True,False
105.6074,0.892381,0.695723,-0.541544,58.83826,107.8234,355.9228,0,0,0,0,0,0,1.08421,0.087586,-0.567252,342.7388,99.0971,3.159006,0,True,False
105.6183,0.89242,0.695765,-0.541279,58.82597,107.8468,355.9738,0,0,0,0,0,0,1.084383,0.087534,-0.566909,342.758,98.93766,3.225914,0,True,False
105.6295,0.89251,0.695721,-0.541029,58.81203,107.8875,356.0316,0,0,0,0,0,0,1.084429,0.087372,-0.566635,342.8064,98.84574,3.225821,0,True,False
105.6407,0.892618,0.695657,-0.540786,58.82141,107.9649,356.1065,0,0,0,0,0,0,1.084514,0.087193,-0.566669,342.8874,98.83068,3.240072,0,True,False
105.652,0.892699,0.695564,-0.540583,58.82253,107.9893,356.1361,0,0,0,0,0,0,1.084637,0.086944,-0.566773,342.9309,98.84802,3.220688,0,True,False
105.6627,0.892801,0.695422,-0.540346,58.83401,107.9627,356.1316,0,0,0,0,0,0,1.084706,0.086802,-0.566806,342.9817,98.86187,3.209112,0,True,False
105.6739,0.892861,0.695321,-0.540097,58.84929,107.9478,356.1451,0,0,0,0,0,0,1.084733,0.086607,-0.566919,343.064,98.87626,3.201363,0,True,False
105.685,0.892925,0.69519,-0.539922,58.86977,107.911,356.1391,0,0,0,0,0,0,1.084858,0.086339,-0.566956,343.1659,98.86782,3.226634,0,True,False
105.6961,0.892955,0.695082,-0.539717,58.90087,107.8994,356.1486,0,0,0,0,0,0,1.084941,0.08608,-0.567063,343.3124,98.87824,3.18636,0,True,False
105.7072,0.893035,0.69498,-0.539535,58.95145,107.8883,356.1782,0,0,0,0,0,0,1.08516,0.085984,-0.567243,343.4112,98.92273,3.108212,0,True,False
105.7183,0.893083,0.694912,-0.539379,58.99316,107.8756,356.1985,0,0,0,0,0,0,1.08523,0.085981,-0.567368,343.4411,98.98225,3.069567,0,True,False
105.7294,0.893113,0.694825,-0.539217,59.02343,107.8554,356.2166,0,0,0,0,0,0,1.085367,0.086019,-0.567392,343.4527,99.06895,3.030757,0,True,False
105.7406,0.893135,0.694732,-0.539074,59.04225,107.844,356.223,0,0,0,0,0,0,1.085437,0.085844,-0.567478,343.5308,99.16258,2.996896,0,True,False
105.7517,0.893099,0.694627,-0.538964,59.02667,107.8303,356.2233,0,0,0,0,0,0,1.085328,0.08579,-0.567684,343.5478,99.24043,3.027122,0,True,False
105.7627,0.893126,0.694581,-0.538839,59.01783,107.8505,356.2409,0,0,0,0,0,0,1.085323,0.08583,-0.567907,343.5207,99.33363,2.960069,0,True,False
105.7738,0.893138,0.694527,-0.538758,59.02463,107.8757,356.2545,0,0,0,0,0,0,1.085164,0.086022,-0.568134,343.4397,99.4024,2.938357,0,True,False
105.785,0.893179,0.694495,-0.538696,59.033,107.9011,356.2694,0,0,0,0,0,0,1.085122,0.086054,-0.568307,343.4278,99.47822,2.911323,0,True,False
105.796,0.893212,0.69448,-0.538657,59.02424,107.9504,356.2874,0,0,0,0,0,0,1.085133,0.085845,-0.568477,343.5092,99.54311,2.863232,0,True,False
105.8072,0.89325,0.69448,-0.53862,59.02056,108.0004,356.3193,0,0,0,0,0,0,1.085169,0.085706,-0.568593,343.5872,99.62544,2.818197,0,True,False
105.8183,0.893269,0.694468,-0.538594,59.01148,108.0201,356.3368,0,0,0,0,0,0,1.085296,0.085455,-0.56875,343.6804,99.71227,2.790803,0,True,False
105.8294,0.893331,0.694464,-0.538509,59.00308,108.055,356.3696,0,0,0,0,0,0,1.085325,0.085382,-0.568919,343.7201,99.82066,2.759415,0,True,False
105.8405,0.893347,0.694475,-0.538501,59.00601,108.0823,356.416,0,0,0,0,0,0,1.085237,0.085353,-0.569095,343.7296,99.90933,2.680092,0,True,False
105.8516,0.893361,0.694481,-0.538465,58.99792,108.0934,356.4339,0,0,0,0,0,0,1.085212,0.085485,-0.569134,343.7443,99.93866,2.652728,0,True,False
105.8627,0.893358,0.694486,-0.538433,58.98702,108.0767,356.4226,0,0,0,0,0,0,1.085262,0.085344,-0.569177,343.7542,99.90413,2.602843,0,True,False
105.8739,0.893324,0.694416,-0.538517,58.97691,108.0678,356.4069,0,0,0,0,0,0,1.085294,0.085328,-0.568975,343.7633,99.82059,2.687619,0,True,False
105.8851,0.893265,0.694448,-0.538504,58.96487,108.0529,356.3728,0,0,0,0,0,0,1.085354,0.085278,-0.568938,343.7806,99.76804,2.678849,0,True,False
105.8962,0.893263,0.694431,-0.538454,58.96588,108.049,356.3576,0,0,0,0,0,0,1.085425,0.08524,-0.568842,343.8242,99.70879,2.696371,0,True,False
105.907,0.893292,0.694452,-0.538426,58.98349,108.0381,356.3298,0,0,0,0,0,0,1.085531,0.085257,-0.568558,343.8306,99.61509,2.784387,0,True,False
105.9181,0.89328,0.694505,-0.538421,58.99368,108.0048,356.313,0,0,0,0,0,0,1.085566,0.085275,-0.568331,343.8127,99.56335,2.800838,0,True,False
105.9293,0.893288,0.694545,-0.538428,58.99477,107.9396,356.2758,0,0,0,0,0,0,1.085586,0.085347,-0.568233,343.8093,99.53323,2.801807,0,True,False
105.9405,0.893292,0.694584,-0.53843,58.98312,107.9047,356.2596,0,0,0,0,0,0,1.085508,0.085265,-0.568354,343.8263,99.52248,2.804782,0,True,False
105.9516,0.893296,0.694607,-0.538519,58.97205,107.8587,356.2172,0,0,0,0,0,0,1.08544,0.085191,-0.568351,343.8705,99.54214,2.831732,0,True,False
105.9627,0.893263,0.694604,-0.538582,58.95401,107.8472,356.1902,0,0,0,0,0,0,1.085501,0.085067,-0.568415,343.8768,99.56098,2.808285,0,True,False
105.9738,0.89327,0.69461,-0.538685,58.9232,107.8411,356.1797,0,0,0,0,0,0,1.085541,0.085079,-0.568459,343.8668,99.55621,2.804456,0,True,False
105.9851,0.893262,0.694591,-0.53872,58.91197,107.8568,356.1834,0,0,0,0,0,0,1.085671,0.085014,-0.568414,343.8862,99.56583,2.812092,0,True,False
105.996,0.893231,0.694577,-0.538781,58.89154,107.8445,356.1564,0,0,0,0,0,0,1.08574,0.084874,-0.568353,343.9372,99.56885,2.807481,0,True,False
106.007,0.893221,0.694548,-0.538879,58.89001,107.8235,356.1411,0,0,0,0,0,0,1.085885,0.084781,-0.568286,344.0241,99.56831,2.808717,0,True,False
106.0182,0.893166,0.694514,-0.53903,58.88627,107.8172,356.1404,0,0,0,0,0,0,1.08593,0.084784,-0.568228,344.0364,99.55865,2.827852,0,True,False
106.0293,0.893128,0.694467,-0.539164,58.89821,107.7871,356.1012,0,0,0,0,0,0,1.085809,0.084777,-0.568182,344.0036,99.5751,2.881218,0,True,False
106.0403,0.893069,0.6944,-0.539281,58.90928,107.7977,356.0868,0,0,0,0,0,0,1.085839,0.084711,-0.568177,343.9881,99.59394,2.907456,0,True,False
106.0514,0.893054,0.694329,-0.539387,58.92365,107.8101,356.0645,0,0,0,0,0,0,1.08579,0.084595,-0.568058,344.0057,99.63477,2.918646,0,True,False
106.0626,0.89301,0.694268,-0.53955,58.93616,107.8062,356.0441,0,0,0,0,0,0,1.085815,0.084508,-0.568126,344.0466,99.6507,2.959088,0,True,False
106.0737,0.892991,0.694237,-0.539647,58.93821,107.8487,356.0822,0,0,0,0,0,0,1.085895,0.084356,-0.568082,344.0759,99.64204,3.038709,0,True,False
106.0849,0.892977,0.69423,-0.539747,58.92839,107.8771,356.1155,0,0,0,0,0,0,1.085947,0.084391,-0.568046,344.0523,99.63388,3.056399,0,True,False
106.096,0.892982,0.69423,-0.539839,58.9177,107.8913,356.1529,0,0,0,0,0,0,1.085985,0.08447,-0.568043,343.9961,99.63961,3.073297,0,True,False
106.107,0.892962,0.694256,-0.539938,58.89549,107.8732,356.171,0,0,0,0,0,0,1.086077,0.08448,-0.568171,343.9994,99.701,3.08283,0,True,False
106.1181,0.892977,0.694248,-0.540056,58.88641,107.8129,356.1336,0,0,0,0,0,0,1.086198,0.084595,-0.568288,344.0445,99.78697,3.041879,0,True,False
106.1292,0.892999,0.694206,-0.540159,58.86421,107.7597,356.1013,0,0,0,0,0,0,1.086305,0.084478,-0.568507,344.0937,99.88339,3.016431,0,True,False
106.1404,0.893029,0.694221,-0.540219,58.87519,107.7115,356.033,0,0,0,0,0,0,1.086359,0.084234,-0.568744,344.151,99.96275,2.975312,0,True,False
106.1515,0.893081,0.694213,-0.54029,58.863,107.6723,355.9724,0,0,0,0,0,0,1.086391,0.084256,-0.56891,344.1764,100.0343,2.941212,0,True,False
106.1625,0.893138,0.694216,-0.540374,58.86065,107.5887,355.8806,0,0,0,0,0,0,1.086362,0.084136,-0.569131,344.194,100.1293,2.861699,0,True,False
106.1737,0.893194,0.694179,-0.540455,58.85868,107.5072,355.8014,0,0,0,0,0,0,1.086391,0.084116,-0.569053,344.2181,100.18,2.822064,0,True,False
106.1851,0.893237,0.694074,-0.54055,58.8401,107.4385,355.7491,0,0,0,0,0,0,1.086427,0.084175,-0.569096,344.1979,100.1955,2.843695,0,True,False
106.1959,0.893284,0.69404,-0.540617,58.83363,107.3657,355.6868,0,0,0,0,0,0,1.086421,0.084282,-0.569025,344.1617,100.1972,2.866673,0,True,False
106.207,0.893251,0.693972,-0.540765,58.83279,107.2718,355.5966,0,0,0,0,0,0,1.086452,0.084333,-0.568981,344.1529,100.1973,2.877274,0,True,False
106.2181,0.893195,0.693874,-0.54081,58.82975,107.2388,355.5497,0,0,0,0,0,0,1.086391,0.084271,-0.568809,344.1654,100.1626,2.917927,0,True,False
106.2293,0.893089,0.693794,-0.540916,58.8576,107.2294,355.5187,0,0,0,0,0,0,1.086342,0.08419,-0.568627,344.2129,100.1124,2.864237,0,True,False
106.2405,0.893032,0.693752,-0.540992,58.89373,107.2323,355.4898,0,0,0,0,0,0,1.086457,0.084144,-0.568361,344.2539,100.0086,2.942659,0,True,False
106.2514,0.892962,0.693702,-0.541051,58.91677,107.2136,355.4686,0,0,0,0,0,0,1.086387,0.084067,-0.568287,344.2883,99.96223,2.955542,0,True,False
106.2625,0.892858,0.693716,-0.541065,58.94578,107.1892,355.4446,0,0,0,0,0,0,1.086398,0.083997,-0.568042,344.3131,99.92431,2.946568,0,True,False
106.2736,0.892763,0.693677,-0.541097,58.94813,107.1944,355.4472,0,0,0,0,0,0,1.086487,0.083898,-0.567991,344.3266,99.88796,3.005696,0,True,False
106.2847,0.89265,0.693692,-0.541179,58.95202,107.2059,355.4673,0,0,0,0,0,0,1.0865,0.083866,-0.567953,344.3334,99.86714,2.991351,0,True,False
106.2958,0.892572,0.693701,-0.541258,58.94156,107.2296,355.4902,0,0,0,0,0,0,1.086569,0.083864,-0.567919,344.3288,99.88187,2.940197,0,True,False
106.307,0.892491,0.693734,-0.541333,58.93404,107.2932,355.5426,0,0,0,0,0,0,1.086646,0.083821,-0.567967,344.3561,99.89776,2.914695,0,True,False
106.3181,0.892455,0.693809,-0.54144,58.92908,107.3125,355.5508,0,0,0,0,0,0,1.08672,0.083735,-0.567971,344.4052,99.89992,2.899992,0,True,False
106.3292,0.892428,0.693903,-0.541511,58.92074,107.3344,355.5665,0,0,0,0,0,0,1.086804,0.083574,-0.568016,344.4557,99.89995,2.922376,0,True,False
106.3403,0.892391,0.693962,-0.541558,58.9082,107.3309,355.5688,0,0,0,0,0,0,1.086838,0.083604,-0.56797,344.4564,99.89417,2.913472,0,True,False
106.3515,0.892371,0.694047,-0.541577,58.89432,107.318,355.566,0,0,0,0,0,0,1.086853,0.083582,-0.567819,344.4522,99.87975,2.915587,0,True,False
106.3625,0.89235,0.694125,-0.541608,58.87801,107.3027,355.5733,0,0,0,0,0,0,1.086876,0.083607,-0.567724,344.4336,99.86362,2.937486,0,True,False
106.374,0.89232,0.694203,-0.54163,58.86275,107.2497,355.5415,0,0,0,0,0,0,1.086799,0.083703,-0.567467,344.4037,99.83663,2.994953,0,True,False
106.3848,0.892291,0.694264,-0.541624,58.83809,107.24,355.5392,0,0,0,0,0,0,1.086599,0.083715,-0.567395,344.3829,99.85484,2.961365,0.015686,True,False
106.3958,0.892264,0.694281,-0.541613,58.80449,107.2037,355.5117,0,0,0,0,0,0,1.086604,0.083858,-0.567338,344.3745,99.86462,3.009159,0.07451,True,False
106.4069,0.892282,0.694315,-0.541665,58.78034,107.1475,355.4581,0,0,0,0,0,0,1.086616,0.083491,-0.567516,344.4112,99.90087,3.033696,0.180392,False,False
106.4181,0.89232,0.694291,-0.54164,58.76416,107.1244,355.4384,0,0,0,0,0,0,1.086604,0.083494,-0.567598,344.4308,99.91582,3.129606,0.34902,False,True
106.4291,0.892303,0.694263,-0.541619,58.75701,107.0596,355.3831,0,0,0,0,0,0,1.086487,0.08358,-0.567712,344.3879,100.0338,3.330539,0.45098,False,True
106.4403,0.892246,0.694206,-0.541623,58.76643,107.0004,355.3304,0,0,0,0,0,0,1.086472,0.083509,-0.5679,344.3222,100.1311,3.518739,0.690196,False,True
106.4515,0.892186,0.694164,-0.541564,58.79526,106.9349,355.2806,0,0,0,0,0,0,1.086504,0.08363,-0.56817,344.2767,100.2862,3.743274,0.992157,False,True
106.4624,0.892111,0.694123,-0.54151,58.79224,106.8639,355.2245,0,0,0,0,0,0,1.086002,0.083715,-0.568348,344.2211,100.4738,3.666475,1,False,True
106.4735,0.892094,0.694064,-0.541548,58.81569,106.7767,355.1577,0,0,0,0,0,0,1.086112,0.083649,-0.568515,344.2473,100.4995,3.428093,1,False,True
106.4846,0.892085,0.694052,-0.541525,58.80479,106.7648,355.1571,0,0,0,0,0,0,1.086121,0.083375,-0.568161,344.2909,100.3941,3.398437,1,False,True
106.4958,0.892058,0.694061,-0.54153,58.78137,106.7325,355.1388,0,0,0,0,0,0,1.08589,0.083486,-0.567934,344.3077,100.3286,3.392763,1,False,True
106.507,0.892008,0.694101,-0.54158,58.77637,106.7161,355.1111,0,0,0,0,0,0,1.085798,0.083301,-0.567727,344.3477,100.237,3.228363,1,False,True
106.518,0.891959,0.694078,-0.541585,58.76663,106.704,355.1043,0,0,0,0,0,0,1.085993,0.083083,-0.567576,344.3704,100.0772,3.287207,1,False,True
106.5294,0.891855,0.694103,-0.541618,58.75667,106.6833,355.0859,0,0,0,0,0,0,1.086113,0.082862,-0.567255,344.3366,99.98926,3.325208,1,False,True
106.5404,0.891765,0.694145,-0.541634,58.74665,106.6461,355.0665,0,0,0,0,0,0,1.086105,0.083036,-0.56716,344.2752,99.97527,3.344071,1,False,True
106.5516,0.891664,0.694184,-0.541674,58.74446,106.6414,355.0712,0,0,0,0,0,0,1.086112,0.083022,-0.567153,344.2417,99.96929,3.407062,1,False,True
106.5624,0.891583,0.694241,-0.541669,58.75232,106.6406,355.0805,0,0,0,0,0,0,1.08601,0.083067,-0.567078,344.2489,100.008,3.438309,1,False,True
106.5735,0.891499,0.694286,-0.541672,58.75779,106.6119,355.0611,0,0,0,0,0,0,1.086027,0.08303,-0.567028,344.2617,100.0271,3.488243,1,False,True
106.5846,0.891451,0.694367,-0.541681,58.75742,106.6013,355.0641,0,0,0,0,0,0,1.085953,0.083055,-0.567078,344.316,100.0753,3.437098,1,False,True
106.5958,0.891407,0.694479,-0.541691,58.75102,106.5888,355.0597,0,0,0,0,0,0,1.085942,0.083108,-0.566888,344.3819,100.0844,3.407752,1,False,True
106.6068,0.891377,0.694613,-0.541684,58.7489,106.5594,355.0348,0,0,0,0,0,0,1.085972,0.083009,-0.566841,344.4659,100.0537,3.418383,1,False,True
106.618,0.891301,0.694721,-0.54167,58.71501,106.5274,355.0042,0,0,0,0,0,0,1.085886,0.082877,-0.566684,344.5039,99.97816,3.418792,0.764706,False,True
106.6291,0.891232,0.694853,-0.54165,58.67916,106.51,355.0021,0,0,0,0,0,0,1.085851,0.083165,-0.566587,344.4492,99.90451,3.130041,0.521569,False,True
106.6402,0.891133,0.694939,-0.541672,58.63417,106.4653,354.9717,0,0,0,0,0,0,1.085743,0.083323,-0.566561,344.4112,99.81459,3.026303,0.219608,False,True
106.6513,0.891053,0.695054,-0.541637,58.6037,106.4099,354.9338,0,0,0,0,0,0,1.085814,0.083254,-0.566524,344.4091,99.77758,3.049565,0.066667,False,False
106.6624,0.890954,0.695185,-0.541596,58.5808,106.3559,354.8957,0,0,0,0,0,0,1.085756,0.083452,-0.566687,344.4286,99.77051,2.941021,0,False,False
106.6734,0.890855,0.695307,-0.541547,58.54991,106.2922,354.8383,0,0,0,0,0,0,1.085496,0.083564,-0.566707,344.4046,99.74135,2.855268,0,False,False
106.6847,0.890723,0.695372,-0.5415,58.5372,106.2207,354.7559,0,0,0,0,0,0,1.085186,0.083608,-0.566702,344.361,99.75296,3.039366,0,False,False
106.6958,0.890541,0.695565,-0.54141,58.52388,106.2091,354.7287,0,0,0,0,0,0,1.08505,0.083888,-0.56692,344.3309,99.87202,3.012979,0,False,False
106.7069,0.89036,0.695752,-0.541344,58.52444,106.178,354.6854,0,0,0,0,0,0,1.084876,0.08402,-0.567074,344.2933,99.94947,2.978143,0,False,False
106.7181,0.890161,0.695994,-0.541239,58.4849,106.1941,354.6857,0,0,0,0,0,0,1.084571,0.084091,-0.567162,344.2012,100.0342,2.980607,0,False,False
106.7294,0.889977,0.696298,-0.541206,58.45436,106.2172,354.7004,0,0,0,0,0,0,1.084278,0.084386,-0.567303,344.1383,100.0847,2.892031,0,False,False
106.7404,0.889796,0.696633,-0.541156,58.40057,106.2788,354.7527,0,0,0,0,0,0,1.084043,0.084765,-0.567576,344.0683,100.1119,2.856905,0,False,False
106.7515,0.889655,0.697042,-0.541019,58.34847,106.3686,354.835,0,0,0,0,0,0,1.083678,0.085214,-0.567659,343.9411,100.1133,2.939838,0,False,False
106.7623,0.889502,0.697515,-0.540829,58.29128,106.4259,354.8847,0,0,0,0,0,0,1.083406,0.085622,-0.567659,343.8195,100.1138,2.965793,0,False,False
106.7734,0.889284,0.698094,-0.540646,58.22137,106.4794,354.9472,0,0,0,0,0,0,1.082993,0.086184,-0.567716,343.7157,100.0478,2.992604,0,False,False
106.7846,0.889062,0.698795,-0.540398,58.17057,106.5474,355.0216,0,0,0,0,0,0,1.082612,0.086675,-0.567723,343.667,99.94958,3.123882,0,False,False
106.7957,0.888803,0.699574,-0.540153,58.09293,106.62,355.1044,0,0,0,0,0,0,1.082114,0.087303,-0.567721,343.5897,99.86077,3.305645,0,False,False
106.8068,0.888589,0.700488,-0.539919,58.02164,106.6966,355.1884,0,0,0,0,0,0,1.081525,0.087907,-0.567739,343.5625,99.74044,3.560663,0,False,False
106.8179,0.888393,0.701568,-0.539649,57.93442,106.7808,355.28,0,0,0,0,0,0,1.080734,0.088382,-0.567831,343.5323,99.58495,3.70675,0,False,False
106.8289,0.888197,0.702842,-0.539408,57.81825,106.8744,355.3859,0,0,0,0,0,0,1.079948,0.088976,-0.568034,343.5853,99.46767,3.801404,0,False,False
106.8401,0.887965,0.704282,-0.539131,57.71746,106.9645,355.4859,0,0,0,0,0,0,1.079053,0.08932,-0.568363,343.7737,99.37288,3.920449,0,False,False
106.8512,0.887683,0.70584,-0.53889,57.61063,107.0831,355.5979,0,0,0,0,0,0,1.078247,0.089735,-0.568721,343.9474,99.27929,4.085839,0,False,False
106.8623,0.887355,0.707708,-0.538604,57.51248,107.2359,355.7275,0,0,0,0,0,0,1.077159,0.090538,-0.569354,344.2059,99.23337,4.250774,0,False,False
106.8734,0.887011,0.70974,-0.538367,57.41806,107.3915,355.8535,0,0,0,0,0,0,1.076043,0.091083,-0.569905,344.3467,99.19167,4.291356,0,False,False
106.8868,0.886727,0.712238,-0.538155,57.33064,107.642,356.0298,0,0,0,0,0,0,1.0746,0.092219,-0.570685,344.5363,99.138,4.285933,0,False,False
106.8957,0.88639,0.714917,-0.537988,57.24344,107.925,356.2304,0,0,0,0,0,0,1.073107,0.093451,-0.571399,344.7536,99.07603,4.355206,0,False,False
106.9068,0.886114,0.717857,-0.537816,57.16074,108.2453,356.4544,0,0,0,0,0,0,1.071679,0.094611,-0.572185,345.0055,99.00225,4.534799,0,False,False
106.9178,0.88581,0.721211,-0.537633,57.06448,108.5846,356.665,0,0,0,0,0,0,1.069982,0.096279,-0.572938,345.2881,98.93945,4.754297,0,False,False
106.929,0.885547,0.72488,-0.537392,56.97869,108.9754,356.8884,0,0,0,0,0,0,1.068182,0.098009,-0.573673,345.5449,98.90903,4.915059,0,False,False
106.9401,0.885355,0.72895,-0.537126,56.89771,109.3888,357.1016,0,0,0,0,0,0,1.065532,0.100678,-0.574654,345.7099,99.02718,5.061965,0,False,False
106.9512,0.885202,0.733137,-0.536856,56.79237,109.8177,357.3217,0,0,0,0,0,0,1.063172,0.103139,-0.575679,345.8682,99.08923,5.221362,0,False,False
106.9622,0.885081,0.737781,-0.536516,56.68011,110.2193,357.5403,0,0,0,0,0,0,1.06053,0.105975,-0.576694,346.058,99.13224,5.355981,0,False,False
106.9735,0.884947,0.742525,-0.536137,56.55356,110.6211,357.7857,0,0,0,0,0,0,1.057904,0.108891,-0.577326,346.336,99.12798,5.461732,0,False,False
106.9846,0.884806,0.747745,-0.535663,56.45636,110.9979,358.0606,0,0,0,0,0,0,1.054825,0.112081,-0.577961,346.6842,99.06609,5.55589,0,False,False
106.9955,0.884619,0.753016,-0.535184,56.38029,111.314,358.3227,0,0,0,0,0,0,1.051571,0.115514,-0.578239,347.0299,98.93121,5.813488,0,False,False
107.0068,0.884403,0.758772,-0.534662,56.3561,111.5788,358.5771,0,0,0,0,0,0,1.048212,0.118975,-0.578782,347.3492,98.83662,5.979388,0,False,False
107.0178,0.884131,0.764813,-0.534009,56.34615,111.8154,358.8257,0,0,0,0,0,0,1.044557,0.12277,-0.579334,347.6419,98.7675,5.923744,0,False,False
107.0288,0.883844,0.770844,-0.533364,56.32264,112.0287,359.0247,0,0,0,0,0,0,1.040632,0.126939,-0.579891,347.9511,98.71945,6.031451,0,False,False
107.0401,0.88345,0.777399,-0.532671,56.27917,112.2087,359.1788,0,0,0,0,0,0,1.03653,0.131203,-0.580424,348.3142,98.67864,6.261349,0,False,False
107.0512,0.882979,0.783961,-0.53201,56.19589,112.3971,359.3044,0,0,0,0,0,0,1.032221,0.135457,-0.581092,348.7415,98.72238,6.375323,0,False,False
107.0623,0.882443,0.79088,-0.531329,56.06543,112.5995,359.4311,0,0,0,0,0,0,1.028025,0.139694,-0.5818,349.1228,98.77644,6.367616,0,False,False
107.0734,0.881809,0.797989,-0.530698,55.91752,112.8234,359.5724,0,0,0,0,0,0,1.023415,0.144229,-0.582498,349.5844,98.84309,6.351385,0,False,False
107.0846,0.881117,0.805166,-0.530112,55.76211,113.0199,359.7146,0,0,0,0,0,0,1.018486,0.148717,-0.58311,350.0676,98.87433,6.481063,0,False,False
107.0955,0.880284,0.812645,-0.529545,55.61346,113.1602,359.8183,0,0,0,0,0,0,1.013845,0.153181,-0.58353,350.5703,98.82699,6.674921,0,False,False
107.1067,0.879393,0.820138,-0.528926,55.46778,113.2571,359.8798,0,0,0,0,0,0,1.009023,0.157945,-0.584113,351.0522,98.77634,6.812308,0,False,False
107.1177,0.878338,0.827856,-0.528341,55.29034,113.2894,359.8871,0,0,0,0,0,0,1.003637,0.1633,-0.584589,351.4878,98.76347,6.758091,0,False,False
107.1288,0.877231,0.835527,-0.52778,55.12695,113.342,359.8987,0,0,0,0,0,0,0.99842,0.168451,-0.585144,351.9295,98.78868,6.735894,0,False,False
107.14,0.875947,0.843495,-0.527261,54.93239,113.4129,359.9092,0,0,0,0,0,0,0.99302,0.17402,-0.585831,352.3415,98.89112,6.75549,0,False,False
107.1511,0.874592,0.851545,-0.526771,54.74749,113.4904,359.9153,0,0,0,0,0,0,0.987722,0.179412,-0.58658,352.7327,99.07635,6.814873,0,False,False
107.1622,0.873181,0.859726,-0.526283,54.54977,113.5874,359.9282,0,0,0,0,0,0,0.982232,0.185015,-0.587215,353.1024,99.2504,6.905667,0,False,False
107.1733,0.871642,0.868087,-0.525897,54.35011,113.6788,359.9198,0,0,0,0,0,0,0.976543,0.191113,-0.588061,353.4726,99.44471,7.075123,0,False,False
107.1847,0.870009,0.876264,-0.525711,54.13055,113.8276,359.9382,0,0,0,0,0,0,0.970699,0.197001,-0.588975,353.9123,99.605,7.182756,0,False,False
107.1955,0.868244,0.884566,-0.525468,53.90143,114.0424,359.9588,0,0,0,0,0,0,0.965119,0.202932,-0.58972,354.332,99.70323,7.258404,0,False,False
107.2066,0.866434,0.893004,-0.525176,53.68571,114.2902,0.008137,0,0,0,0,0,0,0.959172,0.209144,-0.590059,354.7412,99.75236,7.389446,0,False,False
107.2177,0.864448,0.901465,-0.524819,53.49146,114.5823,0.086806,0,0,0,0,0,0,0.953216,0.215438,-0.590227,355.1482,99.79972,7.467517,0,False,False
107.2287,0.862449,0.909869,-0.524409,53.29419,114.8461,0.193031,0,0,0,0,0,0,0.947321,0.221546,-0.590517,355.5478,99.80375,7.441693,0,False,False
107.2399,0.860206,0.918332,-0.523919,53.0771,115.0525,0.31757,0,0,0,0,0,0,0.941067,0.227885,-0.59063,355.9259,99.81241,7.414305,0,False,False
107.2509,0.857795,0.926844,-0.523431,52.85834,115.2203,0.463071,0,0,0,0,0,0,0.934772,0.234348,-0.590918,356.305,99.82542,7.46235,0,False,False
107.2621,0.855305,0.935379,-0.522895,52.61357,115.3771,0.588026,0,0,0,0,0,0,0.928276,0.240752,-0.5912,356.7259,99.82461,7.492906,0,False,False
107.2734,0.852635,0.944024,-0.522433,52.37886,115.5222,0.716977,0,0,0,0,0,0,0.921765,0.247507,-0.591659,357.0797,99.83107,7.554407,0,False,False
107.2845,0.849926,0.95265,-0.521928,52.15866,115.7281,0.860546,0,0,0,0,0,0,0.915447,0.253785,-0.591969,357.4276,99.83437,7.725491,0,False,False
107.2955,0.847112,0.961407,-0.52144,51.97801,115.9231,0.984771,0,0,0,0,0,0,0.908589,0.260274,-0.592236,357.8145,99.79714,8.004905,0,False,False
107.3065,0.844162,0.970071,-0.520946,51.86059,116.1073,1.103509,0,0,0,0,0,0,0.90171,0.26704,-0.592633,358.269,99.79179,8.190954,0,False,False
107.3176,0.841082,0.978719,-0.520413,51.72724,116.2737,1.239214,0,0,0,0,0,0,0.894953,0.273395,-0.592856,358.666,99.83292,8.195592,0,False,False
107.3288,0.837804,0.987421,-0.519959,51.57659,116.4097,1.331273,0,0,0,0,0,0,0.88779,0.280441,-0.593368,358.9867,99.90412,8.308412,0,False,False
107.3399,0.834448,0.996275,-0.519494,51.35947,116.5724,1.444372,0,0,0,0,0,0,0.880716,0.287335,-0.593657,359.3421,99.97792,8.465706,0,False,False
107.351,0.831013,1.005161,-0.51901,51.12314,116.7517,1.573479,0,0,0,0,0,0,0.87343,0.294113,-0.593958,359.7526,100.0939,8.620522,0,False,False
107.3621,0.827542,1.014098,-0.518608,50.89888,116.9608,1.728209,0,0,0,0,0,0,0.866344,0.300772,-0.594362,0.237689,100.249,8.645253,0,False,False
107.3733,0.823802,1.023245,-0.518187,50.69428,117.1535,1.855838,0,0,0,0,0,0,0.858795,0.307524,-0.594878,0.755709,100.4506,8.572147,0,False,False
107.3842,0.819974,1.032256,-0.517784,50.49503,117.3336,1.98683,0,0,0,0,0,0,0.851173,0.314179,-0.595122,1.316173,100.6365,8.606389,0,False,False
107.3954,0.815962,1.041415,-0.517277,50.30534,117.5108,2.096844,0,0,0,0,0,0,0.843453,0.320737,-0.595354,1.894175,100.788,8.725322,0,False,False
107.4064,0.811832,1.050577,-0.516741,50.14124,117.7076,2.188833,0,0,0,0,0,0,0.835923,0.327088,-0.595441,2.565781,100.8785,8.878921,0,False,False
107.4176,0.807616,1.059831,-0.516246,49.95815,117.9401,2.273126,0,0,0,0,0,0,0.828168,0.333511,-0.595205,3.265839,100.9235,9.158185,0,False,False
107.4287,0.803291,1.069152,-0.515666,49.73525,118.2437,2.354538,0,0,0,0,0,0,0.820205,0.34038,-0.594752,3.759778,100.9897,9.332902,0,False,False
