time,ori_x,ori_y,ori_z,dir_x,dir_y,dir_z,gaze_x,gaze_y,gaze_z,gaze_object,pupil_l,pupil_r
62.18124,-0.001414,-0.00264,-0.020496,0.041504,0.069168,0.996735,-3.873725,0,0.494171,Ground,2.748795,2.625061
62.1926,-0.001414,-0.00264,-0.020496,0.041504,0.069168,0.996735,-3.872158,0,0.495399,Ground,2.748795,2.625061
62.20347,-0.000717,-0.002656,-0.02047,0.042877,0.069656,0.996643,-3.879881,0,0.504057,Ground,2.731735,2.611832
62.21453,-0.000117,-0.002666,-0.020438,0.043335,0.068634,0.996689,-3.870965,0,0.507861,Ground,2.70015,2.612045
62.22576,-0.000117,-0.002666,-0.020438,0.043335,0.068634,0.996689,-3.871924,0,0.511019,Ground,2.70015,2.612045
62.23688,0.000185,-0.002681,-0.020416,0.042831,0.070007,0.996613,-3.888519,0,0.514136,Ground,2.674591,2.610764
62.24793,0.000314,-0.002683,-0.02041,0.042847,0.069977,0.996613,-3.889639,0,0.517014,Ground,2.673431,2.610901
62.25895,0.000314,-0.002683,-0.02041,0.042847,0.069977,0.996613,-3.891892,0,0.520075,Ground,2.673431,2.610901
62.27015,0.000536,-0.00269,-0.020397,0.042801,0.070923,0.996552,-3.9016,0,0.523682,Ground,2.665405,2.61055
62.28119,0.000401,-0.002713,-0.020359,0.04277,0.072739,0.996429,-3.923638,0,0.529513,Ground,2.658905,2.600739
62.29236,-0.000564,-0.002704,-0.020377,0.042114,0.071777,0.996521,-3.911993,0,0.526999,Ground,2.658783,2.600098
62.30347,-0.000564,-0.002704,-0.020377,0.042114,0.071777,0.996521,-3.910711,0,0.528491,Ground,2.658783,2.600098
62.31454,-0.00093,-0.002701,-0.020383,0.041428,0.071213,0.996597,-3.906517,0,0.526119,Ground,2.647659,2.600098
62.32561,-0.001793,-0.002693,-0.020398,0.04068,0.07045,0.996674,-3.899937,0,0.523536,Ground,2.645706,2.581421
62.33689,-0.001793,-0.002693,-0.020398,0.04068,0.07045,0.996674,-3.900824,0,0.524966,Ground,2.645706,2.581421
62.34787,-0.001094,-0.002699,-0.020389,0.040939,0.069412,0.996735,-3.891293,0,0.525745,Ground,2.646957,2.574799
62.35889,0.000698,-0.002717,-0.020362,0.037369,0.069778,0.996857,-3.89651,0,0.512412,Ground,2.647049,2.574524
62.37013,0.000698,-0.002717,-0.020362,0.037369,0.069778,0.996857,-3.899578,0,0.513307,Ground,2.647049,2.574524
62.38125,0.000687,-0.002716,-0.020363,0.036469,0.069366,0.996918,-3.895592,0,0.509869,Ground,2.647247,2.570007
62.39239,0.00081,-0.002717,-0.020357,0.036255,0.068863,0.996964,-3.890433,0,0.509342,Ground,2.649887,2.574249
62.40341,0.001512,-0.002724,-0.020338,0.031952,0.067917,0.997177,-3.884325,0,0.490257,Ground,2.625031,2.575165
62.41445,0.001512,-0.002724,-0.020338,0.031952,0.067917,0.997177,-3.88244,0,0.4911,Ground,2.625031,2.575165
62.42567,0.001076,-0.00272,-0.020347,0.031769,0.067978,0.997177,-3.885624,0,0.491073,Ground,2.625031,2.57164
62.43676,-0.00006,-0.002681,-0.020436,0.02739,0.06839,0.997269,-3.892387,0,0.47456,Ground,2.65152,2.584671
62.44828,-0.001428,-0.002627,-0.020408,0.037003,0.078308,0.996231,-3.998816,0,0.530597,Ground,2.787766,2.610336
62.45903,-0.001428,-0.002627,-0.020408,0.037003,0.078308,0.996231,-3.997869,0,0.530949,Ground,2.787766,2.610336
62.47009,0.009852,-0.002573,-0.020364,0.03363,0.053604,0.997986,-3.737624,0,0.481189,Ground,2.600845,2.492279
62.48116,0,0,0,0,0,1,-99999,-99999,-99999,,3.742447,2.493607
62.49221,0,0,0,0,0,1,-99999,-99999,-99999,,3.742447,2.493607
62.50345,0,0,0,0,0,1,-99999,-99999,-99999,,4.227097,4.162094
62.51445,0,0,0,0,0,1,-99999,-99999,-99999,,-1,2.122253
62.52555,0,0,0,0,0,1,-99999,-99999,-99999,,-1,2.122253
62.53664,0,0,0,0,0,1,-99999,-99999,-99999,,-1,-1
62.54776,0,0,0,0,0,1,-99999,-99999,-99999,,-1,-1
62.55915,0,0,0,0,0,1,-99999,-99999,-99999,,-1,3.427841
62.57011,0,0,0,0,0,1,-99999,-99999,-99999,,-1,3.427841
62.58129,0,0,0,0,0,1,-99999,-99999,-99999,,-1,3.356415
62.59227,0,0,0,0,0,1,-99999,-99999,-99999,,4.203125,3.830368
62.60347,0,0,0,0,0,1,-99999,-99999,-99999,,4.203125,3.830368
62.61455,0,0,0,0,0,1,-99999,-99999,-99999,,1.962997,2.14975
62.62548,0.030429,-0.002696,-0.019893,-0.001511,0.00679,0.99997,-3.364199,0,0.292221,Ground,2.425812,2.56601
62.63675,0.030429,-0.002696,-0.019893,-0.001511,0.00679,0.99997,-3.365058,0,0.291774,Ground,2.425812,2.56601
62.64787,0.000314,-0.002426,-0.020568,0.0009,0.053528,0.99855,-3.800868,0,0.346521,Ground,2.438568,2.518845
62.65889,0.000283,-0.002402,-0.020569,0.005875,0.055832,0.998413,-3.825796,0,0.369081,Ground,2.67868,2.526749
62.67007,-0.029838,-0.002147,-0.021391,0.001022,0.070892,0.997482,-3.991199,0,0.365834,Ground,2.730988,2.53717
62.68108,-0.029838,-0.002147,-0.021391,0.001022,0.070892,0.997482,-3.996036,0,0.36587,Ground,2.730988,2.53717
62.6922,-0.015383,-0.002385,-0.020847,0.005478,0.063492,0.997955,-3.91408,0,0.374027,Ground,2.65744,2.623642
62.70321,0.004557,-0.002603,-0.020413,0.003601,0.066895,0.997742,-3.954089,0,0.369751,Ground,2.703384,2.577148
62.71431,0.004557,-0.002603,-0.020413,0.003601,0.066895,0.997742,-3.956972,0,0.368378,Ground,2.703384,2.577148
62.7256,0.005685,-0.002619,-0.020388,0.005936,0.064789,0.997879,-3.938531,0,0.374926,Ground,2.670013,2.575745
62.73665,0.001965,-0.002594,-0.020462,0.005966,0.061676,0.998077,-3.909294,0,0.369733,Ground,2.668427,2.575592
62.7477,0.001965,-0.002594,-0.020462,0.005966,0.061676,0.998077,-3.913687,0,0.369087,Ground,2.668427,2.575592
62.7588,0.000798,-0.002594,-0.020464,0.006653,0.062775,0.998001,-3.93324,0,0.371682,Ground,2.671768,2.575943
62.76994,0.001743,-0.002615,-0.020432,0.006805,0.061783,0.998062,-3.928225,0,0.370628,Ground,2.68544,2.588135
62.78094,0.000648,-0.002613,-0.020451,0.007339,0.060486,0.998138,-3.918284,0,0.370151,Ground,2.685394,2.590134
62.79215,0.000648,-0.002613,-0.020451,0.007339,0.060486,0.998138,-3.924797,0,0.36907,Ground,2.685394,2.590134
62.80337,0.000707,-0.00262,-0.020441,0.007416,0.060898,0.998108,-3.933829,0,0.36893,Ground,2.68718,2.594162
62.81439,0.000651,-0.00263,-0.020425,0.007629,0.059204,0.998215,-3.921146,0,0.367281,Ground,2.689285,2.590118
62.82554,0.000651,-0.00263,-0.020425,0.007629,0.059204,0.998215,-3.926737,0,0.366561,Ground,2.689285,2.590118
62.83648,0.000067,-0.002641,-0.020396,0.008743,0.05838,0.998245,-3.923851,0,0.370121,Ground,2.69014,2.599365
62.8477,0.003947,-0.00271,-0.020092,-0.017838,0.087265,0.996018,-4.279963,0,0.287365,Ground,2.74469,2.552124
62.85877,0.018927,-0.00318,-0.018818,-0.061249,0.094986,0.993591,-4.410721,0,0.096554,Ground,2.756866,2.579987
62.86999,0.018927,-0.00318,-0.018818,-0.061249,0.094986,0.993591,-4.414974,0,0.095259,Ground,2.756866,2.579987
62.88094,0.020196,-0.003203,-0.018807,-0.062759,0.096405,0.993347,-4.441017,0,0.088792,Ground,2.723801,2.610184
62.89218,0.018711,-0.003178,-0.018882,-0.060593,0.096359,0.993485,-4.441306,0,0.0979,Ground,2.707611,2.609909
62.90502,0.013483,-0.003089,-0.019108,-0.058395,0.094589,0.99379,-4.418693,0,0.106329,Ground,2.707993,2.628372
62.91434,0.013483,-0.003089,-0.019108,-0.058395,0.094589,0.99379,-4.418807,0,0.105836,Ground,2.707993,2.628372
62.92549,0.004521,-0.002933,-0.019529,-0.05629,0.094177,0.993958,-4.413726,0,0.11482,Ground,2.708832,2.618195
62.9365,0.001004,-0.002883,-0.019681,-0.055725,0.095093,0.993897,-4.424883,0,0.118228,Ground,2.708893,2.612885
62.94763,0.001004,-0.002883,-0.019681,-0.055725,0.095093,0.993897,-4.425163,0,0.11687,Ground,2.708893,2.612885
62.95868,-0.000479,-0.002865,-0.019756,-0.055252,0.095764,0.993866,-4.435409,0,0.11912,Ground,2.710648,2.622498
62.96984,-0.000828,-0.002854,-0.019788,-0.05484,0.095032,0.993958,-4.429431,0,0.11968,Ground,2.721436,2.612106
62.981,-0.000828,-0.002854,-0.019788,-0.05484,0.095032,0.993958,-4.431421,0,0.119052,Ground,2.721436,2.612106
62.99202,0.000069,-0.002871,-0.019761,-0.054718,0.094727,0.993988,-4.428042,0,0.118676,Ground,2.720688,2.614212
63.00316,-0.000414,-0.002862,-0.019789,-0.054138,0.09462,0.994034,-4.426126,0,0.120979,Ground,2.709183,2.607483
63.01432,-0.000165,-0.002866,-0.019783,-0.054169,0.094574,0.994034,-4.426292,0,0.120652,Ground,2.720078,2.607422
63.02532,-0.000165,-0.002866,-0.019783,-0.054169,0.094574,0.994034,-4.425307,0,0.119888,Ground,2.720078,2.607422
63.03654,0.000609,-0.002844,-0.019858,-0.053619,0.093231,0.994186,-4.406169,0,0.121931,Ground,2.702271,2.601761
63.0475,0.000647,-0.002837,-0.019879,-0.052887,0.092789,0.994278,-4.394135,0,0.124766,Ground,2.700867,2.576492
63.05868,0.000647,-0.002837,-0.019879,-0.052887,0.092789,0.994278,-4.389659,0,0.124966,Ground,2.700867,2.576492
63.06978,0.000569,-0.002835,-0.019885,-0.052856,0.092651,0.994293,-4.384054,0,0.12572,Ground,2.700989,2.57579
63.08084,-0.000161,-0.002811,-0.019949,-0.0522,0.092011,0.994385,-4.372949,0,0.128621,Ground,2.653122,2.561462
63.09201,-0.000161,-0.002811,-0.019949,-0.0522,0.092011,0.994385,-4.369231,0,0.128913,Ground,2.653122,2.561462
63.1031,0.000951,-0.002829,-0.019907,-0.051605,0.092239,0.994385,-4.369249,0,0.131625,Ground,2.644348,2.557587
63.11424,0.000992,-0.002829,-0.019903,-0.051559,0.091873,0.994431,-4.360048,0,0.132286,Ground,2.629578,2.54332
63.1254,0.0005,-0.00282,-0.019926,-0.051559,0.091324,0.994476,-4.35214,0,0.131638,Ground,2.619537,2.535461
63.13647,0.0005,-0.00282,-0.019926,-0.051559,0.091324,0.994476,-4.34903,0,0.13185,Ground,2.619537,2.535461
63.14764,0.000498,-0.002821,-0.019923,-0.050644,0.091217,0.994537,-4.347659,0,0.134997,Ground,2.608444,2.529327
63.15865,0.001106,-0.002832,-0.01989,-0.050964,0.091766,0.994461,-4.351308,0,0.133856,Ground,2.608841,2.525452
63.16974,0.001106,-0.002832,-0.01989,-0.050964,0.091766,0.994461,-4.350567,0,0.133328,Ground,2.608841,2.525452
63.18089,0.001986,-0.002849,-0.019836,-0.051147,0.091705,0.994461,-4.34775,0,0.131989,Ground,2.608948,2.525345
63.19194,0.004224,-0.002866,-0.019637,-0.054382,0.100143,0.993469,-4.460802,0,0.121259,Ground,2.597458,2.486649
63.20313,0.004224,-0.002866,-0.019637,-0.054382,0.100143,0.993469,-4.463271,0,0.119988,Ground,2.597458,2.486649
63.21433,0.007443,-0.002458,-0.019647,-0.081253,0.174667,0.981262,-5.793767,0,0.018809,Ground,2.592377,2.558655
63.22527,0.001362,-0.002294,-0.019788,-0.092911,0.196472,0.97609,-6.336096,0,-0.048642,Ground,2.522049,2.557526
63.23773,0.001286,-0.002225,-0.019972,-0.089645,0.211151,0.973328,-6.756835,0,-0.025233,Ground,2.571915,2.533295
63.24749,0.001286,-0.002225,-0.019972,-0.089645,0.211151,0.973328,-6.76114,0,-0.026704,Ground,2.571915,2.533295
63.25859,0.003755,-0.002303,-0.019726,-0.092438,0.207275,0.973892,-6.651859,0,-0.045948,Ground,2.577682,2.555695
63.26972,-0.004221,-0.002294,-0.019798,-0.095734,0.211014,0.972778,-6.772005,0,-0.070865,Ground,2.608994,2.530228
63.28077,-0.004221,-0.002294,-0.019798,-0.095734,0.211014,0.972778,-6.77624,0,-0.072747,Ground,2.608994,2.530228
63.29191,-0.006765,-0.002258,-0.019911,-0.095581,0.209824,0.973053,-6.74953,0,-0.073272,Ground,2.596512,2.529663
63.30323,0.001029,-0.002319,-0.019779,-0.097427,0.209595,0.972916,-6.765457,0,-0.087479,Ground,2.578079,2.529144
63.31434,0.001029,-0.002319,-0.019779,-0.097427,0.209595,0.972916,-6.787939,0,-0.088961,Ground,2.578079,2.529144
63.32544,0.00378,-0.002382,-0.019571,-0.099701,0.208862,0.972839,-6.826315,0,-0.106704,Ground,2.587891,2.546387
63.33634,0.015394,-0.00221,-0.019755,-0.078354,0.232147,0.969513,-7.702764,0,0.053931,Ground,2.571152,2.519241
63.34758,0.022474,-0.002462,-0.017943,-0.09964,0.326172,0.940033,-15.57214,0,-0.15744,Ground,2.629684,2.553879
63.35861,0.022474,-0.002462,-0.017943,-0.09964,0.326172,0.940033,-17.06421,0,-0.178906,Ground,2.629684,2.553879
63.36978,-0.029163,-0.001267,-0.020595,-0.060623,0.426468,0.902451,-99999,-99999,-99999,,-1,2.489868
63.38087,0.018377,0.000498,-0.025309,-0.010803,0.358551,0.933441,-99999,-99999,-99999,,2.439743,2.559021
63.39191,0.018377,0.000498,-0.025309,-0.010803,0.358551,0.933441,-99999,-99999,-99999,,2.439743,2.559021
63.40322,-0.004318,-0.001091,-0.019939,-0.069016,0.420471,0.904663,-99999,-99999,-99999,,2.799835,2.730377
63.41411,-0.005199,-0.001016,-0.020297,-0.064438,0.383926,0.921097,-99999,-99999,-99999,,2.701813,2.650909
63.42531,-0.005199,-0.001016,-0.020297,-0.064438,0.383926,0.921097,-99999,-99999,-99999,,2.701813,2.650909
63.4364,-0.010663,-0.001192,-0.02018,-0.06749,0.398651,0.914612,-99999,-99999,-99999,,2.671051,2.739243
63.44752,-0.006107,-0.001544,-0.019664,-0.060074,0.371735,0.926376,-99999,-99999,-99999,,2.670959,2.613022
63.45848,-0.012789,-0.001663,-0.01974,-0.05896,0.344513,0.93692,-99999,-99999,-99999,,2.702148,2.687897
63.4698,-0.012789,-0.001663,-0.01974,-0.05896,0.344513,0.93692,-99999,-99999,-99999,,2.702148,2.687897
63.48087,-0.00577,-0.002017,-0.019463,-0.059906,0.333313,0.940903,-99999,-99999,-99999,,2.705688,2.57399
63.4918,-0.016802,-0.002009,-0.019984,-0.055145,0.299652,0.952438,-99999,-99999,-99999,,2.693344,2.554749
63.50325,-0.016802,-0.002009,-0.019984,-0.055145,0.299652,0.952438,-99999,-99999,-99999,,2.693344,2.554749
63.51398,-0.012499,-0.002264,-0.019755,-0.051102,0.284683,0.957245,-99999,-99999,-99999,,2.690338,2.515625
63.52518,0.004232,-0.002671,-0.019053,-0.042236,0.274948,0.960526,-99999,-99999,-99999,,2.660126,2.487808
63.53626,0.004232,-0.002671,-0.019053,-0.042236,0.274948,0.960526,-99999,-99999,-99999,,2.660126,2.487808
63.54746,0.010515,-0.002737,-0.018952,-0.038452,0.267624,0.962738,-99999,-99999,-99999,,2.651459,2.50827
63.55844,0.005574,-0.002593,-0.019354,-0.031769,0.254181,0.966629,-99999,-99999,-99999,,2.620636,2.539597
63.56965,0.006987,-0.002616,-0.019363,-0.028259,0.235687,0.971405,-99999,-99999,-99999,,2.618622,2.569504
63.5808,0.006987,-0.002616,-0.019363,-0.028259,0.235687,0.971405,-99999,-99999,-99999,,2.618622,2.569504
63.59189,0.023236,-0.002788,-0.01894,-0.027283,0.218597,0.975418,-99999,-99999,-99999,,2.615021,2.565735
63.60285,0.027315,-0.0029,-0.018815,-0.027008,0.226242,0.973694,-99999,-99999,-99999,,2.632172,2.565018
63.61406,0.027315,-0.0029,-0.018815,-0.027008,0.226242,0.973694,-99999,-99999,-99999,,2.632172,2.565018
63.62601,0.022307,-0.002858,-0.018883,-0.023254,0.215454,0.976227,-99999,-99999,-99999,,2.646317,2.562576
63.63627,0.013898,-0.002763,-0.019091,-0.026764,0.210785,0.977158,-99999,-99999,-99999,,2.649475,2.559509
63.64738,0.013898,-0.002763,-0.019091,-0.026764,0.210785,0.977158,-99999,-99999,-99999,,2.649475,2.559509
63.65842,0.008145,-0.002704,-0.019227,-0.023758,0.209381,0.977539,-99999,-99999,-99999,,2.662827,2.578995
63.6695,0.004932,-0.002668,-0.019286,-0.022156,0.206894,0.978104,-99999,-99999,-99999,,2.670532,2.617722
63.68064,-0.000913,-0.002485,-0.019954,-0.015533,0.181107,0.983337,-99999,-99999,-99999,,2.73056,2.611771
63.69177,-0.000913,-0.002485,-0.019954,-0.015533,0.181107,0.983337,-39.81589,0,0.323455,Ground,2.73056,2.611771
63.7029,-0.015402,-0.002317,-0.020809,-0.044006,0.111771,0.992752,-12.94658,0,-0.396437,Ground,2.63649,2.510635
63.71394,0.018632,-0.003194,-0.019943,-0.102158,0.012451,0.994675,-6.603592,0,-0.689294,Ground,2.727646,2.71814
63.72519,0.001389,-0.003389,-0.020227,-0.154526,-0.049545,0.98674,-4.763803,0,-0.864503,Ground,2.826492,2.766403
63.7363,0.001389,-0.003389,-0.020227,-0.154526,-0.049545,0.98674,-4.352149,0,-0.886199,Ground,2.826492,2.766403
63.74732,0.001996,-0.003824,-0.02058,-0.179337,-0.102631,0.978409,-3.389123,0,-0.900919,Ground,2.7341,2.822128
63.75838,0.002253,-0.00436,-0.020228,-0.203156,-0.146225,0.968155,-2.768864,0,-0.924882,Ground,2.733856,2.89975
63.76962,0.002253,-0.00436,-0.020228,-0.203156,-0.146225,0.968155,-2.547936,0,-0.939445,Ground,2.733856,2.89975
63.78072,0.002116,-0.004801,-0.019331,-0.204926,-0.19989,0.958145,-2.088756,0,-0.874278,Ground,2.90094,2.720337
63.79182,-0.025042,-0.003551,-0.021334,-0.159073,-0.211166,0.964417,-1.922414,0,-0.756278,Ground,2.992966,2.648727
63.80275,-0.025042,-0.003551,-0.021334,-0.159073,-0.211166,0.964417,-1.780838,0,-0.767358,Ground,2.992966,2.648727
63.81401,-0.027261,-0.00349,-0.021505,-0.158264,-0.245285,0.956436,-1.541662,0,-0.731633,Ground,2.773178,2.789337
63.82511,-0.018997,-0.003816,-0.021245,-0.09494,-0.271378,0.957764,-1.400172,0,-0.579201,Ground,2.830994,2.809677
63.83616,-0.018222,-0.003942,-0.021179,-0.103241,-0.273819,0.956207,-1.279049,0,-0.592691,Ground,2.760025,2.792068
63.84734,-0.018222,-0.003942,-0.021179,-0.103241,-0.273819,0.956207,-1.167699,0,-0.584256,Ground,2.760025,2.792068
63.8583,0.011338,-0.004512,-0.020667,-0.048859,-0.279205,0.958969,-1.094498,0,-0.472493,Ground,2.765427,2.786896
63.86942,0.025543,-0.004901,-0.019926,-0.002411,-0.293137,0.956055,-1.013837,0,-0.376201,Ground,2.972229,2.74556
63.88058,0.025543,-0.004901,-0.019926,-0.002411,-0.293137,0.956055,-0.945151,0,-0.370131,Ground,2.972229,2.74556
63.89174,0.023529,-0.004825,-0.019893,0.032333,-0.299377,0.953583,-0.895867,0,-0.305795,Ground,3.02739,2.770432
63.90282,-0.016437,-0.004105,-0.021343,0.02153,-0.282517,0.959015,-0.87232,0,-0.333996,Ground,2.735352,2.708542
63.91411,-0.016437,-0.004105,-0.021343,0.02153,-0.282517,0.959015,-0.821836,0,-0.330123,Ground,2.735352,2.708542
63.925,-0.026604,-0.003948,-0.021507,0.046967,-0.292328,0.955154,-0.772812,0,-0.276721,Ground,2.723511,2.707565
63.93626,-0.023437,-0.004212,-0.021085,0.050049,-0.299622,0.952728,-0.718333,0,-0.257954,Ground,2.998672,2.855423
63.94719,-0.018784,-0.004388,-0.021258,0.073761,-0.323624,0.943298,-0.654394,0,-0.197611,Ground,3.062317,2.917496
63.95827,-0.018784,-0.004388,-0.021258,0.073761,-0.323624,0.943298,-0.626931,0,-0.191813,Ground,3.062317,2.917496
63.96954,-0.018961,-0.004332,-0.021536,0.078217,-0.33522,0.938873,-0.585861,0,-0.173086,Ground,2.944122,2.789856
63.98055,-0.023732,-0.004241,-0.02181,0.070496,-0.339996,0.937775,-0.554183,0,-0.179698,Ground,2.975998,2.797363
63.99174,-0.023732,-0.004241,-0.02181,0.070496,-0.339996,0.937775,-0.532594,0,-0.178483,Ground,2.975998,2.797363
64.00284,-0.025096,-0.008805,-0.018765,0.222336,0.337326,0.914734,-2.288795,0,-0.458049,Ground,2.963287,3.235641
64.01391,-0.021701,-0.004645,-0.021776,0.097321,-0.398087,0.912155,-0.41015,0,-0.094658,Ground,3.028351,2.738556
64.02525,-0.006978,-0.005131,-0.021314,0.125534,-0.436676,0.890808,-0.342403,0,-0.023407,Ground,2.9711,2.787674
64.0361,-0.006978,-0.005131,-0.021314,0.125534,-0.436676,0.890808,-0.320655,0,-0.018285,Ground,2.9711,2.787674
64.0473,-0.02437,-0.005233,-0.021762,0.085907,-0.445816,0.890976,-0.264026,0,-0.063674,Ground,2.821655,2.750549
64.0583,-0.024935,-0.005402,-0.021704,0.064346,-0.476807,0.876633,-0.185619,0,-0.068033,Ground,2.937653,2.696716
64.06941,-0.024935,-0.005402,-0.021704,0.064346,-0.476807,0.876633,-0.166916,0,-0.063514,Ground,2.937653,2.696716
64.08067,-0.026921,-0.005437,-0.021955,0.045319,-0.486359,0.872574,-0.123584,0,-0.077895,Ground,2.790268,2.689682
64.09155,-0.027064,-0.005484,-0.022164,0.014359,-0.503021,0.864136,-0.063111,0,-0.104314,Ground,2.68895,2.699677
64.10271,-0.027064,-0.005484,-0.022164,0.014359,-0.503021,0.864136,-0.0496,0,-0.100117,Ground,2.68895,2.699677
64.11398,-0.028258,-0.008943,-0.024905,0.07988,0.368149,0.926315,-1.737273,0,-0.643201,Ground,2.753601,2.89772
64.12511,-0.028882,-0.005351,-0.022012,0.008301,-0.473175,0.88092,-0.075904,0,-0.121584,Ground,2.781494,2.697083
64.13631,-0.027635,-0.005193,-0.021948,0.021591,-0.468185,0.883362,-0.087571,0,-0.104274,Ground,2.690491,2.665283
64.14734,-0.027635,-0.005193,-0.021948,0.021591,-0.468185,0.883362,-0.083818,0,-0.101586,Ground,2.690491,2.665283
64.15814,-0.0088,-0.005396,-0.021539,0.043076,-0.450943,0.891495,-0.120595,0,-0.080739,Ground,2.743393,2.529114
64.16934,0.023421,-0.005979,-0.020908,0.079514,-0.447525,0.890717,-0.143152,0,-0.02999,Ground,2.581085,2.744888
64.18063,0.02128,-0.00599,-0.02105,0.078308,-0.462006,0.883392,-0.118262,0,-0.020677,Ground,2.653229,2.665756
64.19164,0.02128,-0.00599,-0.02105,0.078308,-0.462006,0.883392,-0.116991,0,-0.018253,Ground,2.653229,2.665756
64.20275,-0.015551,-0.005479,-0.021702,0.035141,-0.451553,0.891541,-0.10794,0,-0.082395,Ground,2.78476,2.580307
64.21378,-0.027105,-0.005723,-0.021428,0.018921,-0.469086,0.882935,-0.069283,0,-0.09068,Ground,2.652252,2.721771
64.22485,-0.027105,-0.005723,-0.021428,0.018921,-0.469086,0.882935,-0.066332,0,-0.088285,Ground,2.652252,2.721771
64.23606,-0.026717,-0.005792,-0.021494,0.016754,-0.456314,0.889648,-0.082458,0,-0.097357,Ground,2.630829,2.666367
64.24711,-0.024674,-0.005829,-0.021627,0.016068,-0.449341,0.893204,-0.090603,0,-0.102031,Ground,2.66069,2.630966
64.25819,-0.024674,-0.005829,-0.021627,0.016068,-0.449341,0.893204,-0.088748,0,-0.10155,Ground,2.66069,2.630966
64.26936,-0.025244,-0.005815,-0.021667,0.014801,-0.448242,0.893784,-0.087905,0,-0.103394,Ground,2.650482,2.661285
64.28042,-0.026674,-0.005787,-0.021597,0.014648,-0.451889,0.891937,-0.080798,0,-0.100874,Ground,2.669739,2.665344
64.29155,-0.019979,-0.00592,-0.02149,0.021667,-0.455185,0.890122,-0.079412,0,-0.089155,Ground,2.669495,2.705124
64.30268,-0.019979,-0.00592,-0.02149,0.021667,-0.455185,0.890122,-0.08014,0,-0.089559,Ground,2.669495,2.705124
64.31375,-0.019416,-0.005928,-0.021484,0.020615,-0.454529,0.890488,-0.083583,0,-0.09289,Ground,2.65033,2.720581
64.32494,-0.021719,-0.005876,-0.021616,0.019318,-0.448547,0.893539,-0.097276,0,-0.10076,Ground,2.669479,2.717087
64.33592,-0.021719,-0.005876,-0.021616,0.019318,-0.448547,0.893539,-0.106379,0,-0.105604,Ground,2.669479,2.717087
64.34708,-0.012368,-0.005669,-0.021101,0.020386,-0.415176,0.9095,-0.172562,0,-0.134003,Ground,2.769745,2.614822
64.35815,0.01697,-0.005077,-0.021075,-0.053146,-0.297028,0.953384,-0.320927,0,-0.32517,Ground,2.434113,2.412674
64.3693,0.01697,-0.005077,-0.021075,-0.053146,-0.297028,0.953384,-0.34785,0,-0.346868,Ground,2.434113,2.412674
64.38039,0.002007,-0.003096,-0.021814,-0.131714,-0.07457,0.988464,-0.664679,0,-0.664357,Ground,2.591873,1.806778
64.39152,0.002189,-0.002631,-0.022249,-0.210831,-0.12178,0.969894,-0.570314,0,-0.789061,Ground,1.970444,2.047775
64.4026,0.002367,-0.003489,-0.021894,-0.121353,-0.045959,0.991531,-0.816475,0,-0.772154,Ground,2.566422,3.705765
64.41452,0.002367,-0.003489,-0.021894,-0.121353,-0.045959,0.991531,-0.877267,0,-0.835395,Ground,2.566422,3.705765
64.42474,0,0,0,0,0,1,-99999,-99999,-99999,,2.768127,4.105286
64.43589,0,0,0,0,0,1,-99999,-99999,-99999,,-1,-1
64.44706,0,0,0,0,0,1,-99999,-99999,-99999,,-1,-1
64.45821,0.0324,-0.006769,-0.013641,-0.538513,0.342316,0.769943,-2.001802,0,-4.730769,Ground,3.267502,-1
64.46917,0,0,0,0,0,1,-99999,-99999,-99999,,-1,-1
64.48054,0,0,0,0,0,1,-99999,-99999,-99999,,-1,-1
64.49151,0.033746,-0.005219,-0.0208,-0.439789,0.351242,0.826553,-2.549591,0,-5.389247,Ground,3.159088,-1
64.50254,0.03404,-0.004685,-0.022338,-0.448685,0.331787,0.829804,-2.427936,0,-5.700651,Ground,2.827911,3.340256
64.51369,0.034067,-0.004877,-0.020875,-0.489059,0.39978,0.775238,-3.94423,0,-11.06484,Ground,3.107208,2.663437
64.5248,0.034067,-0.004877,-0.020875,-0.489059,0.39978,0.775238,-4.533919,0,-13.96174,Ground,3.107208,2.663437
64.53584,0.034034,-0.004823,-0.020071,-0.503235,0.440033,0.743698,-99999,-99999,-99999,,3.171387,-1
64.54693,0.034167,-0.002836,-0.024193,-0.463028,0.339798,0.818604,-3.232446,0,-11.33242,Ground,2.850662,-1
64.55807,0.034167,-0.002836,-0.024193,-0.463028,0.339798,0.818604,-3.502336,0,-13.72873,Ground,2.850662,-1
64.56929,0.034267,-0.001787,-0.026388,-0.414566,0.342911,0.842926,-4.114615,0,-14.59074,Ground,2.890015,-1
64.58027,0.034261,-0.001582,-0.026794,-0.409424,0.327438,0.851547,-3.894588,0,-15.16391,Ground,2.704315,-1
64.5915,0.034261,-0.001582,-0.026794,-0.409424,0.327438,0.851547,-4.451759,0,-19.47472,Ground,2.704315,-1
64.60249,0.034092,-0.001581,-0.026267,-0.418335,0.332901,0.845078,-6.179274,0,-32.20558,Ground,2.706696,-1
64.61369,0.033781,-0.0015,-0.02604,-0.395706,0.370621,0.840256,-99999,-99999,-99999,,2.703308,-1
64.62478,0.033781,-0.0015,-0.02604,-0.395706,0.370621,0.840256,-99999,-99999,-99999,,2.703308,-1
64.63585,0.033389,-0.002168,-0.023765,-0.356201,0.400833,0.844055,-99999,-99999,-99999,,2.751114,-1
64.64699,0.032874,-0.003676,-0.01982,-0.35585,0.439529,0.824722,-99999,-99999,-99999,,2.852219,-1
64.65807,-0.016521,-0.003748,-0.017283,-0.424515,0.514938,0.744705,-99999,-99999,-99999,,2.446182,3.050797
64.66918,-0.016521,-0.003748,-0.017283,-0.424515,0.514938,0.744705,-99999,-99999,-99999,,2.446182,3.050797
64.68021,0.029694,-0.002988,-0.022054,-0.253983,0.353912,0.900116,-99999,-99999,-99999,,2.628082,2.805054
64.69146,0.030767,-0.002636,-0.023088,-0.218231,0.325745,0.919907,-99999,-99999,-99999,,2.57399,2.718933
64.70244,0.03187,-0.001772,-0.025293,-0.161774,0.263672,0.950943,-99999,-99999,-99999,,2.555695,2.708817
64.71366,0.03187,-0.001772,-0.025293,-0.161774,0.263672,0.950943,-99999,-99999,-99999,,2.555695,2.708817
64.72477,0.031736,-0.001422,-0.025625,-0.120987,0.226669,0.966415,-99999,-99999,-99999,,2.538223,2.735519
64.73578,0.031375,-0.000624,-0.027145,-0.069138,0.191086,0.979126,-99999,-99999,-99999,,2.505417,2.67189
64.74697,0.031375,-0.000624,-0.027145,-0.069138,0.191086,0.979126,-99999,-99999,-99999,,2.505417,2.67189
64.75799,0.020855,-0.00055,-0.026624,-0.067093,0.209992,0.975388,-99999,-99999,-99999,,2.479752,2.612183
64.76901,-0.024292,-0.001666,-0.022455,-0.179321,0.279907,0.943115,-99999,-99999,-99999,,2.566315,2.692291
64.78021,-0.027918,-0.002232,-0.021292,-0.174789,0.294952,0.939377,-99999,-99999,-99999,,2.510635,2.623245
64.79146,-0.027918,-0.002232,-0.021292,-0.174789,0.294952,0.939377,-99999,-99999,-99999,,2.510635,2.623245
64.80235,0.015895,-0.000956,-0.025318,-0.062317,0.194077,0.979004,-99999,-99999,-99999,,2.44252,2.636353
64.81352,0.029908,-0.003803,-0.017108,-0.132858,0.26384,0.955368,-99999,-99999,-99999,,2.79129,2.642456
64.82472,0.029908,-0.003803,-0.017108,-0.132858,0.26384,0.955368,-99999,-99999,-99999,,2.79129,2.642456
64.83573,0.029899,-0.004072,-0.016478,-0.137985,0.283218,0.949066,-99999,-99999,-99999,,2.827438,2.690048
64.84686,0.029638,-0.003482,-0.018126,-0.080353,0.236679,0.968247,-99999,-99999,-99999,,2.901062,2.636246
64.85787,0.028077,-0.003512,-0.018087,-0.065201,0.220245,0.973251,-99999,-99999,-99999,,2.793869,2.660049
64.86913,0.028077,-0.003512,-0.018087,-0.065201,0.220245,0.973251,-99999,-99999,-99999,,2.793869,2.660049
64.88024,0.014941,-0.003235,-0.018904,-0.039108,0.213837,0.976074,-99999,-99999,-99999,,2.915848,2.674088
64.89132,-0.008798,-0.002722,-0.020341,-0.01355,0.182312,0.983139,-99999,-99999,-99999,,2.834763,2.663956
64.9024,-0.008798,-0.002722,-0.020341,-0.01355,0.182312,0.983139,-99999,-99999,-99999,,2.834763,2.663956
64.91358,-0.015046,-0.002297,-0.021591,-0.082489,0.136871,0.987137,-99999,-99999,-99999,,2.69313,2.66954
64.92467,-0.008844,-0.002614,-0.020721,-0.091049,0.130798,0.987213,-99999,-99999,-99999,,2.727127,2.651489
64.93568,-0.008844,-0.002614,-0.020721,-0.091049,0.130798,0.987213,-99999,-99999,-99999,,2.727127,2.651489
64.94679,0.010526,-0.002789,-0.020511,-0.061798,0.116104,0.991303,-99999,-99999,-99999,,2.712799,2.647354
64.95798,0.021794,-0.002863,-0.020321,-0.05484,0.112686,0.992111,-99999,-99999,-99999,,2.770096,2.723373
64.96896,0.021794,-0.002863,-0.020321,-0.05484,0.112686,0.992111,-99999,-99999,-99999,,2.770096,2.723373
64.98013,0.029174,-0.002873,-0.020307,-0.04541,0.107864,0.993118,-99999,-99999,-99999,,2.801468,2.726074
64.9915,0.029616,-0.002813,-0.020519,-0.033356,0.099808,0.994446,-99999,-99999,-99999,,2.816223,2.685013
65.00247,0.024921,-0.002742,-0.0208,-0.020035,0.093277,0.995422,-99999,-99999,-99999,,2.820511,2.679367
65.01348,0.024921,-0.002742,-0.0208,-0.020035,0.093277,0.995422,-99999,-99999,-99999,,2.820511,2.679367
65.02475,0.009178,-0.002682,-0.021125,-0.013916,0.093475,0.995514,-99999,-99999,-99999,,2.805115,2.674042
65.03563,0.003786,-0.002601,-0.02135,-0.011597,0.086609,0.99617,-99999,-99999,-99999,,2.799316,2.648972
65.04675,0.003786,-0.002601,-0.02135,-0.011597,0.086609,0.99617,-99999,-99999,-99999,,2.799316,2.648972
65.05797,0.006917,-0.00267,-0.021124,0.013977,0.077652,0.996872,-99999,-99999,-99999,,2.779495,2.665161
65.06892,-0.002535,-0.002652,-0.021279,0.022339,0.06427,0.997681,-99999,-99999,-99999,,2.796082,2.594238
65.08018,-0.002535,-0.002652,-0.021279,0.022339,0.06427,0.997681,-99999,-99999,-99999,,2.796082,2.594238
65.09122,-0.00566,-0.002736,-0.021198,0.0354,0.059586,0.997589,-99999,-99999,-99999,,2.794083,2.673782
65.10223,0.003828,-0.002783,-0.021054,0.039856,0.061401,0.997315,-99999,-99999,-99999,,2.800949,2.716278
65.11359,0.013927,-0.002873,-0.02071,0.048798,0.053345,0.997376,-99999,-99999,-99999,,2.801865,2.648422
65.12449,0.013927,-0.002873,-0.02071,0.048798,0.053345,0.997376,-99999,-99999,-99999,,2.801865,2.648422
65.13554,0.020034,-0.003027,-0.020363,0.054977,0.0616,0.996582,-99999,-99999,-99999,,2.826324,2.625137
65.14674,0.01799,-0.00302,-0.020375,0.057663,0.064468,0.996246,-99999,-99999,-99999,,2.838989,2.665237
65.15794,0.01799,-0.00302,-0.020375,0.057663,0.064468,0.996246,-99999,-99999,-99999,,2.838989,2.665237
65.16908,0.021795,-0.002929,-0.0202,0.045441,0.077911,0.995911,-99999,-99999,-99999,,2.810913,2.737747
65.18025,0.02229,-0.002875,-0.020066,0.025635,0.082947,0.996216,-99999,-99999,-99999,,2.924866,2.726807
65.19129,0.02229,-0.002875,-0.020066,0.025635,0.082947,0.996216,-99999,-99999,-99999,,2.924866,2.726807
65.20233,0.019916,-0.00294,-0.019945,0.029953,0.092499,0.995255,-99999,-99999,-99999,,2.949524,2.710037
65.21343,0.013235,-0.002866,-0.020106,0.033936,0.091583,0.995209,-99999,-99999,-99999,,2.950851,2.71138
65.22452,0.003536,-0.002733,-0.020411,0.034958,0.089188,0.995392,-99999,-99999,-99999,,2.950821,2.712234
65.23569,0.003536,-0.002733,-0.020411,0.034958,0.089188,0.995392,-99999,-99999,-99999,,2.950821,2.712234
65.24664,0.003549,-0.002761,-0.020375,0.041138,0.090652,0.995026,-99999,-99999,-99999,,2.935257,2.694061
65.25779,0.000882,-0.002568,-0.020528,0.038467,0.089447,0.995239,-99999,-99999,-99999,,2.930954,2.791916
65.26894,0.000882,-0.002568,-0.020528,0.038467,0.089447,0.995239,-99999,-99999,-99999,,2.930954,2.791916
65.27997,-0.004528,-0.002445,-0.02076,0.052032,0.081207,0.995331,-99999,-99999,-99999,,2.977951,2.66925
65.29127,-0.011995,-0.002232,-0.021626,0.093048,0.073822,0.99292,-99999,-99999,-99999,,2.862869,2.68779
65.30219,-0.011995,-0.002232,-0.021626,0.093048,0.073822,0.99292,-99999,-99999,-99999,,2.862869,2.68779
65.31338,-0.022779,-0.002325,-0.021766,0.152374,0.085175,0.984634,-99999,-99999,-99999,,2.984894,2.731247
65.32449,-0.024167,-0.002398,-0.021275,0.154907,0.081696,0.984543,-99999,-99999,-99999,,3.018463,2.72406
65.33546,-0.023203,-0.002336,-0.021427,0.141815,0.083099,0.986389,-99999,-99999,-99999,,3.007339,2.771667
65.34666,-0.023203,-0.002336,-0.021427,0.141815,0.083099,0.986389,-99999,-99999,-99999,,3.007339,2.771667
65.35766,-0.020412,-0.002433,-0.021186,0.143387,0.082596,0.986206,-99999,-99999,-99999,,3.038025,2.776855
65.36885,-0.009318,-0.002748,-0.020472,0.151489,0.09169,0.984192,-99999,-99999,-99999,,3.030823,2.780869
65.38001,-0.009318,-0.002748,-0.020472,0.151489,0.09169,0.984192,-99999,-99999,-99999,,3.030823,2.780869
65.39125,-0.004699,-0.002826,-0.020221,0.153168,0.089035,0.984177,-99999,-99999,-99999,,2.949936,2.774689
65.40211,-0.003643,-0.002828,-0.020153,0.154343,0.08931,0.983963,-99999,-99999,-99999,,2.943695,2.775269
65.41322,-0.008033,-0.002736,-0.020405,0.152298,0.089401,0.984268,-99999,-99999,-99999,,3.027466,2.777878
65.4245,-0.008033,-0.002736,-0.020405,0.152298,0.089401,0.984268,-99999,-99999,-99999,,3.027466,2.777878
65.43549,-0.008803,-0.002717,-0.020441,0.152069,0.089081,0.984345,-99999,-99999,-99999,,3.014404,2.779068
65.44668,-0.003378,-0.002812,-0.020152,0.15361,0.090561,0.983963,-99999,-99999,-99999,,3.012314,2.780014
65.45775,-0.003378,-0.002812,-0.020152,0.15361,0.090561,0.983963,-99999,-99999,-99999,,3.012314,2.780014
65.46889,-0.001012,-0.00285,-0.020052,0.154724,0.092514,0.983612,-99999,-99999,-99999,,3.01178,2.781082
65.47993,-0.000192,-0.002865,-0.02002,0.153458,0.095276,0.983536,-99999,-99999,-99999,,3.01178,2.781555
65.49104,-0.001919,-0.002831,-0.020117,0.151535,0.096848,0.983688,-99999,-99999,-99999,,3.011429,2.788345
65.50219,-0.001919,-0.002831,-0.020117,0.151535,0.096848,0.983688,-99999,-99999,-99999,,3.011429,2.788345
65.51323,-0.001125,-0.002833,-0.020083,0.151642,0.09642,0.983719,-99999,-99999,-99999,,3.012421,2.789017
65.52441,0.000292,-0.002829,-0.02007,0.151871,0.095596,0.983765,-99999,-99999,-99999,,3.011719,2.808716
65.5354,0.000292,-0.002829,-0.02007,0.151871,0.095596,0.983765,-99999,-99999,-99999,,3.011719,2.808716
65.54662,0.001143,-0.002825,-0.020046,0.152054,0.095642,0.983719,-99999,-99999,-99999,,2.983246,2.808868
65.55785,0.000871,-0.002849,-0.020004,0.152191,0.099533,0.983322,-99999,-99999,-99999,,2.975845,2.792236
65.56879,0.000871,-0.002849,-0.020004,0.152191,0.099533,0.983322,-99999,-99999,-99999,,2.975845,2.792236
65.58006,0.000346,-0.002841,-0.02002,0.152618,0.097595,0.983444,-99999,-99999,-99999,,2.970352,2.830246
65.59111,0.000254,-0.002842,-0.020003,0.152756,0.09906,0.983276,-99999,-99999,-99999,,2.959183,2.840073
65.6021,-0.0017,-0.002793,-0.020146,0.14859,0.102646,0.983551,-99999,-99999,-99999,,2.9702,2.839142
65.61319,-0.0017,-0.002793,-0.020146,0.14859,0.102646,0.983551,-99999,-99999,-99999,,2.9702,2.839142
65.62444,-0.003331,-0.002751,-0.020273,0.144608,0.103577,0.984039,-99999,-99999,-99999,,2.96022,2.836853
65.63535,-0.006084,-0.002638,-0.020537,0.140213,0.110382,0.983948,-99999,-99999,-99999,,2.945709,2.849716
65.64663,-0.006084,-0.002638,-0.020537,0.140213,0.110382,0.983948,-99999,-99999,-99999,,2.945709,2.849716
65.65764,-0.011592,-0.002399,-0.020879,0.130798,0.122589,0.983795,-99999,-99999,-99999,,2.968811,2.768097
65.66866,-0.002797,-0.002843,-0.020157,0.140701,0.082611,0.986588,-99999,-99999,-99999,,3.106979,2.822632
65.67977,-0.011348,-0.003119,-0.020044,0.131302,-0.003159,0.991333,-99999,-99999,-99999,,3.071747,2.828369
65.69105,-0.011348,-0.003119,-0.020044,0.131302,-0.003159,0.991333,-99999,-99999,-99999,,3.071747,2.828369
65.70197,-0.024053,-0.003436,-0.019622,0.150681,-0.075256,0.985703,-99999,-99999,-99999,,3.085129,3.009201
65.71313,-0.026364,-0.003442,-0.019951,0.152634,-0.076324,0.985321,-99999,-99999,-99999,,3.076599,2.812424
65.72453,-0.026364,-0.003442,-0.019951,0.152634,-0.076324,0.985321,-99999,-99999,-99999,,3.076599,2.812424
65.73553,-0.023688,-0.003647,-0.019917,0.132721,-0.14328,0.980728,-99999,-99999,-99999,,3.129135,2.840668
65.74673,-0.017965,-0.003677,-0.020173,0.1259,-0.149216,0.980743,-99999,-99999,-99999,,3.081543,2.873184
65.75777,-0.00982,-0.003682,-0.020216,0.1297,-0.148529,0.980362,-99999,-99999,-99999,,3.149536,2.808044
65.76861,-0.00982,-0.003682,-0.020216,0.1297,-0.148529,0.980362,-99999,-99999,-99999,,3.149536,2.808044
65.77986,-0.008089,-0.00365,-0.020216,0.11998,-0.149384,0.981461,-99999,-99999,-99999,,2.985291,2.871658
65.79083,-0.028709,-0.00352,-0.020365,0.110397,-0.137711,0.984283,-99999,-99999,-99999,,2.984985,2.962906
65.80201,-0.028709,-0.00352,-0.020365,0.110397,-0.137711,0.984283,-99999,-99999,-99999,,2.984985,2.962906
65.81327,-0.02994,-0.003544,-0.020227,0.108612,-0.12825,0.985764,-99999,-99999,-99999,,2.988419,2.836243
65.82423,-0.029954,-0.003547,-0.020189,0.107422,-0.115692,0.987457,-99999,-99999,-99999,,3.092834,2.802246
65.83527,-0.02876,-0.003516,-0.020139,0.103775,-0.104782,0.989059,-99999,-99999,-99999,,3.173157,2.861755
65.84653,-0.02876,-0.003516,-0.020139,0.103775,-0.104782,0.989059,-99999,-99999,-99999,,3.173157,2.861755
65.85751,0.000568,-0.003563,-0.020077,0.10109,-0.103699,0.989456,-99999,-99999,-99999,,3.151871,2.941727
65.8686,0.021674,-0.003547,-0.020281,0.097153,-0.113983,0.988709,-99999,-99999,-99999,,3.15332,2.783783
65.87974,0.021674,-0.003547,-0.020281,0.097153,-0.113983,0.988709,-99999,-99999,-99999,,3.15332,2.783783
65.89095,0.02465,-0.003607,-0.01988,0.094086,-0.09967,0.990555,-99999,-99999,-99999,,3.036682,2.878448
65.90188,0.010785,-0.003535,-0.019923,0.091461,-0.089905,0.99173,-99999,-99999,-99999,,3.085876,2.931
65.9131,0.010785,-0.003535,-0.019923,0.091461,-0.089905,0.99173,-99999,-99999,-99999,,3.085876,2.931
65.92432,-0.008602,-0.003416,-0.020071,0.078049,-0.077942,0.993897,-99999,-99999,-99999,,3.083755,2.925064
65.93523,-0.021378,-0.003422,-0.019854,0.073227,-0.073135,0.994614,-99999,-99999,-99999,,3.081253,2.892792
65.94669,-0.025963,-0.003427,-0.019763,0.074341,-0.061066,0.995346,-99999,-99999,-99999,,3.08165,2.980957
65.95748,-0.025963,-0.003427,-0.019763,0.074341,-0.061066,0.995346,-99999,-99999,-99999,,3.08165,2.980957
65.96854,-0.02387,-0.003213,-0.020419,0.062408,-0.061401,0.996155,-99999,-99999,-99999,,3.084671,2.969666
65.97975,-0.012965,-0.003272,-0.020299,0.062653,-0.060196,0.996216,-99999,-99999,-99999,,3.085754,2.971893
65.9909,-0.012965,-0.003272,-0.020299,0.062653,-0.060196,0.996216,-99999,-99999,-99999,,3.085754,2.971893
66.00193,0.015139,-0.003434,-0.01998,0.062164,-0.059952,0.996262,-0.281105,1.006051,-1.809999,O02_NorthWall,3.090118,2.983047
66.04572,0.019623,-0.003426,-0.019968,0.060638,-0.057388,0.996506,-0.285152,0.98934,-1.809999,O02_NorthWall,3.094788,2.987564
66.0513,0.019623,-0.003426,-0.019968,0.060638,-0.057388,0.996506,-0.286919,0.981111,-1.809999,O02_NorthWall,3.094788,2.987564
66.05623,0.016577,-0.003379,-0.020013,0.057541,-0.059311,0.996567,-0.283591,0.969332,-1.809999,O02_NorthWall,3.099213,2.988464
66.0638,0.016577,-0.003379,-0.020013,0.057541,-0.059311,0.996567,-0.284114,0.958826,-1.809999,O02_NorthWall,3.099213,2.988464
66.07491,0.009984,-0.003313,-0.020104,0.058884,-0.04924,0.99704,-0.28563,0.966883,-1.809999,O02_NorthWall,3.09996,2.989792
66.08604,0.009984,-0.003313,-0.020104,0.058884,-0.04924,0.99704,-0.284648,0.95519,-1.809999,O02_NorthWall,3.09996,2.989792
66.09715,0.005942,-0.003275,-0.020263,0.03952,-0.059143,0.997452,-0.248032,0.92534,-1.809999,O02_NorthWall,3.138641,2.969513
66.10816,0.029178,-0.003901,-0.019275,-0.032822,-0.094757,0.994949,-0.113178,0.893919,-1.703204,O02_G01_01,3.078125,2.882782
66.11922,0.030321,-0.00396,-0.019418,-0.053238,-0.105072,0.993027,-0.074534,0.869564,-1.69207,O02_G01_01,3.084045,2.737839
66.13052,0.030321,-0.00396,-0.019418,-0.053238,-0.105072,0.993027,-0.070641,0.863371,-1.684748,O02_G01_01,3.084045,2.737839
66.14162,0.030545,-0.004065,-0.019164,-0.062286,-0.129684,0.989594,-0.050656,0.817369,-1.662781,O02_G01_01,2.995178,2.905182
66.15269,0.030242,-0.004027,-0.019232,-0.06105,-0.124115,0.990372,-0.048154,0.817442,-1.662781,O02_G01_01,2.984299,2.852432
66.16376,0.030242,-0.004027,-0.019232,-0.06105,-0.124115,0.990372,-0.043276,0.806885,-1.658287,O02_G01_01,2.984299,2.852432
66.17478,0.019518,-0.003817,-0.019722,-0.061935,-0.113892,0.991547,-0.037161,0.810729,-1.662781,O02_G01_01,2.904373,2.716309
66.18601,-0.008354,-0.003391,-0.020655,-0.070694,-0.099869,0.992477,-0.018028,0.824138,-1.662781,O02_G01_01,2.906097,2.76178
66.19706,-0.008354,-0.003391,-0.020655,-0.070694,-0.099869,0.992477,-0.013493,0.811483,-1.662781,O02_G01_01,2.906097,2.76178
66.20811,0.005049,-0.003562,-0.020195,-0.06572,-0.099411,0.992859,-0.017531,0.804619,-1.655459,O02_G01_01,2.889328,2.673172
66.21938,0.013682,-0.00371,-0.019782,-0.057358,-0.095795,0.993744,-0.02724,0.801113,-1.655459,O02_G01_01,2.888443,2.733139
66.2304,0.013682,-0.00371,-0.019782,-0.057358,-0.095795,0.993744,-0.023377,0.791387,-1.655459,O02_G01_01,2.888443,2.733139
66.24156,0.010942,-0.003658,-0.019923,-0.05629,-0.08786,0.994537,-0.02155,0.795882,-1.655459,O02_G01_01,2.887772,2.712234
66.25258,0.009333,-0.00359,-0.020028,-0.048691,-0.077332,0.995804,-0.031253,0.805203,-1.655459,O02_G01_01,2.886841,2.741562
66.26356,0.014122,-0.003572,-0.020005,-0.045212,-0.077057,0.995987,-0.034025,0.795229,-1.655459,O02_G01_01,2.838272,2.643127
66.27483,0.014122,-0.003572,-0.020005,-0.045212,-0.077057,0.995987,-0.032125,0.788746,-1.648137,O02_G01_01,2.838272,2.643127
66.28594,0.008247,-0.003536,-0.020009,-0.043564,-0.074112,0.996292,-0.032782,0.783199,-1.648137,O02_G01_01,2.794662,2.740326
66.29704,0.01395,-0.003991,-0.019861,-0.064102,-0.170242,0.983307,0.009912,0.5907,-1.62617,O02_G01_01,2.719238,2.537354
66.30814,0.024123,-0.004286,-0.019538,-0.058716,-0.228333,0.971802,-0.00485,0.60084,-1.430169,O02_L01_04,2.767807,2.652756
66.31908,0.024123,-0.004286,-0.019538,-0.058716,-0.228333,0.971802,-0.003225,0.600348,-1.41613,O02_L01_04,2.767807,2.652756
66.33034,0.022391,-0.004336,-0.019281,-0.07756,-0.221451,0.972076,0.028586,0.600792,-1.420968,O02_L01_04,2.766327,2.661896
66.34133,0.013047,-0.004127,-0.01974,-0.083618,-0.211197,0.973846,0.041194,0.601412,-1.435201,O02_L01_04,2.69339,2.587372
66.35249,0.013047,-0.004127,-0.01974,-0.083618,-0.211197,0.973846,0.042453,0.601032,-1.424365,O02_L01_04,2.69339,2.587372
66.3636,-0.015542,-0.003629,-0.020975,-0.098572,-0.18454,0.97786,0.071861,0.603313,-1.48075,O02_L01_04,2.688599,2.569229
66.37472,0.00347,-0.003942,-0.020157,-0.084702,-0.187683,0.978561,0.048844,0.60239,-1.460557,O02_L01_04,2.634811,2.542572
66.3858,0.00347,-0.003942,-0.020157,-0.084702,-0.187683,0.978561,0.049116,0.601888,-1.446558,O02_L01_04,2.634811,2.542572
66.3969,0.014157,-0.004081,-0.019801,-0.074951,-0.192108,0.9785,0.033492,0.600751,-1.418681,O02_L01_04,2.629715,2.483948
66.40792,0.015822,-0.004088,-0.019778,-0.072571,-0.193298,0.978439,0.029929,0.599997,-1.398584,O02_L01_04,2.631042,2.512405
66.41916,0.00801,-0.003879,-0.020222,-0.074768,-0.186234,0.979645,0.035695,0.600179,-1.402285,O02_L01_04,2.627731,2.494431
66.43034,0.00801,-0.003879,-0.020222,-0.074768,-0.186234,0.979645,0.03819,0.599868,-1.393066,O02_L01_04,2.627731,2.494431
66.44142,0.018247,-0.00395,-0.020063,-0.062469,-0.148666,0.986908,0.026342,0.602815,-1.477621,O02_L01_04,2.682785,2.524323
66.45249,0.026704,-0.004103,-0.019712,-0.059692,-0.145905,0.987488,0.026134,0.602733,-1.475395,O02_L01_04,2.758499,2.521164
66.46352,0.026704,-0.004103,-0.019712,-0.059692,-0.145905,0.987488,0.029597,0.602412,-1.465675,O02_L01_04,2.758499,2.521164
66.47473,0.026059,-0.004101,-0.019718,-0.061661,-0.143906,0.987656,0.03708,0.602222,-1.458649,O02_L01_04,2.761551,2.66423
66.48582,0.027892,-0.004444,-0.019286,-0.066818,-0.194824,0.978546,0.041405,0.597412,-1.324168,O02_L01_04,2.61293,2.513977
66.49686,0.022427,-0.004272,-0.01974,-0.07399,-0.201599,0.976654,0.054408,0.596591,-1.298319,O02_L01_04,2.662262,2.53392
66.50826,0.022427,-0.004272,-0.01974,-0.07399,-0.201599,0.976654,0.058609,0.596308,-1.28949,O02_L01_04,2.662262,2.53392
66.51987,0.018512,-0.004131,-0.02002,-0.073837,-0.194717,0.978073,0.06354,0.596606,-1.296587,O02_L01_04,2.654785,2.529739
66.53131,0.008982,-0.003957,-0.020392,-0.078354,-0.187408,0.979141,0.075801,0.597008,-1.304869,O02_L01_04,2.653549,2.518936
66.54263,-0.002984,-0.003742,-0.020711,-0.083069,-0.182831,0.979614,0.08795,0.597189,-1.307038,O02_L01_04,2.633728,2.468674
66.55413,-0.002984,-0.003742,-0.020711,-0.083069,-0.182831,0.979614,0.091927,0.596926,-1.298798,O02_L01_04,2.633728,2.468674
66.56564,0.003199,-0.003825,-0.020547,-0.076324,-0.184189,0.979919,0.084911,0.596378,-1.28525,O02_L01_04,2.635849,2.499359
66.577,-0.010397,-0.003602,-0.020908,-0.080307,-0.179504,0.980469,0.094692,0.596326,-1.281507,O02_L01_04,2.640808,2.532639
66.58853,-0.010397,-0.003602,-0.020908,-0.080307,-0.179504,0.980469,0.097634,0.595879,-1.268391,O02_L01_04,2.640808,2.532639
66.59996,-0.015301,-0.003526,-0.02106,-0.079529,-0.174332,0.981461,0.10089,0.595897,-1.268133,O02_L01_04,2.657104,2.532394
66.61142,-0.007485,-0.003598,-0.020978,-0.067017,-0.162903,0.98436,0.087921,0.596306,-1.282534,O02_L01_04,2.663483,2.649475
66.62283,0.010703,-0.003904,-0.020248,-0.061462,-0.159012,0.985352,0.084052,0.596256,-1.282059,O02_L01_04,2.677414,2.811264
66.63429,0.010703,-0.003904,-0.020248,-0.061462,-0.159012,0.985352,0.087296,0.595972,-1.273402,O02_L01_04,2.677414,2.811264
66.64577,0.017196,-0.003979,-0.020024,-0.053421,-0.156754,0.986176,0.078988,0.595811,-1.270902,O02_L01_04,2.685532,2.691269
66.65729,0.019168,-0.003999,-0.019941,-0.053619,-0.158798,0.98584,0.082109,0.59544,-1.259875,O02_L01_04,2.721146,2.778198
66.66833,0.016105,-0.003879,-0.020042,-0.049988,-0.160111,0.985825,0.079988,0.595091,-1.25068,O02_L01_04,2.768906,2.756897
66.6797,0.016105,-0.003879,-0.020042,-0.049988,-0.160111,0.985825,0.083345,0.594888,-1.244248,O02_L01_04,2.768906,2.756897
66.69057,0.004571,-0.003652,-0.020376,-0.049881,-0.151276,0.987228,0.0881,0.595331,-1.255433,O02_L01_04,2.843994,2.75032
66.7017,-0.000416,-0.003576,-0.020513,-0.051331,-0.144043,0.988236,0.094888,0.595703,-1.264163,O02_L01_04,2.849075,2.761139
66.71292,-0.000416,-0.003576,-0.020513,-0.051331,-0.144043,0.988236,0.097876,0.595504,-1.25794,O02_L01_04,2.849075,2.761139
66.72415,0.004252,-0.003641,-0.020417,-0.039124,-0.136719,0.989822,0.084414,0.595751,-1.267946,O02_L01_04,2.885941,2.753891
66.73502,0.014646,-0.003749,-0.020199,-0.025894,-0.135468,0.990433,0.067939,0.595514,-1.265249,O02_L01_04,2.893417,2.763382
66.74627,0.014646,-0.003749,-0.020199,-0.025894,-0.135468,0.990433,0.070564,0.595304,-1.25882,O02_L01_04,2.893417,2.763382
66.75727,0.014045,-0.003728,-0.020265,-0.024399,-0.131332,0.991028,0.071615,0.59539,-1.260935,O02_L01_04,2.912796,2.764816
66.76839,0.011139,-0.003686,-0.020332,-0.025604,-0.127335,0.991516,0.076576,0.595515,-1.263254,O02_L01_04,2.92688,2.765839
66.77952,0.013323,-0.003712,-0.020286,-0.024399,-0.12529,0.991806,0.077916,0.595436,-1.260741,O02_L01_04,2.921661,2.767807
66.79057,0.013323,-0.003712,-0.020286,-0.024399,-0.12529,0.991806,0.080302,0.595186,-1.253235,O02_L01_04,2.921661,2.767807
66.80164,0.012929,-0.003698,-0.020296,-0.020721,-0.116379,0.992981,0.079333,0.595611,-1.265277,O02_L01_04,2.932327,2.769806
66.81284,0.009382,-0.003644,-0.020374,-0.019959,-0.111176,0.993591,0.081719,0.595776,-1.269284,O02_L01_04,2.951752,2.778839
66.8243,0.009382,-0.003644,-0.020374,-0.019959,-0.111176,0.993591,0.084104,0.595546,-1.262342,O02_L01_04,2.951752,2.778839
66.83501,-0.003087,-0.003474,-0.02066,-0.020645,-0.095581,0.995194,0.090539,0.596548,-1.288648,O02_L01_04,2.979691,2.790207
66.84615,-0.014463,-0.003308,-0.020914,-0.026657,-0.088257,0.995728,0.103395,0.596958,-1.297002,O02_L01_04,2.981415,2.81752
66.85732,-0.017725,-0.003237,-0.02098,-0.024521,-0.083755,0.99617,0.103721,0.597058,-1.299674,O02_L01_04,2.949402,2.82695
66.86829,-0.017725,-0.003237,-0.02098,-0.024521,-0.083755,0.99617,0.105892,0.596846,-1.29329,O02_L01_04,2.949402,2.82695
66.87948,-0.015766,-0.003238,-0.02094,-0.022018,-0.083145,0.996292,0.104624,0.596664,-1.288544,O02_L01_04,2.912521,2.855423
66.89055,-0.00874,-0.003317,-0.020795,-0.010498,-0.079697,0.99675,0.090368,0.59662,-1.290671,O02_L01_04,2.903091,2.860504
66.90165,-0.00874,-0.003317,-0.020795,-0.010498,-0.079697,0.99675,0.092092,0.596413,-1.284531,O02_L01_04,2.903091,2.860504
66.91269,-0.006143,-0.003339,-0.02073,-0.009995,-0.073959,0.997208,0.094356,0.596671,-1.291153,O02_L01_04,2.913101,2.86171
66.92389,-0.009876,-0.003278,-0.020783,-0.011719,-0.073013,0.997253,0.098559,0.596603,-1.288272,O02_L01_04,2.904297,2.862778
66.93495,-0.012318,-0.003238,-0.020828,-0.014542,-0.073013,0.997223,0.104006,0.596471,-1.28334,O02_L01_04,2.904327,2.858505
66.94619,-0.012318,-0.003238,-0.020828,-0.014542,-0.073013,0.997223,0.104922,0.596321,-1.278945,O02_L01_04,2.904327,2.858505
66.95724,-0.006174,-0.003296,-0.020705,0.001114,-0.069992,0.997543,0.083312,0.596294,-1.283279,O02_L01_04,2.903519,2.850296
66.96828,-0.003548,-0.003301,-0.020668,0.00708,-0.065979,0.997788,0.076003,0.596429,-1.288759,O02_L01_04,2.905045,2.813309
66.97945,-0.003548,-0.003301,-0.020668,0.00708,-0.065979,0.997788,0.076158,0.596294,-1.284974,O02_L01_04,2.905045,2.813309
66.99076,-0.005623,-0.00325,-0.020713,0.00531,-0.060257,0.998154,0.080046,0.596592,-1.292309,O02_L01_04,2.905319,2.806595
67.00162,-0.005286,-0.003236,-0.020706,0.006607,-0.05986,0.998184,0.078582,0.596435,-1.28832,O02_L01_04,2.910492,2.797852
67.01273,-0.000421,-0.00328,-0.020622,0.011841,-0.059921,0.998123,0.070976,0.596185,-1.28316,O02_L01_04,2.915817,2.788437
67.02396,-0.000421,-0.00328,-0.020622,0.011841,-0.059921,0.998123,0.070926,0.595978,-1.277428,O02_L01_04,2.915817,2.788437
67.03492,0.006755,-0.003347,-0.020495,0.018951,-0.054871,0.998306,0.06145,0.596117,-1.283499,O02_L01_04,2.919479,2.790283
67.04613,0.005973,-0.003336,-0.020497,0.02269,-0.050293,0.998474,0.056604,0.596281,-1.289195,O02_L01_04,2.927872,2.78273
67.05709,0.005973,-0.003336,-0.020497,0.02269,-0.050293,0.998474,0.056429,0.596133,-1.28514,O02_L01_04,2.927872,2.78273
67.06822,0.005212,-0.003324,-0.020499,0.022812,-0.046463,0.998657,0.05661,0.596294,-1.289568,O02_L01_04,2.948486,2.784698
67.07943,0.003494,-0.003306,-0.020516,0.022751,-0.042969,0.99881,0.057065,0.596419,-1.292913,O02_L01_04,2.958572,2.773087
67.0906,0.008208,-0.003353,-0.020431,0.026505,-0.041046,0.998795,0.05151,0.596363,-1.292679,O02_L01_04,2.959244,2.796707
67.10152,0.008208,-0.003353,-0.020431,0.026505,-0.041046,0.998795,0.05115,0.596194,-1.288068,O02_L01_04,2.959244,2.796707
67.11284,0.004976,-0.003309,-0.020477,0.028076,-0.034424,0.999008,0.04932,0.596538,-1.29804,O02_L01_04,2.953918,2.806671
67.12389,0.002341,-0.003275,-0.020504,0.026382,-0.028641,0.999237,0.052168,0.596861,-1.306337,O02_L01_04,2.953568,2.808792
67.13489,0.002341,-0.003275,-0.020504,0.026382,-0.028641,0.999237,0.05152,0.596715,-1.302448,O02_L01_04,2.953568,2.808792
67.146,0.000628,-0.003257,-0.020522,0.024811,-0.02327,0.99942,0.054199,0.597045,-1.310974,O02_L01_04,2.954575,2.810883
67.15727,-0.000648,-0.00324,-0.020539,0.023697,-0.023758,0.999435,0.054977,0.596872,-1.305998,O02_L01_04,2.954025,2.81102
67.16814,0.00028,-0.003239,-0.020538,0.023972,-0.02272,0.999451,0.05353,0.596823,-1.304975,O02_L01_04,2.95401,2.825226
67.17941,0.00028,-0.003239,-0.020538,0.023972,-0.02272,0.999451,0.052659,0.596689,-1.301439,O02_L01_04,2.95401,2.825226
67.19052,0.002287,-0.003248,-0.020525,0.025879,-0.017914,0.999497,0.049256,0.596939,-1.309179,O02_L01_04,2.967346,2.827454
67.20145,-0.000753,-0.003209,-0.020587,0.023682,-0.014999,0.999603,0.051881,0.597119,-1.313555,O02_L01_04,2.974701,2.830673
67.21267,-0.000753,-0.003209,-0.020587,0.023682,-0.014999,0.999603,0.050474,0.597041,-1.311718,O02_L01_04,2.974701,2.830673
67.22391,-0.005046,-0.003166,-0.020643,0.0186,-0.010513,0.999771,0.057291,0.597408,-1.320303,O02_L01_04,2.966049,2.834946
67.23483,-0.008671,-0.003135,-0.02067,0.015076,-0.006699,0.999863,0.061704,0.5977,-1.327374,O02_L01_04,2.965332,2.843994
67.24596,-0.006155,-0.003151,-0.020642,0.016083,-0.004272,0.999847,0.059085,0.597803,-1.330857,O02_L01_04,2.967834,2.871948
67.2573,-0.006155,-0.003151,-0.020642,0.016083,-0.004272,0.999847,0.057304,0.597701,-1.328428,O02_L01_04,2.967834,2.871948
67.26838,-0.003529,-0.003169,-0.020614,0.017761,-0.002625,0.999832,0.053425,0.597714,-1.329714,O02_L01_04,2.969467,2.880722
67.27928,-0.003669,-0.003162,-0.020617,0.017975,-0.001602,0.999832,0.050814,0.597668,-1.329048,O02_L01_04,2.969925,2.905273
67.29077,-0.003669,-0.003162,-0.020617,0.017975,-0.001602,0.999832,0.049221,0.597581,-1.327014,O02_L01_04,2.969925,2.905273
67.30155,-0.003637,-0.003148,-0.020621,0.0177,-0.003036,0.999832,0.047799,0.597385,-1.321909,O02_L01_04,2.969345,2.921951
67.31252,-0.005971,-0.00313,-0.020649,0.014374,-0.000076,0.999893,0.051606,0.597581,-1.326455,O02_L01_04,2.9496,2.928955
67.32372,-0.005971,-0.00313,-0.020649,0.014374,-0.000076,0.999893,0.050325,0.597485,-1.324095,O02_L01_04,2.9496,2.928955
67.33482,-0.003116,-0.00315,-0.020643,0.015915,0.001099,0.999863,0.046181,0.597442,-1.323876,O02_L01_04,2.949966,2.93161
67.34604,-0.002482,-0.003154,-0.020632,0.01265,0.000931,0.999908,0.049062,0.597344,-1.320467,O02_L01_04,2.950546,2.945984
67.35715,-0.002482,-0.003154,-0.020632,0.01265,0.000931,0.999908,0.047267,0.597261,-1.318582,O02_L01_04,2.950546,2.945984
67.36808,-0.004268,-0.003131,-0.020671,0.009628,0.003845,0.999939,0.049939,0.597419,-1.322356,O02_L01_04,2.962646,2.95314
67.37928,-0.003678,-0.003123,-0.020694,0.00769,0.004639,0.999954,0.050676,0.59743,-1.322477,O02_L01_04,2.973801,2.950836
67.39052,-0.004626,-0.003105,-0.020699,0.006424,0.002869,0.99997,0.05024,0.597218,-1.316704,O02_L01_04,2.973251,2.950821
67.40146,-0.004626,-0.003105,-0.020699,0.006424,0.002869,0.99997,0.04796,0.597158,-1.315559,O02_L01_04,2.973251,2.950821
67.41259,-0.003404,-0.003114,-0.02068,0.005386,0.005051,0.99997,0.047578,0.597281,-1.319065,O02_L01_04,2.97464,2.950668
67.42392,-0.00104,-0.003134,-0.020648,0.005112,0.006683,0.999954,0.045892,0.597347,-1.321304,O02_L01_04,2.975861,2.95752
67.43479,-0.00104,-0.003134,-0.020648,0.005112,0.006683,0.999954,0.04407,0.597279,-1.319828,O02_L01_04,2.975861,2.95752
67.44606,0.000102,-0.003144,-0.020625,0.005707,0.008133,0.999939,0.041336,0.597337,-1.322098,O02_L01_04,2.98027,2.969803
67.45699,-0.000453,-0.003132,-0.020632,0.003296,0.009155,0.999939,0.043227,0.597412,-1.323721,O02_L01_04,3.014465,2.984497
67.46808,-0.000453,-0.003132,-0.020632,0.003296,0.009155,0.999939,0.041169,0.597386,-1.323496,O02_L01_04,3.014465,2.984497
67.47939,-0.001048,-0.003121,-0.020642,0.001953,0.010574,0.999939,0.04148,0.597474,-1.325849,O02_L01_04,2.996719,2.998596
67.49031,-0.001021,-0.003109,-0.020638,-0.00209,0.008469,0.999954,0.045485,0.597331,-1.320951,O02_L01_04,2.982178,2.982941
67.50149,-0.001309,-0.003131,-0.020606,-0.00177,0.01445,0.999893,0.043446,0.59778,-1.333884,O02_L01_04,2.957275,2.967407
67.51259,-0.001309,-0.003131,-0.020606,-0.00177,0.01445,0.999893,0.041683,0.597747,-1.333384,O02_L01_04,2.957275,2.967407
67.52372,0.00179,-0.003166,-0.020553,-0.005508,0.016647,0.999832,0.045544,0.597916,-1.337159,O02_L01_04,2.958206,2.958344
67.53475,0.000567,-0.003152,-0.020591,-0.008163,0.018097,0.999802,0.048152,0.59804,-1.339988,O02_L01_04,2.94548,2.964584
67.54605,0.000567,-0.003152,-0.020591,-0.008163,0.018097,0.999802,0.046639,0.598031,-1.340094,O02_L01_04,2.94548,2.964584
67.55699,0.000292,-0.003148,-0.020602,-0.007614,0.018662,0.999786,0.04441,0.598056,-1.341328,O02_L01_04,2.942154,2.958664
67.56812,0.00197,-0.003129,-0.020644,-0.008286,0.017151,0.999817,0.04397,0.597921,-1.337687,O02_L01_04,2.930344,2.93309
67.57919,0.001879,-0.003126,-0.020646,-0.011337,0.016785,0.999786,0.047673,0.597874,-1.335508,O02_L01_04,2.898972,2.911972
67.59043,0.001879,-0.003126,-0.020646,-0.011337,0.016785,0.999786,0.04636,0.59781,-1.334051,O02_L01_04,2.898972,2.911972
67.60154,0.000978,-0.003113,-0.020667,-0.012894,0.016296,0.999771,0.047544,0.597685,-1.330296,O02_L01_04,2.884125,2.868011
67.61242,-0.000456,-0.003094,-0.020701,-0.014786,0.016098,0.999756,0.048845,0.597578,-1.327025,O02_L01_04,2.880432,2.864456
67.6236,-0.000456,-0.003094,-0.020701,-0.014786,0.016098,0.999756,0.048155,0.597496,-1.324894,O02_L01_04,2.880432,2.864456
67.63465,-0.00074,-0.003089,-0.020718,-0.017624,0.015457,0.99971,0.051617,0.597428,-1.322215,O02_L01_04,2.879074,2.856384
67.64584,-0.008922,-0.003123,-0.020806,0.011322,-0.006149,0.999908,0.006717,0.595316,-1.274162,O02_L01_04,2.759949,2.664078
67.65707,-0.008922,-0.003123,-0.020806,0.011322,-0.006149,0.999908,0.006139,0.595294,-1.273663,O02_L01_04,2.759949,2.664078
67.66805,-0.018938,-0.003102,-0.020762,0.009491,0.001877,0.999939,0.008685,0.595937,-1.290906,O02_L01_04,2.790054,2.650665
67.67928,-0.018242,-0.003108,-0.020759,0.01178,0.00177,0.999924,0.005171,0.59589,-1.290428,O02_L01_04,2.779907,2.637009
67.69029,-0.01271,-0.00317,-0.020676,0.013596,-0.000397,0.999893,0.002282,0.595662,-1.284783,O02_L01_04,2.780777,2.631699
67.70145,-0.01271,-0.00317,-0.020676,0.013596,-0.000397,0.999893,0.001958,0.595584,-1.282715,O02_L01_04,2.780777,2.631699
67.7125,0.004294,-0.003346,-0.020433,0.022995,-0.004578,0.99971,-0.012276,0.595095,-1.272473,O02_L01_04,2.776047,2.625809
67.72357,-0.00026,-0.003308,-0.020488,0.01918,-0.003937,0.999802,-0.006555,0.595127,-1.272036,O02_L01_04,2.762665,2.607712
67.7347,-0.00026,-0.003308,-0.020488,0.01918,-0.003937,0.999802,-0.00689,0.595072,-1.270566,O02_L01_04,2.762665,2.607712
67.74574,0.000259,-0.003322,-0.020476,0.019623,-0.004425,0.999786,-0.007702,0.594973,-1.268018,O02_L01_04,2.762924,2.592453
67.7569,-0.000046,-0.003323,-0.020479,0.019379,-0.004303,0.999802,-0.007655,0.594933,-1.266891,O02_L01_04,2.749512,2.594284
67.76791,-0.000046,-0.003323,-0.020479,0.019379,-0.004303,0.999802,-0.007937,0.594875,-1.265363,O02_L01_04,2.749512,2.594284
67.77908,-0.000781,-0.003314,-0.020486,0.019165,-0.004822,0.999802,-0.00761,0.594802,-1.263241,O02_L01_04,2.743378,2.590897
67.79029,-0.001907,-0.003306,-0.020501,0.01767,-0.003677,0.999832,-0.005517,0.594891,-1.265225,O02_L01_04,2.716919,2.591003
67.80125,-0.001685,-0.003308,-0.020489,0.0177,-0.003113,0.999832,-0.005266,0.594902,-1.265486,O02_L01_04,2.717606,2.557175
67.81251,-0.001685,-0.003308,-0.020489,0.0177,-0.003113,0.999832,-0.005245,0.594869,-1.264551,O02_L01_04,2.717606,2.557175
67.82352,-0.000489,-0.00332,-0.020475,0.016525,-0.002136,0.999847,-0.003272,0.594916,-1.265406,O02_L01_04,2.695023,2.557159
67.83463,0.000145,-0.003323,-0.020471,0.016022,-0.001221,0.999863,-0.002655,0.594947,-1.266123,O02_L01_04,2.630051,2.557602
67.84576,0.000145,-0.003323,-0.020471,0.016022,-0.001221,0.999863,-0.002551,0.594894,-1.264603,O02_L01_04,2.630051,2.557602
67.85692,-0.001156,-0.00331,-0.020487,0.015335,-0.001465,0.999878,-0.001525,0.594825,-1.262473,O02_L01_04,2.61998,2.540344
67.86788,-0.000929,-0.003312,-0.020484,0.014893,0.000412,0.999878,-0.00077,0.594916,-1.264803,O02_L01_04,2.604385,2.532257
67.87917,-0.001645,-0.003305,-0.020493,0.014557,0.000931,0.999893,0.000043,0.594917,-1.264648,O02_L01_04,2.597305,2.511078
67.8903,-0.001645,-0.003305,-0.020493,0.014557,0.000931,0.999893,0.000169,0.594888,-1.26381,O02_L01_04,2.597305,2.511078
67.9012,-0.001207,-0.003312,-0.020489,0.014755,0.000473,0.999878,-0.000021,0.594832,-1.262316,O02_L01_04,2.617203,2.507935
67.9124,-0.001739,-0.003306,-0.020498,0.014465,0.000259,0.999893,0.00061,0.594821,-1.26186,O02_L01_04,2.620514,2.501099
67.92365,-0.001739,-0.003306,-0.020498,0.014465,0.000259,0.999893,0.001002,0.594832,-1.262056,O02_L01_04,2.620514,2.501099
67.93472,-0.001827,-0.003305,-0.020485,0.013824,0.000717,0.999893,0.002345,0.594888,-1.263294,O02_L01_04,2.618347,2.491974
67.94577,-0.002414,-0.0033,-0.020495,0.013504,0.001297,0.999893,0.003276,0.594968,-1.26531,O02_L01_04,2.611649,2.492081
67.95689,-0.001003,-0.003315,-0.020478,0.014633,0.001709,0.999878,0.001783,0.595003,-1.266613,O02_L01_04,2.611588,2.492249
67.96786,-0.001003,-0.003315,-0.020478,0.014633,0.001709,0.999878,0.002119,0.594992,-1.266251,O02_L01_04,2.611588,2.492249
67.97923,-0.000182,-0.003325,-0.020481,0.014725,0.002914,0.999878,0.002095,0.595068,-1.268345,O02_L01_04,2.612061,2.501007
67.99021,0.000368,-0.00333,-0.020491,0.014832,0.002213,0.999878,0.002176,0.594999,-1.266432,O02_L01_04,2.627106,2.507202
68.00113,0.000368,-0.00333,-0.020491,0.014832,0.002213,0.999878,0.002439,0.594983,-1.265906,O02_L01_04,2.627106,2.507202
68.01234,0.001392,-0.003338,-0.020476,0.015152,0.000763,0.999878,0.002301,0.594876,-1.262967,O02_L01_04,2.629288,2.517624
68.02338,0.001731,-0.003355,-0.020454,0.015274,0.000122,0.999878,0.002733,0.594818,-1.261254,O02_L01_04,2.630188,2.516373
68.03453,0.001731,-0.003355,-0.020454,0.015274,0.000122,0.999878,0.003133,0.594828,-1.261453,O02_L01_04,2.630188,2.516373
68.04566,0.000604,-0.003339,-0.020522,0.013351,0.001495,0.999908,0.006725,0.594959,-1.264231,O02_L01_04,2.642853,2.514893
68.05676,0.000083,-0.003338,-0.020542,0.012695,0.001022,0.999908,0.008234,0.594892,-1.262021,O02_L01_04,2.656265,2.52504
68.06788,-0.001405,-0.00332,-0.020574,0.013062,-0.000214,0.999908,0.008201,0.594769,-1.258626,O02_L01_04,2.657578,2.531876
68.07907,-0.001405,-0.00332,-0.020574,0.013062,-0.000214,0.999908,0.008711,0.594759,-1.258234,O02_L01_04,2.657578,2.531876
68.09,-0.000627,-0.003331,-0.020557,0.014679,-0.00235,0.999878,0.007094,0.594576,-1.253537,O02_L01_04,2.725616,2.537125
68.10121,0.000111,-0.003341,-0.020538,0.015183,-0.003754,0.999863,0.007178,0.59448,-1.250836,O02_L01_04,2.75679,2.558838
68.11237,0.000278,-0.003349,-0.020527,0.015686,-0.00325,0.999863,0.007122,0.594543,-1.252604,O02_L01_04,2.768097,2.560745
68.1234,0.000278,-0.003349,-0.020527,0.015686,-0.00325,0.999863,0.007567,0.594558,-1.252924,O02_L01_04,2.768097,2.560745
68.1345,0.000497,-0.003354,-0.020526,0.016418,-0.003494,0.999847,0.007321,0.594534,-1.252308,O02_L01_04,2.796936,2.562607
68.14559,-0.000469,-0.003347,-0.020536,0.016525,-0.004044,0.999847,0.008087,0.594474,-1.250473,O02_L01_04,2.809372,2.587723
68.15666,-0.000469,-0.003347,-0.020536,0.016525,-0.004044,0.999847,0.008565,0.594458,-1.249896,O02_L01_04,2.809372,2.587723
68.16779,0.000031,-0.003354,-0.020525,0.016922,-0.004349,0.999832,0.008553,0.594399,-1.248279,O02_L01_04,2.80928,2.587616
68.17899,-0.000111,-0.003354,-0.020523,0.01741,-0.004807,0.999832,0.008076,0.594346,-1.246924,O02_L01_04,2.808609,2.60762
68.19008,0.006286,-0.003519,-0.020407,-0.002197,-0.026382,0.999649,0.035178,0.592931,-1.201286,O02_L01_04,2.868637,2.650513
68.20124,0.006286,-0.003519,-0.020407,-0.002197,-0.026382,0.999649,0.035238,0.592932,-1.201287,O02_L01_04,2.868637,2.650513
68.21233,0.013324,-0.003584,-0.020332,0.007645,-0.026154,0.999619,0.021296,0.59286,-1.202583,O02_L01_04,2.825165,2.60704
68.2233,0.014108,-0.003597,-0.020306,0.008606,-0.02739,0.999573,0.019875,0.592771,-1.200443,O02_L01_04,2.8396,2.641647
68.23454,0.014108,-0.003597,-0.020306,0.008606,-0.02739,0.999573,0.019435,0.592774,-1.200624,O02_L01_04,2.8396,2.641647
68.24566,0.001562,-0.003462,-0.020529,-0.001724,-0.027435,0.999619,0.033802,0.592881,-1.200211,O02_L01_04,2.851532,2.647522
68.25677,-0.000677,-0.00344,-0.020568,-0.004288,-0.027664,0.999603,0.037001,0.592897,-1.199913,O02_L01_04,2.839401,2.641251
68.26775,-0.000485,-0.003445,-0.020563,-0.003769,-0.028381,0.999588,0.035953,0.592831,-1.198331,O02_L01_04,2.827026,2.634705
68.27884,-0.000485,-0.003445,-0.020563,-0.003769,-0.028381,0.999588,0.035594,0.592826,-1.198262,O02_L01_04,2.827026,2.634705
68.28993,0.000166,-0.003459,-0.02054,-0.005173,-0.02887,0.999558,0.037221,0.592793,-1.196961,O02_L01_04,2.851151,2.63916
68.30106,0.000517,-0.003468,-0.02053,-0.005157,-0.02858,0.999573,0.037113,0.592801,-1.197226,O02_L01_04,2.851028,2.635498
68.31231,0.000517,-0.003468,-0.02053,-0.005157,-0.02858,0.999573,0.036658,0.592781,-1.196767,O02_L01_04,2.851028,2.635498
68.3233,0.000089,-0.003468,-0.020535,-0.005676,-0.029572,0.999542,0.037039,0.592685,-1.194019,O02_L01_04,2.840744,2.639359
68.33441,-0.000258,-0.003466,-0.02054,-0.006134,-0.029968,0.999527,0.03731,0.59267,-1.193531,O02_L01_04,2.850647,2.642975
68.34557,-0.000258,-0.003466,-0.02054,-0.006134,-0.029968,0.999527,0.037123,0.592664,-1.193402,O02_L01_04,2.850647,2.642975
68.35665,0.000008,-0.003471,-0.020538,-0.005844,-0.031128,0.999497,0.036051,0.592592,-1.191652,O02_L01_04,2.838745,2.639023
68.36773,0.000658,-0.003477,-0.020536,-0.005386,-0.030792,0.999497,0.034886,0.592625,-1.192859,O02_L01_04,2.839279,2.639053
68.37887,0.001211,-0.003482,-0.020531,-0.004913,-0.030396,0.999512,0.033763,0.592636,-1.193427,O02_L01_04,2.838531,2.639252
68.39006,0.001211,-0.003482,-0.020531,-0.004913,-0.030396,0.999512,0.032886,0.592622,-1.193238,O02_L01_04,2.838531,2.639252
68.40099,0.000161,-0.00347,-0.020562,-0.005966,-0.029007,0.999558,0.034086,0.592718,-1.195616,O02_L01_04,2.838806,2.643082
68.41218,0.001275,-0.003477,-0.020548,-0.004883,-0.02948,0.999542,0.031317,0.592647,-1.194316,O02_L01_04,2.83783,2.643219
68.42331,0.001275,-0.003477,-0.020548,-0.004883,-0.02948,0.999542,0.030447,0.592625,-1.193911,O02_L01_04,2.83783,2.643219
68.43449,-0.000012,-0.003462,-0.020577,-0.006851,-0.029144,0.999542,0.032105,0.592666,-1.194657,O02_L01_04,2.837265,2.643814
68.44558,-0.000406,-0.003457,-0.02059,-0.007156,-0.029282,0.999542,0.031901,0.592684,-1.195184,O02_L01_04,2.836578,2.643112
68.4581,-0.000173,-0.003458,-0.020591,-0.006882,-0.029419,0.999542,0.03097,0.592701,-1.195877,O02_L01_04,2.836655,2.643417
68.46767,-0.000173,-0.003458,-0.020591,-0.006882,-0.029419,0.999542,0.030648,0.59272,-1.196498,O02_L01_04,2.836655,2.643417
68.47878,0.000164,-0.00346,-0.020596,-0.007233,-0.028458,0.999558,0.030881,0.592806,-1.198823,O02_L01_04,2.843201,2.641083
68.48984,0.001384,-0.003482,-0.02047,-0.005905,-0.025299,0.999649,0.028756,0.592999,-1.204662,O02_L01_04,2.878052,2.64151
68.50109,0.001384,-0.003482,-0.02047,-0.005905,-0.025299,0.999649,0.0289,0.592975,-1.203961,O02_L01_04,2.878052,2.64151
68.51223,0.001874,-0.003488,-0.020476,-0.004364,-0.024872,0.99968,0.026518,0.59297,-1.204391,O02_L01_04,2.821823,2.628586
68.52326,0.002024,-0.003484,-0.02049,-0.003113,-0.02681,0.999634,0.024759,0.592815,-1.200518,O02_L01_04,2.820206,2.62825
68.53439,0.002024,-0.003484,-0.02049,-0.003113,-0.02681,0.999634,0.024513,0.592835,-1.201113,O02_L01_04,2.820206,2.62825
68.54537,0.001562,-0.003478,-0.020489,-0.00145,-0.026413,0.999649,0.022425,0.592885,-1.202995,O02_L01_04,2.828079,2.625229
68.55664,-0.000549,-0.00345,-0.020531,-0.001312,-0.02536,0.999664,0.022295,0.593001,-1.206239,O02_L01_04,2.828201,2.601852
68.56761,-0.001141,-0.003439,-0.020542,-0.00116,-0.024948,0.99968,0.022006,0.59306,-1.207956,O02_L01_04,2.81842,2.599182
68.57874,-0.001141,-0.003439,-0.020542,-0.00116,-0.024948,0.99968,0.021822,0.593072,-1.208324,O02_L01_04,2.81842,2.599182
68.58997,-0.000589,-0.00344,-0.020536,-0.000275,-0.02562,0.999664,0.02034,0.593023,-1.207309,O02_L01_04,2.807922,2.598587
68.60105,-0.000654,-0.00344,-0.020539,-0.000198,-0.02536,0.999664,0.01981,0.593045,-1.20805,O02_L01_04,2.817963,2.567856
68.61208,0.000041,-0.00345,-0.020527,0.000092,-0.025269,0.99968,0.019074,0.593075,-1.20905,O02_L01_04,2.816315,2.568039
68.62312,0.000041,-0.00345,-0.020527,0.000092,-0.025269,0.99968,0.019101,0.593101,-1.20977,O02_L01_04,2.816315,2.568039
68.63451,0.000096,-0.003448,-0.020527,0.000107,-0.025604,0.999664,0.018885,0.593086,-1.209411,O02_L01_04,2.816101,2.579605
68.64545,0.000443,-0.003457,-0.020485,0.000458,-0.026764,0.999634,0.01792,0.593008,-1.207464,O02_L01_04,2.798889,2.568802
68.65651,0.000443,-0.003457,-0.020485,0.000458,-0.026764,0.999634,0.017769,0.592995,-1.207135,O02_L01_04,2.798889,2.568802
68.66768,0.000185,-0.00346,-0.020486,-0.000061,-0.025314,0.999664,0.018247,0.593091,-1.209698,O02_L01_04,2.794113,2.576553
68.67879,-0.001106,-0.003451,-0.020509,-0.001129,-0.025085,0.99968,0.01963,0.593116,-1.210054,O02_L01_04,2.798477,2.581253
68.68985,-0.000216,-0.003462,-0.020497,-0.001129,-0.026077,0.999649,0.019091,0.593051,-1.208398,O02_L01_04,2.788376,2.576645
68.7009,-0.000216,-0.003462,-0.020497,-0.001129,-0.026077,0.999649,0.018919,0.593052,-1.208458,O02_L01_04,2.788376,2.576645
68.7121,-0.000281,-0.003462,-0.020502,-0.00174,-0.02681,0.999634,0.019889,0.593003,-1.206859,O02_L01_04,2.786041,2.576263
68.72311,-0.000235,-0.003463,-0.020508,-0.003281,-0.026398,0.999634,0.021924,0.593056,-1.207865,O02_L01_04,2.783752,2.570404
68.73421,-0.000235,-0.003463,-0.020508,-0.003281,-0.026398,0.999634,0.022054,0.593081,-1.208521,O02_L01_04,2.783752,2.570404
68.7455,0.000095,-0.003467,-0.020507,-0.002472,-0.027405,0.999619,0.020735,0.59301,-1.206857,O02_L01_04,2.780304,2.568558
68.75653,0.000221,-0.003469,-0.020507,-0.002014,-0.026718,0.999634,0.020289,0.593076,-1.208792,O02_L01_04,2.778671,2.561035
68.7676,0.000514,-0.003472,-0.020508,-0.00206,-0.02681,0.999634,0.02043,0.59307,-1.208608,O02_L01_04,2.778091,2.560883
68.77873,0.000514,-0.003472,-0.020508,-0.00206,-0.02681,0.999634,0.020437,0.593066,-1.208498,O02_L01_04,2.778091,2.560883
68.78978,0.001373,-0.003481,-0.020497,-0.000809,-0.027847,0.999603,0.018533,0.592958,-1.205942,O02_L01_04,2.773514,2.556427
68.80088,0.000266,-0.00347,-0.020515,-0.001358,-0.027451,0.999619,0.01941,0.592979,-1.206325,O02_L01_04,2.759232,2.555389
68.81204,0.000266,-0.00347,-0.020515,-0.001358,-0.027451,0.999619,0.019408,0.592945,-1.205377,O02_L01_04,2.759232,2.555389
68.82323,0.000262,-0.00347,-0.020522,-0.001434,-0.028976,0.999573,0.019584,0.59283,-1.202145,O02_L01_04,2.770569,2.554764
68.83427,-0.000249,-0.003468,-0.020538,-0.001877,-0.027969,0.999603,0.020222,0.592913,-1.20429,O02_L01_04,2.770508,2.554764
68.84537,-0.000249,-0.003468,-0.020538,-0.001877,-0.027969,0.999603,0.020286,0.592909,-1.204158,O02_L01_04,2.770508,2.554764
68.85661,-0.000798,-0.003468,-0.020546,-0.003052,-0.027863,0.999603,0.022237,0.592941,-1.204597,O02_L01_04,2.758301,2.553848
68.86755,-0.001141,-0.003468,-0.02055,-0.003708,-0.027267,0.999619,0.023171,0.592988,-1.205686,O02_L01_04,2.758453,2.555328
68.87858,-0.000678,-0.003474,-0.020541,-0.004852,-0.028198,0.999588,0.024756,0.592943,-1.204068,O02_L01_04,2.758224,2.555313
68.88971,-0.000678,-0.003474,-0.020541,-0.004852,-0.028198,0.999588,0.024975,0.592946,-1.204079,O02_L01_04,2.758224,2.555313
68.90105,-0.000879,-0.003473,-0.020544,-0.004944,-0.028244,0.999588,0.025293,0.592962,-1.204451,O02_L01_04,2.758179,2.555161
68.91195,-0.00111,-0.003472,-0.020545,-0.005005,-0.028656,0.999573,0.025689,0.592939,-1.203734,O02_L01_04,2.758026,2.556778
68.92308,-0.00111,-0.003472,-0.020545,-0.005005,-0.028656,0.999573,0.026064,0.59296,-1.204236,O02_L01_04,2.758026,2.556778
68.93418,-0.001216,-0.003472,-0.020547,-0.004578,-0.029968,0.999527,0.025328,0.592838,-1.201015,O02_L01_04,2.784637,2.565155
68.94534,-0.000754,-0.003476,-0.020539,-0.004089,-0.029877,0.999542,0.025019,0.59284,-1.201137,O02_L01_04,2.784775,2.570618
68.95645,-0.000394,-0.00348,-0.020533,-0.00415,-0.030609,0.999512,0.025612,0.592801,-1.199909,O02_L01_04,2.808899,2.587967
68.96751,-0.000394,-0.00348,-0.020533,-0.00415,-0.030609,0.999512,0.026037,0.592812,-1.200127,O02_L01_04,2.808899,2.587967
68.9787,0.000027,-0.003485,-0.020526,-0.003235,-0.031342,0.999497,0.025254,0.592748,-1.198534,O02_L01_04,2.815216,2.607513
68.98967,0.000505,-0.003493,-0.020519,-0.003387,-0.031937,0.999481,0.025855,0.592676,-1.196381,O02_L01_04,2.832962,2.628296
69.00081,0.000505,-0.003493,-0.020519,-0.003387,-0.031937,0.999481,0.026196,0.592658,-1.195801,O02_L01_04,2.832962,2.628296
69.01203,0.001454,-0.003504,-0.020506,-0.002167,-0.03183,0.999481,0.026682,0.528374,-1.265181,O02_G01_01,2.844559,2.652725
69.02301,0.000228,-0.003493,-0.020521,-0.003281,-0.033096,0.999435,0.028341,0.528374,-1.262003,O02_G01_01,2.856781,2.656113
69.03445,-0.000276,-0.003489,-0.020528,-0.003769,-0.0345,0.99939,0.028851,0.528374,-1.258806,O02_G01_01,2.856888,2.655243
69.04535,-0.000276,-0.003489,-0.020528,-0.003769,-0.0345,0.99939,0.028514,0.528374,-1.258304,O02_G01_01,2.856888,2.655243
69.05627,0.000313,-0.003495,-0.02052,-0.003357,-0.035126,0.999374,0.02764,0.528374,-1.257203,O02_G01_01,2.856827,2.666946
69.06739,0.000879,-0.003501,-0.020513,-0.003006,-0.03511,0.999374,0.027055,0.528374,-1.257339,O02_G01_01,2.856613,2.683151
69.07864,0.000879,-0.003501,-0.020513,-0.003006,-0.03511,0.999374,0.026986,0.528374,-1.257727,O02_G01_01,2.856613,2.683151
69.0896,0.001289,-0.003505,-0.020507,-0.002945,-0.035324,0.999359,0.026961,0.528374,-1.257453,O02_G01_01,2.860367,2.684418
69.10082,0.001351,-0.003506,-0.020509,-0.002548,-0.034821,0.99939,0.026336,0.528374,-1.258228,O02_G01_01,2.868546,2.692123
69.11196,0.001351,-0.003506,-0.020509,-0.002548,-0.034821,0.99939,0.026454,0.528374,-1.257877,O02_G01_01,2.868546,2.692123
69.12292,0.001287,-0.003505,-0.020512,-0.002594,-0.034958,0.999374,0.026542,0.528374,-1.256874,O02_G01_01,2.868576,2.691147
69.13419,0.000385,-0.003477,-0.020566,-0.003189,-0.036011,0.999344,0.027533,0.528374,-1.254326,O02_G01_01,2.872726,2.695679
69.14535,0.000289,-0.003476,-0.02057,-0.00383,-0.035828,0.999344,0.028336,0.528374,-1.254465,O02_G01_01,2.868683,2.707703
69.15634,0.000289,-0.003476,-0.02057,-0.00383,-0.035828,0.999344,0.028415,0.528374,-1.25479,O02_G01_01,2.868683,2.707703
69.16746,-0.000289,-0.003471,-0.020578,-0.004181,-0.035614,0.999344,0.029046,0.528374,-1.255642,O02_G01_01,2.868835,2.715714
69.17851,0.000285,-0.003481,-0.020562,-0.004333,-0.034866,0.999374,0.02915,0.528374,-1.257901,O02_G01_01,2.864044,2.715668
69.18967,0.001021,-0.00349,-0.02054,-0.004349,-0.036224,0.999329,0.028975,0.528374,-1.254847,O02_G01_01,2.86348,2.71489
69.20071,0.001021,-0.00349,-0.02054,-0.004349,-0.036224,0.999329,0.028863,0.528374,-1.254265,O02_G01_01,2.86348,2.71489
69.21181,0.001493,-0.003498,-0.020533,-0.002975,-0.035782,0.999344,0.026727,0.528374,-1.254348,O02_G01_01,2.852966,2.70488
69.22297,0.001063,-0.003496,-0.020531,-0.00412,-0.035706,0.999344,0.028061,0.528374,-1.253838,O02_G01_01,2.834915,2.70787
69.23409,0.001063,-0.003496,-0.020531,-0.00412,-0.035706,0.999344,0.027866,0.528374,-1.253548,O02_G01_01,2.834915,2.70787
69.24551,0.001393,-0.0035,-0.020526,-0.003769,-0.035324,0.999359,0.027023,0.528374,-1.253654,O02_G01_01,2.832626,2.70578
69.2564,0.000705,-0.003493,-0.020529,-0.005737,-0.034836,0.999374,0.030057,0.528374,-1.254648,O02_G01_01,2.835175,2.702271
69.26733,-0.000005,-0.003501,-0.020525,-0.005417,-0.032669,0.999451,0.029821,0.528374,-1.259219,O02_G01_01,2.832458,2.703262
69.2785,-0.000005,-0.003501,-0.020525,-0.005417,-0.032669,0.999451,0.029735,0.528374,-1.259163,O02_G01_01,2.832458,2.703262
69.28954,0.000259,-0.003502,-0.020521,-0.006027,-0.032944,0.999435,0.030941,0.528374,-1.257944,O02_G01_01,2.832138,2.697617
69.30081,0.000632,-0.003506,-0.020516,-0.005539,-0.033356,0.99942,0.030454,0.528374,-1.255846,O02_G01_01,2.841599,2.697739
69.3119,0.000705,-0.003506,-0.020516,-0.00502,-0.032867,0.999435,0.02985,0.528374,-1.256394,O02_G01_01,2.864319,2.691528
69.32288,0.000705,-0.003506,-0.020516,-0.00502,-0.032867,0.999435,0.030171,0.528374,-1.255426,O02_G01_01,2.864319,2.691528
69.33414,0.000558,-0.003505,-0.02052,-0.00592,-0.032776,0.999435,0.03175,0.528374,-1.254847,O02_G01_01,2.868454,2.691498
69.34524,-0.000138,-0.003493,-0.020546,-0.007202,-0.03244,0.999435,0.033435,0.528374,-1.255548,O02_G01_01,2.848221,2.691193
69.3563,-0.000138,-0.003493,-0.020546,-0.007202,-0.03244,0.999435,0.033456,0.528374,-1.255659,O02_G01_01,2.848221,2.691193
69.36739,-0.000158,-0.003488,-0.020563,-0.007568,-0.032104,0.999451,0.033984,0.528374,-1.25639,O02_G01_01,2.847946,2.681183
69.37846,0.000301,-0.003486,-0.020578,-0.0065,-0.031754,0.999466,0.032482,0.528374,-1.256749,O02_G01_01,2.84079,2.680893
69.38958,0.000645,-0.003483,-0.020594,-0.005814,-0.031296,0.999481,0.031119,0.528374,-1.257436,O02_G01_01,2.830811,2.680725
69.40077,0.000645,-0.003483,-0.020594,-0.005814,-0.031296,0.999481,0.030854,0.528374,-1.256613,O02_G01_01,2.830811,2.680725
69.4118,0.00111,-0.00346,-0.020465,0.000458,-0.011398,0.999924,0.022299,0.528374,-1.300307,O02_G01_01,2.830582,2.56369
69.42284,-0.004103,-0.003372,-0.020557,-0.006027,-0.009064,0.999939,0.032069,0.528374,-1.304811,O02_G01_01,2.768829,2.623886
69.43401,-0.004103,-0.003372,-0.020557,-0.006027,-0.009064,0.999939,0.031727,0.528374,-1.304091,O02_G01_01,2.768829,2.623886
69.44522,-0.002755,-0.003392,-0.020531,-0.006516,-0.009262,0.999924,0.032552,0.528374,-1.303249,O02_G01_01,2.814224,2.6241
69.45622,0.002082,-0.00345,-0.020437,-0.002975,-0.012161,0.999908,0.026394,0.528374,-1.29638,O02_G01_01,2.830292,2.624023
69.46726,0.002082,-0.00345,-0.020437,-0.002975,-0.012161,0.999908,0.02639,0.528374,-1.295901,O02_G01_01,2.830292,2.624023
69.47837,0.002692,-0.003457,-0.020427,-0.001907,-0.01062,0.999939,0.024734,0.528374,-1.298963,O02_G01_01,2.837936,2.614273
69.48943,0.001431,-0.003441,-0.020454,-0.002533,-0.011734,0.999924,0.025672,0.528374,-1.296143,O02_G01_01,2.839264,2.613312
69.50066,0.00045,-0.003427,-0.020475,-0.003143,-0.011322,0.999924,0.027092,0.528374,-1.296716,O02_G01_01,2.848679,2.634323
69.51181,0.00045,-0.003427,-0.020475,-0.003143,-0.011322,0.999924,0.027382,0.528374,-1.295814,O02_G01_01,2.848679,2.634323
69.52278,0.000443,-0.003426,-0.020477,-0.002609,-0.011093,0.999924,0.02671,0.528374,-1.296056,O02_G01_01,2.841797,2.634888
69.53395,-0.000586,-0.003413,-0.020501,-0.003128,-0.010574,0.999939,0.028149,0.528374,-1.29681,O02_G01_01,2.8452,2.654175
69.54507,-0.000586,-0.003413,-0.020501,-0.003128,-0.010574,0.999939,0.028796,0.528374,-1.29649,O02_G01_01,2.8452,2.654175
69.55619,-0.001309,-0.003401,-0.02052,-0.002716,-0.010788,0.999924,0.028974,0.528374,-1.295664,O02_G01_01,2.844727,2.662659
69.56727,-0.001936,-0.003392,-0.020544,-0.002518,-0.010986,0.999924,0.029445,0.528374,-1.294214,O02_G01_01,2.84407,2.662415
69.57838,-0.001428,-0.003398,-0.020535,-0.001572,-0.011047,0.999924,0.028786,0.528374,-1.292345,O02_G01_01,2.849701,2.668747
69.58947,-0.001428,-0.003398,-0.020535,-0.001572,-0.011047,0.999924,0.02935,0.528374,-1.290929,O02_G01_01,2.849701,2.668747
69.60049,-0.000639,-0.003408,-0.020521,-0.001328,-0.011353,0.999924,0.029706,0.528374,-1.288561,O02_G01_01,2.849808,2.668671
69.61166,0.001249,-0.003432,-0.020482,0.000656,-0.01091,0.999939,0.027618,0.528374,-1.28842,O02_G01_01,2.850006,2.680954
69.62274,0.001249,-0.003432,-0.020482,0.000656,-0.01091,0.999939,0.028394,0.528374,-1.287302,O02_G01_01,2.850006,2.680954
69.63389,-0.000044,-0.003421,-0.020504,-0.000122,-0.010056,0.999939,0.030101,0.528374,-1.28826,O02_G01_01,2.838028,2.680969
69.64509,0.000518,-0.003447,-0.020492,0.000824,-0.006317,0.99997,0.029282,0.528374,-1.295311,O02_G01_01,2.850586,2.682831
69.6563,0.000958,-0.003455,-0.020481,0.0009,-0.006973,0.99997,0.029596,0.528374,-1.292747,O02_G01_01,2.850616,2.682907
69.66716,0.000958,-0.003455,-0.020481,0.0009,-0.006973,0.99997,0.029822,0.528374,-1.291403,O02_G01_01,2.850616,2.682907
69.67832,-0.000161,-0.003443,-0.020497,0.000565,-0.007324,0.99997,0.030266,0.528374,-1.289293,O02_G01_01,2.88858,2.67746
69.68935,-0.000489,-0.003441,-0.0205,0.000946,-0.005646,0.99997,0.029632,0.528374,-1.291354,O02_G01_01,2.892807,2.67305
69.70046,-0.000489,-0.003441,-0.0205,0.000946,-0.005646,0.99997,0.029388,0.528374,-1.290448,O02_G01_01,2.892807,2.67305
69.71168,0.000285,-0.00345,-0.020475,0.002136,-0.005981,0.99997,0.02725,0.528374,-1.28879,O02_G01_01,2.903824,2.669205
69.72277,0.000506,-0.003449,-0.02047,0.003815,-0.004608,0.99997,0.023947,0.528374,-1.290817,O02_G01_01,2.904053,2.668167
69.73383,0.000506,-0.003449,-0.02047,0.003815,-0.004608,0.99997,0.023227,0.528374,-1.289849,O02_G01_01,2.904053,2.668167
69.74506,0.000103,-0.003442,-0.020483,0.003723,-0.004181,0.99997,0.022709,0.528374,-1.289744,O02_G01_01,2.903503,2.668472
69.75625,0.001953,-0.003457,-0.020458,0.00531,-0.005005,0.99997,0.019458,0.528374,-1.286881,O02_G01_01,2.907043,2.670319
69.76711,0.002175,-0.003458,-0.020462,0.00592,-0.004227,0.99997,0.017691,0.528374,-1.287279,O02_G01_01,2.906723,2.673538
69.77823,0.002175,-0.003458,-0.020462,0.00592,-0.004227,0.99997,0.017131,0.528374,-1.286003,O02_G01_01,2.906723,2.673538
69.78946,0.002226,-0.003458,-0.020462,0.006088,-0.00412,0.99997,0.016398,0.528374,-1.285111,O02_G01_01,2.923721,2.668274
69.80049,0.002066,-0.003454,-0.020466,0.005661,-0.003708,0.99997,0.016373,0.528374,-1.285457,O02_G01_01,2.924103,2.672729
69.81164,0.001754,-0.003447,-0.020484,0.005524,-0.003189,0.99997,0.016204,0.528374,-1.286121,O02_G01_01,2.907227,2.672562
69.82273,0.001754,-0.003447,-0.020484,0.005524,-0.003189,0.99997,0.015816,0.528374,-1.286189,O02_G01_01,2.907227,2.672562
69.83381,0.00116,-0.003432,-0.020518,0.004211,-0.000565,0.999985,0.017912,0.528374,-1.292065,O02_G01_01,2.872101,2.673355
69.84513,0.000105,-0.003421,-0.020537,0.003326,0.001068,0.999985,0.019049,0.528374,-1.295427,O02_G01_01,2.872772,2.673462
69.85625,0.000105,-0.003421,-0.020537,0.003326,0.001068,0.999985,0.019257,0.528374,-1.295283,O02_G01_01,2.872772,2.673462
69.86727,-0.000804,-0.003391,-0.020548,0.000763,-0.001022,0.999985,0.023622,0.528374,-1.29073,O02_G01_01,2.85553,2.653351
69.87819,0.000192,-0.003405,-0.020537,0.000458,0,0.999985,0.024553,0.528374,-1.293248,O02_G01_01,2.843781,2.652893
69.88938,0.000192,-0.003405,-0.020537,0.000458,0,0.999985,0.025294,0.528374,-1.292709,O02_G01_01,2.843781,2.652893
69.90051,0.000128,-0.003402,-0.02054,0.000458,0.000305,0.999985,0.025538,0.528374,-1.293761,O02_G01_01,2.844345,2.62616
69.91164,-0.0004,-0.003394,-0.020554,-0.000519,0.000732,0.999985,0.027701,0.528374,-1.294508,O02_G01_01,2.831436,2.594574
69.92266,-0.000891,-0.003388,-0.020569,-0.000839,0.000916,0.999985,0.028359,0.528374,-1.295657,O02_G01_01,2.802368,2.566498
69.93373,-0.000891,-0.003388,-0.020569,-0.000839,0.000916,0.999985,0.02846,0.528374,-1.296558,O02_G01_01,2.802368,2.566498
69.94488,-0.000766,-0.00339,-0.020571,-0.000549,0.001663,0.999985,0.028286,0.528374,-1.299254,O02_G01_01,2.793182,2.566772
69.95593,-0.00059,-0.003392,-0.020567,-0.000504,0.00148,0.999985,0.028261,0.528374,-1.299587,O02_G01_01,2.740204,2.561127
69.96713,-0.00059,-0.003392,-0.020567,-0.000504,0.00148,0.999985,0.027993,0.528374,-1.29969,O02_G01_01,2.740204,2.561127
69.97822,-0.000988,-0.003387,-0.02058,-0.000793,0.001434,0.999985,0.028031,0.528374,-1.299864,O02_G01_01,2.740112,2.547211
69.98933,-0.000181,-0.003382,-0.020578,-0.000229,0.000259,0.999985,0.02695,0.528374,-1.297455,O02_G01_01,2.735077,2.52597
70.00048,-0.000914,-0.003374,-0.020592,-0.000778,0.000275,0.999985,0.027722,0.528374,-1.298205,O02_G01_01,2.705139,2.52594
70.01163,-0.000914,-0.003374,-0.020592,-0.000778,0.000275,0.999985,0.027929,0.528374,-1.298651,O02_G01_01,2.705139,2.52594
70.02261,-0.000594,-0.003378,-0.02059,-0.000305,0.000504,0.999985,0.027447,0.528374,-1.299437,O02_G01_01,2.704819,2.517044
70.03365,-0.001222,-0.003371,-0.0206,0.00029,-0.0009,0.999985,0.026733,0.528374,-1.296789,O02_G01_01,2.703918,2.517044
70.04494,-0.001222,-0.003371,-0.0206,0.00029,-0.0009,0.999985,0.026866,0.528374,-1.297463,O02_G01_01,2.703918,2.517044
70.05604,-0.000746,-0.003377,-0.020589,0.001389,-0.001999,0.999985,0.025287,0.528374,-1.295115,O02_G01_01,2.707443,2.51535
70.06713,-0.000249,-0.003384,-0.020581,0.000702,-0.001831,0.999985,0.026728,0.528374,-1.295964,O02_G01_01,2.736526,2.514114
70.07809,0.000277,-0.00339,-0.020571,0.000305,-0.002502,0.999985,0.027453,0.528374,-1.294847,O02_G01_01,2.736328,2.511093
70.08935,0.000277,-0.00339,-0.020571,0.000305,-0.002502,0.999985,0.027632,0.528374,-1.295174,O02_G01_01,2.736328,2.511093
70.10036,-0.00007,-0.003388,-0.020576,0.000046,-0.002808,0.999985,0.02844,0.528374,-1.294848,O02_G01_01,2.736359,2.510239
70.1114,-0.002206,-0.003365,-0.020614,-0.000732,-0.00296,0.999985,0.029788,0.528374,-1.294986,O02_G01_01,2.75531,2.509689
70.12263,-0.002206,-0.003365,-0.020614,-0.000732,-0.00296,0.999985,0.030027,0.528374,-1.295376,O02_G01_01,2.75531,2.509689
70.13366,-0.002322,-0.003365,-0.020611,0.000305,-0.002731,0.999985,0.028706,0.528374,-1.296239,O02_G01_01,2.759949,2.515182
70.1448,-0.002247,-0.003366,-0.020607,-0.000809,-0.003525,0.999985,0.030387,0.528374,-1.294668,O02_G01_01,2.760391,2.50351
70.15598,-0.001194,-0.003378,-0.020583,-0.000397,-0.003998,0.999985,0.029582,0.528374,-1.294024,O02_G01_01,2.78923,2.509094
70.16698,-0.001194,-0.003378,-0.020583,-0.000397,-0.003998,0.999985,0.029756,0.528374,-1.293902,O02_G01_01,2.78923,2.509094
70.17806,-0.001213,-0.003381,-0.02058,0.001083,-0.003067,0.999985,0.027653,0.528374,-1.29602,O02_G01_01,2.80278,2.513962
70.18917,-0.000554,-0.00339,-0.020566,0.002319,-0.003845,0.999985,0.025402,0.528374,-1.293896,O02_G01_01,2.802689,2.54921
70.20031,-0.000554,-0.00339,-0.020566,0.002319,-0.003845,0.999985,0.025264,0.528374,-1.29358,O02_G01_01,2.802689,2.54921
70.21154,-0.000353,-0.003408,-0.02056,0.003403,-0.001282,0.999985,0.023613,0.528374,-1.298848,O02_G01_01,2.812378,2.55043
70.22254,-0.000492,-0.00341,-0.02056,0.00293,-0.001205,0.999985,0.024376,0.528374,-1.298768,O02_G01_01,2.812744,2.556244
70.2336,-0.000492,-0.00341,-0.02056,0.00293,-0.001205,0.999985,0.023999,0.528374,-1.298918,O02_G01_01,2.812744,2.556244
70.24484,-0.000296,-0.003412,-0.020554,0.003098,-0.001434,0.999985,0.023568,0.528374,-1.298452,O02_G01_01,2.804443,2.558044
70.25592,-0.000167,-0.003412,-0.020548,0.003174,-0.001999,0.999985,0.023084,0.528374,-1.29706,O02_G01_01,2.804413,2.558228
70.26705,-0.000138,-0.003413,-0.020545,0.003815,-0.00235,0.999985,0.021947,0.528374,-1.295638,O02_G01_01,2.804703,2.563354
70.27813,-0.000138,-0.003413,-0.020545,0.003815,-0.00235,0.999985,0.021978,0.528374,-1.295306,O02_G01_01,2.804703,2.563354
70.28912,0.000372,-0.003419,-0.020535,0.003525,-0.001999,0.999985,0.022341,0.528374,-1.295829,O02_G01_01,2.804459,2.567505
70.30025,-0.000897,-0.003405,-0.02056,0.001846,-0.001984,0.999985,0.025264,0.528374,-1.294951,O02_G01_01,2.788757,2.57045
70.31149,-0.000211,-0.003411,-0.020549,0.001404,-0.001236,0.999985,0.025795,0.528374,-1.296021,O02_G01_01,2.804367,2.577652
70.32246,-0.000211,-0.003411,-0.020549,0.001404,-0.001236,0.999985,0.025771,0.528374,-1.295401,O02_G01_01,2.804367,2.577652
70.33367,-0.000561,-0.003407,-0.020557,0.00145,-0.00145,0.999985,0.025948,0.528374,-1.293876,O02_G01_01,2.804214,2.608032
70.34479,-0.000279,-0.003408,-0.020555,0.00174,-0.001663,0.999985,0.025399,0.528374,-1.2932,O02_G01_01,2.79808,2.608017
70.35591,-0.000279,-0.003408,-0.020555,0.00174,-0.001663,0.999985,0.025322,0.528374,-1.292681,O02_G01_01,2.79808,2.608017
70.3672,-0.000935,-0.003399,-0.02057,0.001541,-0.00209,0.999985,0.02535,0.528374,-1.291676,O02_G01_01,2.804337,2.620377
70.37834,-0.000312,-0.003404,-0.02056,0.001907,-0.001862,0.999985,0.024702,0.528374,-1.292535,O02_G01_01,2.816513,2.623672
70.38955,-0.000312,-0.003404,-0.02056,0.001907,-0.001862,0.999985,0.024449,0.528374,-1.292535,O02_G01_01,2.816513,2.623672
70.40034,0.000368,-0.003412,-0.02055,0.002274,-0.001938,0.999985,0.023755,0.528374,-1.291976,O02_G01_01,2.816162,2.623642
70.41144,0.001407,-0.003423,-0.020531,0.001923,-0.00177,0.999985,0.024032,0.528374,-1.291552,O02_G01_01,2.825394,2.62999
70.42245,0.002315,-0.003435,-0.020512,0.004135,-0.001633,0.999985,0.020563,0.528374,-1.290768,O02_G01_01,2.839172,2.635117
70.43354,0.002315,-0.003435,-0.020512,0.004135,-0.001633,0.999985,0.020554,0.528374,-1.289586,O02_G01_01,2.839172,2.635117
70.44482,0.002568,-0.003438,-0.020509,0.004181,-0.001877,0.999985,0.020151,0.528374,-1.287966,O02_G01_01,2.839249,2.645203
70.45577,0.002909,-0.003442,-0.020503,0.00383,-0.00174,0.999985,0.020891,0.528374,-1.287617,O02_G01_01,2.839127,2.659256
70.46809,0.001805,-0.003432,-0.020524,0.002686,-0.001068,0.999985,0.022485,0.528374,-1.288908,O02_G01_01,2.839294,2.659439
70.47804,0.001805,-0.003432,-0.020524,0.002686,-0.001068,0.999985,0.022427,0.528374,-1.289195,O02_G01_01,2.839294,2.659439
70.48911,0.00062,-0.003419,-0.020548,0.002243,-0.000656,0.999985,0.023394,0.528374,-1.290338,O02_G01_01,2.828537,2.635696
70.50027,-0.001063,-0.003401,-0.020586,0.000259,-0.000031,1,0.026435,0.528374,-1.291369,O02_G01_01,2.813721,2.645233
70.51139,-0.001063,-0.003401,-0.020586,0.000259,-0.000031,1,0.026128,0.528374,-1.291121,O02_G01_01,2.813721,2.645233
70.52244,-0.000677,-0.003403,-0.020585,-0.000137,-0.000046,1,0.026488,0.528374,-1.290998,O02_G01_01,2.828644,2.644897
70.53349,0.000062,-0.003408,-0.020573,0.000824,-0.000793,0.999985,0.024973,0.528374,-1.288962,O02_G01_01,2.813416,2.644791
70.54476,0.000062,-0.003408,-0.020573,0.000824,-0.000793,0.999985,0.024508,0.528374,-1.289377,O02_G01_01,2.813416,2.644791
70.55579,0.001156,-0.003417,-0.020553,0.00174,-0.001328,0.999985,0.023149,0.528374,-1.288792,O02_G01_01,2.81369,2.644699
70.567,0.001471,-0.003419,-0.02055,0.002197,-0.000305,0.999985,0.022764,0.528374,-1.291764,O02_G01_01,2.840576,2.658585
70.57816,0.002261,-0.003426,-0.020535,0.002594,0.0009,0.999985,0.022202,0.528374,-1.29511,O02_G01_01,2.81398,2.645355
70.58921,0.002261,-0.003426,-0.020535,0.002594,0.0009,0.999985,0.022284,0.528374,-1.296097,O02_G01_01,2.81398,2.645355
70.60024,0.003802,-0.003442,-0.020506,0.003769,0.00061,0.999985,0.020723,0.528374,-1.295842,O02_G01_01,2.838043,2.658875
70.61132,0.005072,-0.003454,-0.020485,0.004074,0.001404,0.999985,0.020476,0.528374,-1.297836,O02_G01_01,2.840927,2.670975
70.6224,0.005072,-0.003454,-0.020485,0.004074,0.001404,0.999985,0.020477,0.528374,-1.298555,O02_G01_01,2.840927,2.670975
70.6335,0.003183,-0.003414,-0.020533,0.002594,-0.000336,0.999985,0.023268,0.528374,-1.29458,O02_G01_01,2.843689,2.670303
70.64465,0.002716,-0.003385,-0.020562,0.002655,-0.003204,0.999985,0.023076,0.528374,-1.289291,O02_G01_01,2.835876,2.669144
70.65586,0.002721,-0.003277,-0.020727,0.002396,-0.004654,0.999985,0.023659,0.528374,-1.287302,O02_G01_01,2.851059,2.750137
70.66691,0.002721,-0.003277,-0.020727,0.002396,-0.004654,0.999985,0.023992,0.528374,-1.289067,O02_G01_01,2.851059,2.750137
70.67789,0.001298,-0.003185,-0.02096,-0.011185,0.008698,0.999893,0.04629,0.528374,-1.322555,O02_G01_01,2.754257,2.691711
70.68909,-0.002243,-0.002877,-0.021296,0.025482,0.051987,0.998322,-0.0091,0.528374,-1.43315,O02_G01_01,2.948608,2.602936
70.70021,-0.002243,-0.002877,-0.021296,0.025482,0.051987,0.998322,-0.008825,0.528374,-1.43942,O02_G01_01,2.948608,2.602936
70.7113,-0.004473,-0.002753,-0.020845,0.009491,0.033447,0.99939,0.016897,0.528374,-1.398517,O02_G01_01,2.780991,2.662354
70.72243,-0.004876,-0.002403,-0.021311,0.018707,0.065674,0.99765,0.004239,0.51967,-1.503688,O02_G01_01,2.708084,2.655716
70.73342,-0.029609,-0.002118,-0.020937,0.030991,0.133743,0.990524,-0.014238,0.587169,-1.62617,O02_G01_01,2.925934,2.726486
70.74473,-0.029559,-0.001805,-0.021067,0.031113,0.188782,0.981522,-0.015985,0,-2.85874,Ground,2.790665,2.797684
70.75573,-0.029559,-0.001805,-0.021067,0.031113,0.188782,0.981522,-0.013383,0,-2.900805,Ground,2.790665,2.797684
70.76688,0.023657,-0.002662,-0.018892,-0.036057,0.18512,0.98204,0.202128,0,-2.919097,Ground,2.570023,2.651093
70.77791,0.023657,-0.002662,-0.018892,-0.036057,0.18512,0.98204,0.208601,0,-2.968341,Ground,2.570023,2.651093
70.78899,0.028838,-0.002716,-0.018551,-0.042465,0.184311,0.981949,0.23565,0,-3.012171,Ground,2.501389,2.87265
70.79999,0.030419,-0.002724,-0.018655,-0.047897,0.272629,0.960922,0.319909,0,-3.831985,Ground,2.78595,3.787125
70.81121,0.030419,-0.002724,-0.018655,-0.047897,0.272629,0.960922,0.333518,0,-3.918533,Ground,2.78595,3.787125
70.8223,-0.018047,-0.005195,-0.008453,0.223953,0.334778,0.915283,-0.977781,0,-5.023131,Ground,2.725555,3.189789
70.83332,-0.028187,-0.001503,-0.021096,-0.003983,0.263107,0.964752,0.174539,0,-4.00039,Ground,2.822479,2.521454
70.84445,-0.01387,-0.001596,-0.0212,-0.02153,0.264237,0.964203,0.264492,0,-4.116078,Ground,2.729034,2.563034
70.85558,-0.01387,-0.001596,-0.0212,-0.02153,0.264237,0.964203,0.280227,0,-4.228995,Ground,2.729034,2.563034
70.86682,0.012143,-0.002015,-0.020437,-0.023148,0.272232,0.961945,0.311691,0,-4.451735,Ground,2.724091,2.562424
70.87778,0.022658,-0.002263,-0.020008,-0.022781,0.269562,0.962708,0.326182,0,-4.546585,Ground,2.724152,2.566315
70.88885,0.022658,-0.002263,-0.020008,-0.022781,0.269562,0.962708,0.347419,0,-4.691501,Ground,2.724152,2.566315
70.90015,-0.013094,-0.001837,-0.02083,-0.01767,0.257324,0.966156,0.333666,0,-4.671453,Ground,2.720016,2.5569
70.91112,-0.026932,-0.001706,-0.021072,-0.015854,0.246246,0.96907,0.338369,0,-4.676852,Ground,2.689423,2.533737
70.92223,-0.024419,-0.001753,-0.020977,-0.014191,0.242645,0.970001,0.354729,0,-4.814857,Ground,2.692673,2.550766
70.93334,-0.024419,-0.001753,-0.020977,-0.014191,0.242645,0.970001,0.385914,0,-5.031269,Ground,2.692673,2.550766
70.94439,0.00124,-0.001985,-0.020989,0.005966,0.185379,0.982636,0.257043,0,-4.377158,Ground,2.573471,2.574371
70.95558,0.026155,-0.002744,-0.018985,-0.022476,0.17218,0.984802,0.39717,0,-4.388561,Ground,2.653427,2.471771
70.96665,0.026155,-0.002744,-0.018985,-0.022476,0.17218,0.984802,0.424479,0,-4.586857,Ground,2.653427,2.471771
70.97777,0,0,0,0,0,1,-99999,-99999,-99999,,2.52037,2.6147
70.98881,0,0,0,0,0,1,-99999,-99999,-99999,,2.410065,2.423798
70.99989,0.030034,-0.002675,-0.018615,-0.003876,0.235916,0.971756,0.537987,0,-6.9054,Ground,2.710785,2.683121
71.01109,0.030034,-0.002675,-0.018615,-0.003876,0.235916,0.971756,0.590681,0,-7.431121,Ground,2.710785,2.683121
71.02209,0.030148,-0.002681,-0.018599,0.016968,0.230881,0.972824,0.467621,0,-7.838622,Ground,2.66069,2.50972
71.0332,0.022258,-0.001905,-0.020463,0.015091,0.21785,0.975861,0.498275,0,-7.949074,Ground,2.639404,2.635696
71.04447,0.022258,-0.001905,-0.020463,0.015091,0.21785,0.975861,0.549244,0,-8.674478,Ground,2.639404,2.635696
71.05545,-0.027829,-0.000069,-0.025495,0.00531,0.20282,0.979187,0.638611,0,-8.692778,Ground,2.769058,2.591461
71.06675,-0.030127,0.000025,-0.02583,0.01564,0.199936,0.979675,0.590016,0,-9.313137,Ground,2.712097,2.542709
71.07774,-0.030127,0.000025,-0.02583,0.01564,0.199936,0.979675,0.643978,0,-10.19062,Ground,2.712097,2.542709
71.08878,-0.030234,-0.000531,-0.024325,0.053864,0.213226,0.97551,0.302382,0,-12.49912,Ground,2.786209,2.445267
71.09995,-0.029092,-0.001685,-0.021029,0.092361,0.23819,0.966812,-0.284105,0,-18.4496,Ground,2.705887,2.621552
71.11111,-0.025555,-0.001952,-0.020395,0.103897,0.232712,0.966965,-0.5926,0,-20.81602,Ground,2.723557,2.692719
71.12219,-0.025555,-0.001952,-0.020395,0.103897,0.232712,0.966965,-0.774929,0,-25.54306,Ground,2.723557,2.692719
71.13318,-0.00988,-0.002176,-0.020225,0.097473,0.210831,0.972641,-0.574839,0,-22.18279,Ground,2.720413,2.702011
71.14423,-0.006656,-0.002324,-0.020166,0.09964,0.200516,0.974609,-0.68471,0,-22.79494,Ground,2.753571,2.581085
71.15554,-0.002398,-0.002354,-0.020468,0.093857,0.166092,0.981628,-0.453405,0,-17.22475,Ground,2.789017,2.689697
71.16666,-0.002398,-0.002354,-0.020468,0.093857,0.166092,0.981628,-0.557084,0,-19.68726,Ground,2.789017,2.689697
71.17769,-0.002512,-0.002435,-0.020422,0.099838,0.135025,0.985794,-0.574408,0,-15.78273,Ground,2.767288,2.749039
71.18884,-0.01091,-0.002363,-0.020662,0.092651,0.114105,0.989136,-0.444388,0,-14.16173,Ground,2.820541,2.659271
71.20016,-0.01091,-0.002363,-0.020662,0.092651,0.114105,0.989136,-0.52457,0,-15.42844,Ground,2.820541,2.659271
71.21115,-0.015441,-0.002356,-0.020746,0.087753,0.110153,0.990021,-0.521289,0,-16.21755,Ground,2.848679,2.66983
71.22202,-0.014027,-0.002416,-0.020956,0.084091,0.086044,0.992722,-0.444269,0,-13.95171,Ground,2.776718,2.654907
71.23317,-0.007611,-0.002632,-0.020583,0.0784,0.074341,0.994141,-0.400406,0,-13.46328,Ground,2.819366,2.708435
71.24429,-0.007611,-0.002632,-0.020583,0.0784,0.074341,0.994141,-0.470231,0,-14.27425,Ground,2.819366,2.708435
