time,ori_x,ori_y,ori_z,dir_x,dir_y,dir_z,gaze_x,gaze_y,gaze_z,gaze_object,pupil_l,pupil_r
169.0765,0.031881,-0.003592,-0.025464,0.058716,-0.161972,0.985031,0.154695,0,-0.083508,Ground,3.137711,-1
169.0888,0.031885,-0.003593,-0.02546,0.058624,-0.161972,0.985046,0.155226,0,-0.083589,Ground,3.128586,-1
169.0987,0.031885,-0.003593,-0.02546,0.058624,-0.161972,0.985046,0.156193,0,-0.083817,Ground,3.128586,-1
169.1099,0.031885,-0.003599,-0.025456,0.056946,-0.160599,0.985367,0.16023,0,-0.081812,Ground,3.129044,-1
169.1209,0.031886,-0.003604,-0.025454,0.056107,-0.15947,0.985596,0.163404,0,-0.08089,Ground,3.131393,-1
169.1321,0.031897,-0.003604,-0.025454,0.057037,-0.157394,0.985886,0.168132,0,-0.082158,Ground,3.145996,-1
169.1433,0.031897,-0.003604,-0.025454,0.057037,-0.157394,0.985886,0.170355,0,-0.081958,Ground,3.145996,-1
169.1544,0.031934,-0.003595,-0.025454,0.06221,-0.159134,0.985291,0.168604,0,-0.087469,Ground,3.146332,-1
169.1653,0.031979,-0.003592,-0.025463,0.066727,-0.159302,0.98497,0.168552,0,-0.092369,Ground,3.146317,-1
169.1765,0.031979,-0.003592,-0.025463,0.066727,-0.159302,0.98497,0.169765,0,-0.091982,Ground,3.146317,-1
169.1876,0.031992,-0.003604,-0.025454,0.06868,-0.157288,0.985153,0.172498,0,-0.094909,Ground,3.147263,-1
169.1986,0.031992,-0.00361,-0.025442,0.068695,-0.157013,0.985199,0.173103,0,-0.095369,Ground,3.146378,4.12764
169.2098,0.031992,-0.00361,-0.025442,0.068695,-0.157013,0.985199,0.172373,0,-0.096116,Ground,3.146378,4.12764
169.2209,0.031892,-0.003682,-0.02547,0.055756,-0.155487,0.986252,0.176672,0,-0.080753,Ground,3.119904,4.160248
169.232,0.031876,-0.003702,-0.025469,0.057526,-0.156479,0.985992,0.173661,0,-0.083178,Ground,3.107651,-1
169.2431,0.031876,-0.003702,-0.025469,0.057526,-0.156479,0.985992,0.172593,0,-0.083157,Ground,3.107651,-1
169.2542,0.031881,-0.003712,-0.025464,0.05722,-0.162994,0.984955,0.163736,0,-0.080789,Ground,3.151688,4.168808
169.2652,0.031886,-0.003714,-0.025463,0.057892,-0.160568,0.985321,0.165728,0,-0.082297,Ground,3.139816,4.063721
169.2764,0.031925,-0.003715,-0.025412,0.065125,-0.160156,0.984924,0.163329,0,-0.091624,Ground,3.167938,-1
169.2876,0.031925,-0.003715,-0.025412,0.065125,-0.160156,0.984924,0.161571,0,-0.091565,Ground,3.167938,-1
169.2987,0.031934,-0.003715,-0.0254,0.064484,-0.159866,0.985016,0.160186,0,-0.090451,Ground,3.141235,-1
169.3097,0.031986,-0.003885,-0.025112,0.078339,-0.169403,0.982422,0.141907,0,-0.105071,Ground,3.204666,-1
169.3208,0.031986,-0.003885,-0.025112,0.078339,-0.169403,0.982422,0.139915,0,-0.104548,Ground,3.204666,-1
169.3319,0.031987,-0.004153,-0.024924,0.071472,-0.224136,0.971924,0.067789,0,-0.080304,Ground,3.172043,-1
169.3431,0.032018,-0.00412,-0.025016,0.076248,-0.216888,0.973206,0.074537,0,-0.088541,Ground,3.090515,4.158646
169.3542,0.032019,-0.004094,-0.025014,0.067902,-0.218109,0.973557,0.07417,0,-0.077778,Ground,3.100098,4.795319
169.3653,0.032019,-0.004094,-0.025014,0.067902,-0.218109,0.973557,0.073127,0,-0.077985,Ground,3.100098,4.795319
169.3764,0.032022,-0.00409,-0.024979,0.068634,-0.221802,0.972656,0.067736,0,-0.078069,Ground,3.069519,5.420746
169.3875,0.032018,-0.003752,-0.025991,0.05899,-0.208588,0.976212,0.088322,0,-0.069653,Ground,3.050171,5.180435
169.3986,0.032018,-0.003752,-0.025991,0.05899,-0.208588,0.976212,0.088897,0,-0.07048,Ground,3.050171,5.180435
169.4097,0.032085,-0.004005,-0.025111,0.068375,-0.208695,0.975571,0.087127,0,-0.084189,Ground,3.101196,5.186127
169.4208,0.032085,-0.004013,-0.025066,0.073532,-0.210281,0.974869,0.084408,0,-0.091645,Ground,3.162186,5.20015
169.4319,0.032085,-0.004013,-0.025066,0.073532,-0.210281,0.974869,0.085744,0,-0.093121,Ground,3.162186,5.20015
169.4432,0.032078,-0.004005,-0.025088,0.071671,-0.210556,0.974945,0.087787,0,-0.091919,Ground,3.156815,4.312546
169.4542,0.032078,-0.004012,-0.025075,0.072815,-0.209,0.975189,0.093662,0,-0.095643,Ground,3.157623,-1
169.4653,0.032124,-0.004086,-0.025006,0.069382,-0.216217,0.973862,0.089339,0,-0.091586,Ground,3.087082,-1
169.4763,0.032124,-0.004086,-0.025006,0.069382,-0.216217,0.973862,0.093297,0,-0.093554,Ground,3.087082,-1
169.4875,0.032147,-0.004203,-0.024919,0.069763,-0.212326,0.974701,0.102301,0,-0.097489,Ground,3.142105,-1
169.4985,0.032155,-0.00432,-0.024868,0.059906,-0.200836,0.977783,0.124634,0,-0.090852,Ground,3.168457,3.995605
169.5097,0.032155,-0.00432,-0.024868,0.059906,-0.200836,0.977783,0.129378,0,-0.093712,Ground,3.168457,3.995605
169.5208,0.032164,-0.004243,-0.025019,0.061829,-0.209061,0.975937,0.124589,0,-0.097154,Ground,3.116241,4.075256
169.5319,0.032084,-0.003584,-0.025688,0.064911,-0.13446,0.988785,0.228202,0,-0.127648,Ground,3.11972,4.321167
169.543,0.032084,-0.003584,-0.025688,0.064911,-0.13446,0.988785,0.237687,0,-0.132559,Ground,3.11972,4.321167
169.5542,0.031964,-0.002964,-0.025405,0.054642,-0.023956,0.998215,0.39289,0,-0.159898,Ground,3.015076,-1
169.5652,0.031838,-0.001938,-0.026631,0.04364,0.098328,0.994186,0.568618,0,-0.193501,Ground,3.042358,-1
169.5763,0.00149,-0.001974,-0.022927,0.092361,-0.108292,0.989807,0.301982,0,-0.193826,Ground,2.469254,3.607986
169.5876,0.00149,-0.001974,-0.022927,0.092361,-0.108292,0.989807,0.31829,0,-0.200988,Ground,2.469254,3.607986
169.5986,-0.028506,-0.001252,-0.021833,0.187042,-0.045853,0.981278,0.38256,0,-0.353243,Ground,2.617661,3.040512
169.6095,0,0,0,0,0,1,-99999,-99999,-99999,,2.630798,-1
169.6207,0,0,0,0,0,1,-99999,-99999,-99999,,2.630798,-1
169.6319,-0.028991,0.001234,-0.028461,0.087616,0.102158,0.990891,0.674922,0,-0.312181,Ground,3.057556,3.121704
169.6429,-0.02869,0.00248,-0.032748,0.154099,0.163895,0.97435,0.758396,0,-0.444964,Ground,3.002472,2.885208
169.6543,-0.028693,0.002363,-0.032181,0.199509,0.188721,0.961548,0.800408,0,-0.538758,Ground,2.577103,2.863007
169.6653,-0.028693,0.002363,-0.032181,0.199509,0.188721,0.961548,0.823586,0,-0.553878,Ground,2.577103,2.863007
169.6765,-0.028762,0.001887,-0.030464,0.225632,0.275726,0.934372,0.987511,0,-0.674823,Ground,2.271591,2.808044
169.6874,-0.028897,0.002248,-0.030614,0.21759,0.274704,0.936569,1.02009,0,-0.681675,Ground,-1,2.699341
169.6984,-0.028897,0.002248,-0.030614,0.21759,0.274704,0.936569,1.055841,0,-0.705505,Ground,-1,2.699341
169.7096,0.031076,0.000071,-0.026763,0.092178,0.629898,0.771179,2.306428,0,-0.982015,Ground,3.40921,-1
169.7207,0.030988,0.001469,-0.029947,0.127396,0.574081,0.808807,2.097406,0,-1.004354,Ground,2.938477,-1
169.7318,0.030988,0.001469,-0.029947,0.127396,0.574081,0.808807,2.220135,0,-1.078708,Ground,2.938477,-1
169.743,0.030946,0.001907,-0.03063,0.130737,0.601257,0.788269,2.532192,0,-1.257064,Ground,3.217957,-1
169.754,-0.008779,0.000458,-0.021658,0.360764,0.540634,0.759949,2.276089,0,-1.951347,Ground,3.160004,3.499634
169.7651,-0.008779,0.000458,-0.021658,0.360764,0.540634,0.759949,2.459359,0,-2.13166,Ground,3.160004,3.499634
169.7761,-0.025037,0.000192,-0.018972,0.417358,0.51619,0.747879,2.496594,0,-2.474261,Ground,3.603943,3.323593
169.7874,0.030886,0.00094,-0.025226,0.174362,0.752182,0.635452,9.33085,0,-5.490994,Ground,3.821487,-1
169.7984,0,0,0,0,0,1,-99999,-99999,-99999,,-1,-1
169.8095,0,0,0,0,0,1,-99999,-99999,-99999,,-1,-1
169.8206,0.031012,0.001407,-0.028861,0.116013,0.82605,0.551514,-99999,-99999,-99999,,4.015182,-1
169.8318,0.031134,0.000583,-0.02622,0.042236,0.829742,0.556519,-99999,-99999,-99999,,3.766525,-1
169.8428,0.031134,0.000583,-0.02622,0.042236,0.829742,0.556519,-99999,-99999,-99999,,3.766525,-1
169.8541,-0.025723,-0.000304,-0.02148,0.108658,0.837875,0.534912,-99999,-99999,-99999,,4.942276,4.141068
169.865,-0.025179,-0.001287,-0.018534,0.093704,0.881989,0.461853,-99999,-99999,-99999,,4.850357,5.148514
169.8762,-0.008987,0.003694,-0.031173,0.081528,0.342789,0.935852,4.000185,0,-1.899128,Ground,2.745316,2.7314
169.8872,-0.008987,0.003694,-0.031173,0.081528,0.342789,0.935852,4.506227,0,-2.124013,Ground,2.745316,2.7314
169.8983,0.012308,0.003128,-0.031313,0.009491,0.411072,0.911545,7.409482,0,-2.872754,Ground,2.877197,2.705368
169.9096,0.031474,0.002201,-0.030592,-0.034927,0.518936,0.85408,48.28892,0,-16.43369,Ground,2.758865,2.678833
169.9207,0.031474,0.002201,-0.030592,-0.034927,0.518936,0.85408,-99999,-99999,-99999,,2.758865,2.678833
169.9317,0.030935,0.0024,-0.031822,-0.030258,0.428253,0.903137,19.66062,0,-6.502936,Ground,2.523773,2.728226
169.943,0.028283,0.001339,-0.029316,-0.0522,0.472504,0.879776,-99999,-99999,-99999,,2.625381,3.59346
169.9539,0.028283,0.001339,-0.029316,-0.0522,0.472504,0.879776,-99999,-99999,-99999,,2.625381,3.59346
169.9651,0.028128,0.001077,-0.028492,-0.066971,0.46695,0.881729,-99999,-99999,-99999,,2.698792,3.34227
169.9765,0.030391,0.001099,-0.028277,-0.046448,0.409805,0.91098,-99999,-99999,-99999,,2.701599,3.259338
169.9872,0.032305,0.001185,-0.028553,-0.041061,0.361801,0.931335,-99999,-99999,-99999,,2.691498,3.151031
169.9983,0.032305,0.001185,-0.028553,-0.041061,0.361801,0.931335,-99999,-99999,-99999,,2.691498,3.151031
170.0095,0.032117,0.001003,-0.02824,-0.039154,0.342423,0.938721,-99999,-99999,-99999,,2.871445,3.145645
170.0205,0.031648,0.000977,-0.028111,-0.054825,0.330261,0.942276,-99999,-99999,-99999,,2.798645,3.195129
170.0318,0.031648,0.000977,-0.028111,-0.054825,0.330261,0.942276,-99999,-99999,-99999,,2.798645,3.195129
170.0427,0.021877,0.001058,-0.027849,-0.120132,0.353729,0.927597,-99999,-99999,-99999,,2.703705,3.164215
170.0538,0.001561,0.000875,-0.026641,-0.135971,0.339111,0.930862,-99999,-99999,-99999,,2.648041,3.142044
170.0651,0.001561,0.000875,-0.026641,-0.135971,0.339111,0.930862,-99999,-99999,-99999,,2.648041,3.142044
170.0762,-0.01254,0.000877,-0.026326,-0.140976,0.317749,0.937622,-99999,-99999,-99999,,2.766037,3.281662
170.0872,-0.010883,0.001019,-0.02688,-0.134354,0.278091,0.951096,-99999,-99999,-99999,,2.873367,3.205658
170.0983,0.022297,0.001484,-0.028688,-0.110291,0.223831,0.968353,-99999,-99999,-99999,,3.024261,3.113571
170.1095,0.022297,0.001484,-0.028688,-0.110291,0.223831,0.968353,-99999,-99999,-99999,,3.024261,3.113571
170.1207,0.027294,0.001202,-0.027705,-0.100418,0.198654,0.974899,-99999,-99999,-99999,,2.878372,3.228867
170.1316,0.013913,0.001236,-0.027424,-0.088547,0.175812,0.980423,-99999,-99999,-99999,,3.025894,3.127319
170.1426,0.013913,0.001236,-0.027424,-0.088547,0.175812,0.980423,-99999,-99999,-99999,,3.025894,3.127319
170.1538,0.001201,0.001254,-0.027449,-0.088684,0.167984,0.981781,-99999,-99999,-99999,,2.847321,3.033234
170.1649,0.005686,0.001112,-0.026971,-0.07193,0.146149,0.986633,-99999,-99999,-99999,,2.920258,2.978378
170.176,0.005686,0.001112,-0.026971,-0.07193,0.146149,0.986633,-99999,-99999,-99999,,2.920258,2.978378
170.1872,0.017424,0.001147,-0.027253,-0.047592,0.113968,0.99234,-99999,-99999,-99999,,2.954468,3.066833
170.1983,0.017985,0.00113,-0.027146,-0.043579,0.107346,0.993256,-99999,-99999,-99999,,3.01683,3.063522
170.2093,0.017985,0.00113,-0.027146,-0.043579,0.107346,0.993256,-99999,-99999,-99999,,3.01683,3.063522
170.2206,0.018054,0.001105,-0.02696,-0.030609,0.098267,0.994675,-99999,-99999,-99999,,2.937225,3.057816
170.2319,0.018866,0.001109,-0.026848,-0.026978,0.08075,0.996353,-99999,-99999,-99999,,3.061539,3.130814
170.243,0.018049,0.001061,-0.026674,-0.01593,0.075623,0.996994,-99999,-99999,-99999,,3.031021,3.097351
170.2538,0.018049,0.001061,-0.026674,-0.01593,0.075623,0.996994,-99999,-99999,-99999,,3.031021,3.097351
170.2649,0.02303,0.000969,-0.026426,-0.010666,0.058914,0.9982,-99999,-99999,-99999,,2.993469,3.003555
170.2761,0.024074,0.000874,-0.025941,-0.014374,0.037659,0.999176,-99999,-99999,-99999,,3.004196,3.079697
170.2872,0.024074,0.000874,-0.025941,-0.014374,0.037659,0.999176,-99999,-99999,-99999,,3.004196,3.079697
170.2982,0.023822,0.000876,-0.026271,-0.005386,0.04422,0.998993,-99999,-99999,-99999,,2.998001,3.180939
170.3093,0.021638,0.000866,-0.02615,0.005707,0.033524,0.99942,-99999,-99999,-99999,,3.005264,3.176926
170.3204,0.015516,0.000855,-0.026117,0.007629,0.021484,0.999725,-99999,-99999,-99999,,3.000443,3.09993
170.3316,0.015516,0.000855,-0.026117,0.007629,0.021484,0.999725,-99999,-99999,-99999,,3.000443,3.09993
170.3427,0.011164,0.000791,-0.025987,0.00885,0.026337,0.999603,-99999,-99999,-99999,,3.006607,3.078339
170.3538,0.010924,0.000781,-0.025971,0.01181,0.026749,0.999558,-99999,-99999,-99999,,3.002945,3.082245
170.3648,0.010924,0.000781,-0.025971,0.01181,0.026749,0.999558,-99999,-99999,-99999,,3.002945,3.082245
170.3758,0.004152,0.000779,-0.025953,0.014694,0.025558,0.999558,-99999,-99999,-99999,,2.997574,3.092346
170.3871,0.001412,0.000793,-0.025933,0.012039,0.020889,0.999695,-99999,-99999,-99999,,2.99675,3.083557
170.3982,0.001231,0.000793,-0.025922,0.022293,0.019852,0.999542,-99999,-99999,-99999,,2.992218,3.078171
170.4093,0.001231,0.000793,-0.025922,0.022293,0.019852,0.999542,-99999,-99999,-99999,,2.992218,3.078171
170.4206,0.010616,0.000783,-0.025866,0.03447,0.015869,0.999268,-99999,-99999,-99999,,2.984283,3.056168
170.4314,0.0087,0.000865,-0.025782,0.039902,0.012421,0.999115,-99999,-99999,-99999,,2.981735,3.014847
170.4426,0.0087,0.000865,-0.025782,0.039902,0.012421,0.999115,-99999,-99999,-99999,,2.981735,3.014847
170.4537,0.003862,0.00105,-0.026366,0.056091,-0.003784,0.998413,-99999,-99999,-99999,,2.972107,3.052002
170.4648,-0.012032,0.000813,-0.025948,0.070816,-0.043655,0.996521,-99999,-99999,-99999,,3.000824,3.055923
170.4761,-0.012032,0.000813,-0.025948,0.070816,-0.043655,0.996521,-99999,-99999,-99999,,3.000824,3.055923
170.4873,-0.024108,0.00124,-0.027632,0.043701,-0.06694,0.996796,-99999,-99999,-99999,,3.001251,3.00676
170.4984,-0.024758,0.001226,-0.027518,0.045303,-0.072449,0.996338,-99999,-99999,-99999,,3.015457,3.149994
170.5092,-0.025427,0.00074,-0.02561,0.079758,-0.060989,0.994934,-99999,-99999,-99999,,3.016617,3.067535
170.5203,-0.025427,0.00074,-0.02561,0.079758,-0.060989,0.994934,-99999,-99999,-99999,,3.016617,3.067535
170.5317,-0.020815,0.00083,-0.025618,0.078217,-0.056976,0.9953,-99999,-99999,-99999,,3.076401,3.03476
170.5425,0.013354,0.000791,-0.025701,0.095779,-0.068619,0.993027,-99999,-99999,-99999,,3.096436,3.066711
170.5538,0.013354,0.000791,-0.025701,0.095779,-0.068619,0.993027,-99999,-99999,-99999,,3.096436,3.066711
170.5649,0.013781,0.000849,-0.025662,0.088165,-0.063675,0.994064,-99999,-99999,-99999,,3.040665,3.085434
170.576,0.007352,0.000887,-0.025503,0.094757,-0.055985,0.993912,-99999,-99999,-99999,,3.063858,3.166351
170.587,0.007352,0.000887,-0.025503,0.094757,-0.055985,0.993912,-99999,-99999,-99999,,3.063858,3.166351
170.5982,-0.012082,0.000975,-0.025433,0.08577,-0.058319,0.994598,-99999,-99999,-99999,,3.094543,3.111908
170.6093,-0.015995,0.000995,-0.025449,0.080887,-0.058502,0.994995,-99999,-99999,-99999,,3.032669,3.158279
170.6203,-0.013309,0.000988,-0.025454,0.083954,-0.058914,0.994721,-99999,-99999,-99999,,3.091507,3.158447
170.6315,-0.013309,0.000988,-0.025454,0.083954,-0.058914,0.994721,-99999,-99999,-99999,,3.091507,3.158447
170.6426,-0.00598,0.00096,-0.025466,0.084213,-0.058456,0.994721,-99999,-99999,-99999,,3.091537,3.158539
170.6536,-0.001791,0.000946,-0.025482,0.085251,-0.057999,0.994659,-99999,-99999,-99999,,3.099167,3.18425
170.6647,-0.001791,0.000946,-0.025482,0.085251,-0.057999,0.994659,-99999,-99999,-99999,,3.099167,3.18425
170.6759,-0.008284,0.00097,-0.025491,0.078552,-0.059875,0.995102,1.92,1.232204,-0.401605,O02_WestWall,3.112488,3.175797
170.7193,-0.001195,0.000951,-0.025523,0.081253,-0.061981,0.994751,1.92,1.215964,-0.42467,O02_WestWall,3.115097,3.174973
170.7251,-0.001195,0.000951,-0.025523,0.081253,-0.061981,0.994751,1.92,1.211199,-0.430807,O02_WestWall,3.115097,3.174973
170.7301,-0.001195,0.000951,-0.025523,0.081253,-0.061981,0.994751,1.92,1.207076,-0.436813,O02_WestWall,3.115097,3.174973
170.7374,0.002177,0.000993,-0.02586,0.075409,-0.056168,0.99556,1.92,1.215033,-0.433477,O02_WestWall,3.137238,3.156311
170.7485,0.00266,0.000995,-0.025865,0.06897,-0.059891,0.995804,1.92,1.206026,-0.426981,O02_WestWall,3.166855,3.153198
170.7596,0.00266,0.000995,-0.025865,0.06897,-0.059891,0.995804,1.92,1.200952,-0.433332,O02_WestWall,3.166855,3.153198
170.7708,-0.002013,0.001012,-0.025907,0.061386,-0.056763,0.996491,1.92,1.203194,-0.427131,O02_WestWall,3.167389,3.157455
170.7819,-0.0041,0.000935,-0.02581,0.059677,-0.063034,0.996216,1.92,1.185815,-0.428938,O02_WestWall,3.178726,3.274353
170.7933,-0.0041,0.000935,-0.02581,0.059677,-0.063034,0.996216,1.92,1.179158,-0.435397,O02_WestWall,3.178726,3.274353
170.8042,0.028773,0.000089,-0.024228,0.083481,-0.172272,0.981491,1.596057,1.060553,-0.399341,O02_L15_01,3.202164,3.608841
170.8154,0.031766,0.000045,-0.024674,0.093842,-0.171494,0.980698,1.595836,1.053742,-0.421517,O02_L15_01,3.240662,4.17984
170.8266,0.031767,0.000026,-0.024629,0.087387,-0.172424,0.981125,1.595624,1.050237,-0.416915,O02_L15_01,3.223297,4.099747
170.8379,0.031767,0.000026,-0.024629,0.087387,-0.172424,0.981125,1.595458,1.04632,-0.423346,O02_L15_01,3.223297,4.099747
170.8486,0.031769,0.000045,-0.024704,0.086655,-0.172699,0.98114,1.595271,1.042227,-0.42778,O02_L15_01,3.238861,4.020081
170.8597,0.03178,0.000069,-0.024791,0.084534,-0.169785,0.981842,1.595335,1.04307,-0.431064,O02_L15_01,3.278961,4.044571
170.8708,0.03178,0.000069,-0.024791,0.084534,-0.169785,0.981842,1.595093,1.037769,-0.436894,O02_L15_01,3.278961,4.044571
170.8821,0.031799,0.000079,-0.024757,0.081284,-0.172791,0.981598,1.594625,1.028839,-0.436913,O02_L15_01,3.237198,4.04248
170.8931,0.031818,0.000074,-0.024713,0.079498,-0.173721,0.981567,1.594326,1.022835,-0.439516,O02_L15_01,3.240952,4.042419
170.9042,0.031818,0.000074,-0.024713,0.079498,-0.173721,0.981567,1.594107,1.018019,-0.444851,O02_L15_01,3.240952,4.042419
170.9153,0.031834,0.000074,-0.024713,0.07518,-0.173966,0.981873,1.59388,1.013838,-0.443618,O02_L15_01,3.249191,4.125885
170.9264,0.031851,0.000079,-0.024735,0.071396,-0.173019,0.982315,1.59375,1.011429,-0.443021,O02_L15_01,3.248749,4.042053
170.9375,0.031878,0.0001,-0.024779,0.071945,-0.175064,0.981918,1.593302,1.002215,-0.448821,O02_L15_01,3.241974,4.042114
170.9486,0.031878,0.0001,-0.024779,0.071945,-0.175064,0.981918,1.592985,0.995544,-0.45413,O02_L15_01,3.241974,4.042114
170.9599,0.03191,0.000109,-0.024812,0.066284,-0.173492,0.98259,1.592822,0.992851,-0.450526,O02_L15_01,3.240814,4.126221
170.9706,0.031956,0.000184,-0.024942,0.070374,-0.178436,0.981415,1.592028,0.976511,-0.46072,O02_L15_01,3.227768,4.130035
170.9819,0.031956,0.000184,-0.024942,0.070374,-0.178436,0.981415,1.591666,0.969146,-0.464697,O02_L15_01,3.227768,4.130035
170.9933,0.031973,0.000198,-0.024946,0.05629,-0.17807,0.982391,1.591395,0.966192,-0.445692,O02_L15_01,3.227005,4.022415
171.004,0.031984,0.0002,-0.024948,0.056091,-0.175568,0.982864,1.591239,0.962724,-0.449929,O02_L15_01,3.227386,3.972885
171.0153,0.031984,0.0002,-0.024948,0.056091,-0.175568,0.982864,1.590847,0.954841,-0.453455,O02_L15_01,3.227386,3.972885
171.0265,0.032015,0.000205,-0.024948,0.045105,-0.173447,0.983795,1.590688,0.953448,-0.439341,O02_L15_01,3.214035,3.799454
171.0374,0.032054,0.000211,-0.024949,0.053452,-0.173523,0.983368,1.590199,0.942191,-0.455917,O02_L15_01,3.211166,3.799789
171.0485,0.032054,0.000211,-0.024949,0.053452,-0.173523,0.983368,1.589792,0.934063,-0.459044,O02_L15_01,3.211166,3.799789
171.0598,0.032099,0.000216,-0.024949,0.043915,-0.169174,0.984604,1.589828,0.936137,-0.447093,O02_L15_01,3.21167,3.699722
171.0708,0.032124,0.000221,-0.024949,0.043045,-0.157517,0.986572,1.590471,0.94806,-0.450049,O02_L15_01,3.210144,3.595749
171.0818,0.032137,0.000242,-0.024949,0.032623,-0.15535,0.987305,1.590327,0.946994,-0.435703,O02_L15_01,3.210495,3.505981
171.0932,0.032137,0.000242,-0.024949,0.032623,-0.15535,0.987305,1.589901,0.938616,-0.437911,O02_L15_01,3.210495,3.505981
171.104,0.032157,0.000298,-0.025002,0.031082,-0.151413,0.987976,1.589845,0.937542,-0.4379,O02_L15_01,3.210571,3.498138
171.1152,0.032175,0.000382,-0.025132,0.022446,-0.144638,0.989227,1.590037,0.942499,-0.426871,O02_L15_01,3.20874,3.463364
171.1265,0.032175,0.000382,-0.025132,0.022446,-0.144638,0.989227,1.58958,0.933657,-0.427852,O02_L15_01,3.20874,3.463364
171.1373,0.032173,0.000276,-0.025109,0.018906,-0.172348,0.984848,1.586639,0.878692,-0.418264,O02_L15_01,3.212006,4.097885
171.1486,0.032176,0.000242,-0.025156,0.017838,-0.176193,0.984177,1.585811,0.86309,-0.416622,O02_L15_01,3.209976,3.53862
171.1598,0.032182,0.000254,-0.0252,0.013306,-0.175781,0.984329,1.585396,0.855938,-0.410132,O02_L15_01,3.197495,3.483643
171.1711,0.032182,0.000254,-0.0252,0.013306,-0.175781,0.984329,1.584959,0.84748,-0.411162,O02_L15_01,3.197495,3.483643
171.1825,0.032192,0.00027,-0.025223,0.015442,-0.171402,0.985077,1.584967,0.847079,-0.41591,O02_L15_01,3.203552,3.47258
171.1941,0.032197,0.000286,-0.025225,0.011383,-0.170807,0.98523,1.584666,0.841998,-0.410259,O02_L15_01,3.203705,3.842209
171.2054,0.032197,0.000286,-0.025225,0.011383,-0.170807,0.98523,1.584318,0.835308,-0.410636,O02_L15_01,3.203705,3.842209
171.2168,0.032206,0.000318,-0.025238,0.008698,-0.166824,0.985947,1.58435,0.836319,-0.407241,O02_L15_01,3.204453,3.737534
171.2284,0.032213,0.000337,-0.02524,0.006119,-0.152374,0.988297,1.585346,0.85551,-0.405567,O02_L15_01,3.228012,3.734299
171.2398,0.032224,0.000364,-0.025254,0.006638,-0.156555,0.98764,1.584629,0.841843,-0.405527,O02_L15_01,3.226913,3.652176
171.2512,0.032224,0.000364,-0.025254,0.006638,-0.156555,0.98764,1.584314,0.835853,-0.405389,O02_L15_01,3.226913,3.652176
171.2628,0.03223,0.000417,-0.025303,0.007187,-0.155838,0.987747,1.584058,0.830885,-0.406128,O02_L15_01,3.231476,3.649826
171.2741,0.032237,0.000472,-0.02533,0.003632,-0.150192,0.988648,1.584294,0.835972,-0.401098,O02_L15_01,3.236465,3.533844
171.2855,0.032237,0.000472,-0.02533,0.003632,-0.150192,0.988648,1.584023,0.830809,-0.400939,O02_L15_01,3.236465,3.533844
171.2969,0.032246,0.000484,-0.025339,0.005768,-0.135742,0.990723,1.585149,0.851602,-0.406819,O02_L15_01,3.255112,3.533844
171.3085,0.03226,0.000511,-0.025348,0.007919,-0.128006,0.99173,1.585717,0.861902,-0.411397,O02_L15_01,3.276917,3.534332
171.3198,0.032262,0.000557,-0.025372,0.008194,-0.1138,0.993469,1.586939,0.884887,-0.414234,O02_L15_01,3.280411,3.441742
171.3309,0.032262,0.000557,-0.025372,0.008194,-0.1138,0.993469,1.586888,0.883889,-0.414434,O02_L15_01,3.280411,3.441742
171.3424,0.032264,0.000592,-0.025413,0.008606,-0.116394,0.993164,1.58665,0.879321,-0.414607,O02_L15_01,3.278656,3.48877
171.3534,0.032265,0.000671,-0.025555,0.007156,-0.109634,0.993942,1.587214,0.890174,-0.413789,O02_L15_01,3.27739,3.472824
171.3647,0.032265,0.000671,-0.025555,0.007156,-0.109634,0.993942,1.587183,0.889539,-0.414159,O02_L15_01,3.27739,3.472824
171.3757,0.032267,0.000706,-0.025582,0.007751,-0.107803,0.994141,1.587292,0.891419,-0.415961,O02_L15_01,3.288757,3.476959
171.3867,0.012632,0.000881,-0.025694,-0.004166,-0.097458,0.995224,1.588204,0.91084,-0.398709,O02_L15_01,3.289246,3.497269
171.3979,0.000663,0.000975,-0.025767,-0.01239,-0.08786,0.996048,1.589064,0.928565,-0.387374,O02_L15_01,3.285187,3.509018
171.4089,0.000663,0.000975,-0.025767,-0.01239,-0.08786,0.996048,1.589052,0.928275,-0.387919,O02_L15_01,3.285187,3.509018
171.4201,0.030369,0.000783,-0.025613,0.003998,-0.097824,0.995194,1.588156,0.908239,-0.413071,O02_L15_01,3.286392,3.52655
171.431,0.02996,0.000789,-0.025636,0.006088,-0.093567,0.99559,1.588552,0.91529,-0.417266,O02_L15_01,3.298981,3.526306
171.4423,0.02996,0.000789,-0.025636,0.006088,-0.093567,0.99559,1.588589,0.915975,-0.417566,O02_L15_01,3.298981,3.526306
171.4533,0.028917,0.000798,-0.025646,0.003754,-0.091248,0.995819,1.588805,0.920527,-0.413802,O02_L15_01,3.303391,3.535843
171.4645,0.03222,0.000779,-0.02563,0.004669,-0.092102,0.995728,1.588713,0.918595,-0.415385,O02_L15_01,3.331177,3.59288
171.4758,0.032217,0.000782,-0.02563,0.005493,-0.092667,0.995667,1.588627,0.916809,-0.416635,O02_L15_01,3.331039,3.592697
171.4866,0.032217,0.000782,-0.02563,0.005493,-0.092667,0.995667,1.58858,0.915895,-0.416767,O02_L15_01,3.331039,3.592697
171.4978,0.032234,0.000788,-0.02565,0.005463,-0.092941,0.995651,1.588516,0.914678,-0.416728,O02_L15_01,3.296906,3.605057
171.5088,0.032066,0.000792,-0.025659,0.005096,-0.091919,0.995743,1.588563,0.915634,-0.416254,O02_L15_01,3.29715,3.605026
171.5199,0.032066,0.000792,-0.025659,0.005096,-0.091919,0.995743,1.588508,0.914548,-0.416565,O02_L15_01,3.29715,3.605026
171.5311,0.032109,0.000796,-0.025666,0.005295,-0.091461,0.995789,1.588506,0.914442,-0.417068,O02_L15_01,3.33429,3.605621
171.5423,0.031915,0.0008,-0.025665,0.003754,-0.090439,0.99588,1.588572,0.916012,-0.414474,O02_L15_01,3.338837,3.599686
171.5533,0.031915,0.0008,-0.025665,0.003754,-0.090439,0.99588,1.588573,0.916006,-0.414673,O02_L15_01,3.338837,3.599686
171.5646,0.011413,0.000901,-0.025582,-0.005951,-0.088104,0.996079,1.588791,0.921916,-0.399673,O02_L15_01,3.330475,3.599136
171.5757,0.012384,0.000899,-0.025589,-0.005737,-0.088989,0.996002,1.588723,0.920597,-0.399943,O02_L15_01,3.351913,3.598129
171.5866,0.031758,0.000807,-0.025639,0.002228,-0.091171,0.995819,1.588529,0.915323,-0.413288,O02_L15_01,3.395416,3.603287
171.5981,0.031758,0.000807,-0.025639,0.002228,-0.091171,0.995819,1.588544,0.915522,-0.41404,O02_L15_01,3.395416,3.603287
171.609,0.03224,0.000809,-0.02563,0.002136,-0.091003,0.995834,1.588558,0.915699,-0.414833,O02_L15_01,3.43277,3.602097
171.6201,0.032256,0.000809,-0.025595,0.001038,-0.092941,0.995667,1.588369,0.912243,-0.41352,O02_L15_01,3.437225,3.614868
171.631,0.032256,0.000809,-0.025595,0.001038,-0.092941,0.995667,1.588365,0.912011,-0.414892,O02_L15_01,3.437225,3.614868
171.6423,0.032255,0.000809,-0.025585,0.001617,-0.092773,0.995682,1.588375,0.912014,-0.416511,O02_L15_01,3.4375,3.664078
171.6533,0.032253,0.00081,-0.025564,0.00116,-0.092987,0.995651,1.588361,0.911765,-0.416381,O02_L15_01,3.434036,3.771423
171.6644,0.032253,0.00081,-0.025564,0.00116,-0.092987,0.995651,1.588352,0.911503,-0.417159,O02_L15_01,3.434036,3.771423
171.6757,0.032252,0.00081,-0.025545,0.001617,-0.0923,0.995728,1.588381,0.911822,-0.419113,O02_L15_01,3.439041,3.771622
171.6866,0.032251,0.00081,-0.025542,0.001495,-0.089355,0.995987,1.588585,0.9156,-0.420031,O02_L15_01,3.446762,3.775314
171.6977,0.03225,0.00081,-0.025542,0.001328,-0.089355,0.995987,1.588508,0.914027,-0.420917,O02_L15_01,3.446579,3.660843
171.7088,0.03225,0.00081,-0.025542,0.001328,-0.089355,0.995987,1.588444,0.912641,-0.422346,O02_L15_01,3.446579,3.660843
171.7198,0.031789,0.000813,-0.025541,0.001297,-0.088913,0.996033,1.588428,0.912151,-0.423929,O02_L15_01,3.446732,3.518448
171.7312,0.002223,0.001021,-0.025729,-0.013565,-0.07373,0.997177,1.589688,0.938746,-0.402098,O02_L15_01,3.41597,3.518402
171.7422,0.002223,0.001021,-0.025729,-0.013565,-0.07373,0.997177,1.589657,0.937974,-0.403674,O02_L15_01,3.41597,3.518402
171.7533,0.001859,0.001024,-0.025732,-0.013748,-0.073715,0.997177,1.58963,0.937324,-0.404809,O02_L15_01,3.409424,3.517776
171.7645,0.002323,0.001021,-0.025726,-0.014206,-0.073593,0.997177,1.589629,0.937213,-0.40555,O02_L15_01,3.409836,3.512161
171.7758,0.022483,0.000881,-0.025588,-0.005783,-0.082748,0.996552,1.588802,0.919729,-0.420164,O02_L15_01,3.416733,3.511322
171.7865,0.022483,0.000881,-0.025588,-0.005783,-0.082748,0.996552,1.588772,0.918998,-0.421552,O02_L15_01,3.416733,3.511322
171.7977,0.030757,0.000827,-0.025531,-0.002014,-0.086182,0.996262,1.58844,0.911752,-0.429271,O02_L15_01,3.410446,3.512741
171.8087,0.029855,0.000835,-0.025529,-0.005234,-0.083755,0.99646,1.588619,0.915532,-0.426101,O02_L15_01,3.414246,3.513794
171.8198,0.029855,0.000835,-0.025529,-0.005234,-0.083755,0.99646,1.588591,0.914815,-0.4278,O02_L15_01,3.414246,3.513794
171.831,0.029169,0.000844,-0.025514,-0.008636,-0.084366,0.996384,1.588509,0.91366,-0.424207,O02_L15_01,3.411316,3.51796
171.842,0.028083,0.000851,-0.025505,-0.009018,-0.083572,0.996445,1.588597,0.915197,-0.425362,O02_L15_01,3.411484,3.519577
171.8531,0.028083,0.000851,-0.025505,-0.009018,-0.083572,0.996445,1.588629,0.915611,-0.427065,O02_L15_01,3.411484,3.519577
171.8643,0.017374,0.000902,-0.025503,-0.022476,-0.070511,0.997253,1.589733,0.938982,-0.407458,O02_L15_01,3.382141,3.613693
171.8754,0.02301,0.000937,-0.025774,-0.071442,-0.087738,0.993576,1.588015,0.915252,-0.330254,O02_L15_01,3.382751,3.347946
171.8865,0.02301,0.000937,-0.025774,-0.071442,-0.087738,0.993576,1.58794,0.913551,-0.332571,O02_L15_01,3.382751,3.347946
171.8977,0.029854,0.000731,-0.025087,-0.064026,-0.098495,0.993073,1.586931,0.892696,-0.346249,O02_L15_01,3.417053,3.411316
171.9087,0.031275,0.000712,-0.02504,-0.068268,-0.102661,0.992355,1.586443,0.883872,-0.34222,O02_L15_01,3.410797,3.418777
171.9198,0.032327,0.000695,-0.024986,-0.064529,-0.103058,0.992569,1.586339,0.880873,-0.350785,O02_L15_01,3.369095,3.423859
171.931,0.032327,0.000695,-0.024986,-0.064529,-0.103058,0.992569,1.586259,0.878977,-0.35401,O02_L15_01,3.369095,3.423859
171.9423,0.032465,0.000694,-0.024984,-0.063843,-0.101761,0.992752,1.58634,0.88004,-0.358105,O02_L15_01,3.369583,3.423935
171.9531,0.031518,0.000707,-0.025008,-0.064606,-0.097916,0.993088,1.5867,0.886672,-0.360095,O02_L15_01,3.385422,3.418686
171.9643,0.031518,0.000707,-0.025008,-0.064606,-0.097916,0.993088,1.586742,0.887155,-0.36275,O02_L15_01,3.385422,3.418686
171.9754,0.03156,0.00071,-0.025024,-0.065918,-0.094147,0.993362,1.587151,0.89487,-0.363582,O02_L15_01,3.372437,3.442017
171.9865,0.031454,0.000712,-0.025041,-0.066696,-0.093246,0.993393,1.587342,0.898365,-0.364861,O02_L15_01,3.372498,3.426468
171.9976,0.031454,0.000712,-0.025041,-0.066696,-0.093246,0.993393,1.58745,0.900181,-0.366894,O02_L15_01,3.372498,3.426468
172.0087,0.032557,0.000708,-0.025032,-0.06665,-0.093277,0.993393,1.587573,0.902251,-0.369292,O02_L15_01,3.372437,3.452469
172.0197,0.032512,0.000722,-0.025044,-0.070374,-0.09462,0.993012,1.587563,0.90252,-0.365355,O02_L15_01,3.37088,3.474548
172.0309,0.032486,0.000728,-0.025048,-0.076843,-0.094635,0.992539,1.587671,0.905642,-0.356286,O02_L15_01,3.37355,3.465393
172.0421,0.032486,0.000728,-0.025048,-0.076843,-0.094635,0.992539,1.587793,0.907795,-0.357698,O02_L15_01,3.37355,3.465393
172.0531,0.032492,0.000743,-0.025063,-0.079819,-0.095657,0.992203,1.587795,0.908262,-0.354138,O02_L15_01,3.404358,3.469299
172.0643,0.032491,0.000743,-0.025063,-0.079147,-0.095703,0.992249,1.587848,0.909047,-0.356041,O02_L15_01,3.406326,3.469955
172.0753,0.032491,0.000743,-0.025063,-0.079147,-0.095703,0.992249,1.587878,0.909519,-0.356814,O02_L15_01,3.406326,3.469955
172.0864,0.032605,0.000742,-0.025062,-0.084641,-0.095566,0.991806,1.587867,0.91029,-0.348515,O02_L15_01,3.435333,3.485489
172.0977,0.032624,0.000742,-0.025062,-0.084091,-0.098389,0.991577,1.587606,0.905146,-0.349877,O02_L15_01,3.434265,3.498428
172.1087,0.032633,0.000712,-0.024978,-0.081985,-0.096588,0.991928,1.587736,0.907253,-0.353016,O02_L15_01,3.44313,3.510406
172.1197,0.032633,0.000712,-0.024978,-0.081985,-0.096588,0.991928,1.587738,0.907306,-0.352903,O02_L15_01,3.44313,3.510406
172.131,0.032646,0.000667,-0.024877,-0.081223,-0.096115,0.992035,1.587797,0.908312,-0.353951,O02_L15_01,3.445724,3.498001
172.142,0.032647,0.000637,-0.024835,-0.083374,-0.093994,0.992065,1.587982,0.91232,-0.349828,O02_L15_01,3.469131,3.504837
172.1532,0.032647,0.000637,-0.024835,-0.083374,-0.093994,0.992065,1.588013,0.913057,-0.348658,O02_L15_01,3.469131,3.504837
172.1642,0.031817,0.000618,-0.024833,-0.085114,-0.091278,0.992172,1.588252,0.918193,-0.343685,O02_L15_01,3.470261,3.507599
172.1753,0.0059,0.000872,-0.025024,-0.095474,-0.089554,0.991394,1.588293,0.921241,-0.324371,O02_L15_01,3.470016,3.507706
172.1864,0.004052,0.000884,-0.02502,-0.095947,-0.092255,0.991089,1.588022,0.916424,-0.321327,O02_L15_01,3.465118,3.504089
172.1976,0.004052,0.000884,-0.02502,-0.095947,-0.092255,0.991089,1.588007,0.916498,-0.318293,O02_L15_01,3.465118,3.504089
172.2087,0.001445,0.000927,-0.025081,-0.098236,-0.093842,0.990723,1.587779,0.912921,-0.31181,O02_L15_01,3.446487,3.494827
172.2196,0.001888,0.000923,-0.025106,-0.098999,-0.092346,0.990784,1.587839,0.914564,-0.307476,O02_L15_01,3.43071,3.4655
172.2309,0.001888,0.000923,-0.025106,-0.098999,-0.092346,0.990784,1.587734,0.913,-0.303666,O02_L15_01,3.43071,3.4655
172.2419,0.005241,0.000893,-0.02528,-0.097443,-0.080597,0.991959,1.588623,0.93019,-0.301752,O02_L15_01,3.430664,3.4599
172.253,0.011722,0.000839,-0.025196,-0.092194,-0.088974,0.991745,1.58781,0.914084,-0.306858,O02_L15_01,3.402298,3.438965
172.2641,0.011722,0.000839,-0.025196,-0.092194,-0.088974,0.991745,1.587623,0.910968,-0.303053,O02_L15_01,3.402298,3.438965
172.2754,0.007465,0.000893,-0.025308,-0.094086,-0.086288,0.991806,1.587712,0.913497,-0.295915,O02_L15_01,3.391266,3.438049
172.2863,0.002318,0.000976,-0.025466,-0.093094,-0.090286,0.991547,1.587264,0.905214,-0.293635,O02_L15_01,3.374313,3.420135
172.2977,0.000054,0.001002,-0.025532,-0.092773,-0.089615,0.991638,1.587212,0.904643,-0.290141,O02_L15_01,3.370865,3.402481
172.3086,0.000054,0.001002,-0.025532,-0.092773,-0.089615,0.991638,1.587134,0.903562,-0.286613,O02_L15_01,3.370865,3.402481
172.3196,-0.002141,0.001043,-0.025622,-0.092438,-0.088394,0.991776,1.587167,0.904511,-0.283946,O02_L15_01,3.353271,3.392776
172.3308,-0.005341,0.00109,-0.025721,-0.087311,-0.086853,0.992386,1.587281,0.906032,-0.289393,O02_L15_01,3.328583,3.381485
172.3421,-0.005341,0.00109,-0.025721,-0.087311,-0.086853,0.992386,1.587203,0.904865,-0.286709,O02_L15_01,3.328583,3.381485
172.353,-0.001684,0.001061,-0.025668,-0.086517,-0.089951,0.992172,1.586843,0.898058,-0.286194,O02_L15_01,3.31778,3.374527
172.3642,0.004663,0.000995,-0.025553,-0.075073,-0.090851,0.993027,1.586748,0.894347,-0.302457,O02_L15_01,3.317261,3.353256
172.3752,0.004663,0.000995,-0.025553,-0.075073,-0.090851,0.993027,1.586653,0.892658,-0.301315,O02_L15_01,3.317261,3.353256
172.3863,0.005182,0.00099,-0.025544,-0.07164,-0.087494,0.993576,1.586891,0.896735,-0.305259,O02_L15_01,3.286453,3.343338
172.3975,0.000491,0.001032,-0.025617,-0.073196,-0.08252,0.993881,1.587226,0.903509,-0.302101,O02_L15_01,3.275864,3.329056
172.4086,-0.002301,0.001052,-0.025623,-0.071655,-0.077454,0.994415,1.587617,0.910791,-0.30353,O02_L15_01,3.271744,3.307892
172.4196,-0.002301,0.001052,-0.025623,-0.071655,-0.077454,0.994415,1.587606,0.910738,-0.302281,O02_L15_01,3.271744,3.307892
172.4309,-0.00503,0.001048,-0.025292,-0.07074,-0.090454,0.993378,1.586519,0.889899,-0.303159,O02_L15_01,3.248932,3.317566
172.4418,-0.006318,0.001059,-0.025295,-0.065765,-0.087326,0.994003,1.58691,0.896511,-0.310269,O02_L15_01,3.263687,3.314209
172.4528,-0.006318,0.001059,-0.025295,-0.065765,-0.087326,0.994003,1.586996,0.898283,-0.309171,O02_L15_01,3.263687,3.314209
172.4642,0.003406,0.000978,-0.025201,-0.057251,-0.093384,0.993973,1.586558,0.888379,-0.322408,O02_L15_01,3.271378,3.318802
172.4751,0.024196,0.000804,-0.025025,-0.044342,-0.102371,0.993744,1.58587,0.872856,-0.342873,O02_L15_01,3.277832,3.321304
172.4862,0.02423,0.000807,-0.02503,-0.040848,-0.098679,0.994278,1.586196,0.878535,-0.347562,O02_L15_01,3.27478,3.364044
172.4974,0.02423,0.000807,-0.02503,-0.040848,-0.098679,0.994278,1.586157,0.877901,-0.34658,O02_L15_01,3.27478,3.364044
172.5085,0.023937,0.000809,-0.02506,-0.038971,-0.096725,0.994537,1.586365,0.881566,-0.34919,O02_L15_01,3.267822,3.363556
172.5196,0.023961,0.000814,-0.025058,-0.04007,-0.096649,0.994507,1.58646,0.88364,-0.346804,O02_L15_01,3.274658,3.367371
172.5309,0.023961,0.000814,-0.025058,-0.04007,-0.096649,0.994507,1.586591,0.886215,-0.346329,O02_L15_01,3.274658,3.367371
172.5419,0.023495,0.00082,-0.025058,-0.040695,-0.096787,0.994461,1.58672,0.888869,-0.344559,O02_L15_01,3.296555,3.372223
172.5528,0.016904,0.000949,-0.025466,-0.042389,-0.086014,0.995377,1.587791,0.909788,-0.340488,O02_L15_01,3.286057,3.39624
172.564,0.016904,0.000949,-0.025466,-0.042389,-0.086014,0.995377,1.587903,0.912051,-0.339404,O02_L15_01,3.286057,3.39624
172.5751,0.016955,0.000952,-0.025469,-0.040466,-0.086792,0.995392,1.587966,0.912944,-0.342033,O02_L15_01,3.296783,3.406342
172.5862,0.016278,0.000958,-0.025469,-0.038574,-0.087982,0.995361,1.587981,0.912981,-0.344017,O02_L15_01,3.302109,3.405731
172.5973,0.029501,0.000868,-0.025486,-0.030258,-0.096848,0.994827,1.587374,0.89995,-0.356477,O02_L15_01,3.301239,3.415817
172.6086,0.029501,0.000868,-0.025486,-0.030258,-0.096848,0.994827,1.587515,0.902734,-0.355663,O02_L15_01,3.301239,3.415817
172.6196,0.031781,0.000842,-0.025485,-0.028931,-0.0961,0.994949,1.587718,0.906514,-0.356435,O02_L15_01,3.302551,3.453339
172.6307,0.032053,0.000836,-0.025487,-0.029099,-0.095032,0.995041,1.587878,0.90978,-0.354639,O02_L15_01,3.315903,3.579575
172.6418,0.032053,0.000836,-0.025487,-0.029099,-0.095032,0.995041,1.587871,0.909891,-0.352515,O02_L15_01,3.315903,3.579575
172.6529,0.031945,0.000832,-0.025486,-0.02774,-0.093674,0.995209,1.587949,0.911337,-0.352841,O02_L15_01,3.316284,3.587097
172.664,0.032004,0.000827,-0.025487,-0.025421,-0.093933,0.995239,1.58783,0.908851,-0.354697,O02_L15_01,3.345367,3.597473
172.6751,0.032254,0.000822,-0.025497,-0.024506,-0.093582,0.9953,1.587743,0.907285,-0.353908,O02_L15_01,3.363968,3.58992
172.6862,0.032254,0.000822,-0.025497,-0.024506,-0.093582,0.9953,1.587568,0.90425,-0.351431,O02_L15_01,3.363968,3.58992
172.6974,0.032298,0.000817,-0.025551,-0.019745,-0.097733,0.99501,1.587098,0.894703,-0.356382,O02_L15_01,3.363098,3.652237
172.7084,0.032303,0.000815,-0.025576,-0.014252,-0.097549,0.995117,1.58702,0.892494,-0.362426,O02_L15_01,3.360229,3.65181
172.7195,0.032303,0.000815,-0.025576,-0.014252,-0.097549,0.995117,1.586865,0.889946,-0.359068,O02_L15_01,3.360229,3.65181
172.7306,0.032197,0.000808,-0.025576,-0.01358,-0.095627,0.995316,1.586895,0.8908,-0.356642,O02_L15_01,3.362579,3.633148
172.7416,0.031444,0.000813,-0.025573,-0.011063,-0.095261,0.995377,1.586783,0.888603,-0.357054,O02_L15_01,3.382797,3.621704
172.7528,0.031444,0.000813,-0.025573,-0.011063,-0.095261,0.995377,1.586619,0.885908,-0.353447,O02_L15_01,3.382797,3.621704
172.764,0.032254,0.000808,-0.025576,-0.007599,-0.095444,0.995392,1.586493,0.883252,-0.35561,O02_L15_01,3.382782,3.621628
172.775,0.031993,0.00081,-0.02555,-0.009201,-0.096298,0.9953,1.586296,0.880223,-0.349356,O02_L15_01,3.391968,3.624985
172.7861,0.031883,0.000817,-0.025543,-0.011642,-0.095505,0.995346,1.586249,0.880119,-0.34259,O02_L15_01,3.395905,3.629745
172.7972,0.031883,0.000817,-0.025543,-0.011642,-0.095505,0.995346,1.586172,0.878991,-0.339754,O02_L15_01,3.395905,3.629745
172.8083,0.031449,0.000825,-0.025541,-0.011276,-0.094681,0.995438,1.586148,0.87875,-0.337804,O02_L15_01,3.399292,3.627731
172.8194,0.030648,0.000833,-0.02554,-0.006012,-0.092682,0.995667,1.586224,0.879429,-0.344348,O02_L15_01,3.41243,3.61116
172.8306,0.030648,0.000833,-0.02554,-0.006012,-0.092682,0.995667,1.586092,0.877164,-0.342279,O02_L15_01,3.41243,3.61116
172.8417,0.030249,0.00084,-0.025539,-0.007187,-0.085587,0.996292,1.586586,0.887,-0.338759,O02_L15_01,3.414734,3.629547
172.8528,0.000704,0.00106,-0.025669,-0.020081,-0.071732,0.997208,1.587647,0.909764,-0.317228,O02_L15_01,3.408386,3.622833
172.8639,0.032158,0.000829,-0.025518,-0.002792,-0.082275,0.996597,1.586719,0.888849,-0.344672,O02_L15_01,3.415756,3.627228
172.875,0.032158,0.000829,-0.025518,-0.002792,-0.082275,0.996597,1.586665,0.887795,-0.344755,O02_L15_01,3.415756,3.627228
172.886,0.032122,0.000857,-0.025494,-0.003693,-0.088837,0.996033,1.586064,0.876462,-0.343712,O02_L15_01,3.426819,3.619492
172.8972,0.032101,0.000883,-0.02554,0.004349,-0.087875,0.996109,1.586169,0.876853,-0.357396,O02_L15_01,3.414688,3.599533
172.9084,0.032101,0.000883,-0.02554,0.004349,-0.087875,0.996109,1.58617,0.876809,-0.357982,O02_L15_01,3.414688,3.599533
172.9194,0.032077,0.000897,-0.02554,0.008255,-0.089493,0.995941,1.586089,0.874385,-0.365415,O02_L15_01,3.414368,3.615677
172.9306,0.032037,0.000906,-0.025487,0.008652,-0.093262,0.99559,1.585803,0.868748,-0.367026,O02_L15_01,3.408844,3.622559
172.9416,0.032037,0.000906,-0.025487,0.008652,-0.093262,0.99559,1.585869,0.869837,-0.368426,O02_L15_01,3.408844,3.622559
172.9527,0.005844,0.001092,-0.025661,-0.003235,-0.070679,0.997482,1.587933,0.911186,-0.351654,O02_L15_01,3.448883,3.680817
172.9639,0.006121,0.001091,-0.025646,-0.003128,-0.070251,0.997513,1.588017,0.912606,-0.353167,O02_L15_01,3.452423,3.706467
172.975,0.006121,0.001091,-0.025646,-0.003128,-0.070251,0.997513,1.588056,0.913171,-0.354706,O02_L15_01,3.452423,3.706467
172.986,0.004714,0.001101,-0.025656,-0.004044,-0.06897,0.997604,1.588177,0.915529,-0.354238,O02_L15_01,3.455994,3.706436
172.9973,0.008019,0.001078,-0.025609,-0.003418,-0.07312,0.997315,1.587771,0.907619,-0.355603,O02_L15_01,3.457016,3.684204
173.0084,0.0114,0.001052,-0.025578,0.000504,-0.074554,0.997208,1.58754,0.902445,-0.3622,O02_L15_01,3.457397,3.706345
173.0194,0.0114,0.001052,-0.025578,0.000504,-0.074554,0.997208,1.587392,0.899596,-0.362489,O02_L15_01,3.457397,3.706345
173.0305,0.009462,0.001058,-0.025587,-0.002686,-0.071747,0.997406,1.587416,0.90067,-0.357198,O02_L15_01,3.468414,3.70787
173.0415,0.006596,0.001072,-0.025607,-0.004745,-0.070038,0.997528,1.587369,0.900165,-0.353795,O02_L15_01,3.469086,3.702072
173.0527,0.006596,0.001072,-0.025607,-0.004745,-0.070038,0.997528,1.587095,0.895081,-0.35269,O02_L15_01,3.469086,3.702072
173.0639,0.003898,0.001082,-0.02563,-0.009216,-0.068893,0.997574,1.586925,0.892799,-0.344417,O02_L15_01,3.469269,3.683609
173.0749,0.00483,0.001061,-0.025621,-0.005875,-0.070175,0.997513,1.58653,0.884857,-0.347944,O02_L15_01,3.471298,3.622116
173.086,0.00483,0.001061,-0.025621,-0.005875,-0.070175,0.997513,1.586294,0.880561,-0.346148,O02_L15_01,3.471298,3.622116
173.0971,0.003305,0.00107,-0.025633,-0.006378,-0.070175,0.997513,1.586089,0.877038,-0.342927,O02_L15_01,3.457306,3.568054
173.1082,0.005645,0.001044,-0.025617,-0.004852,-0.069931,0.997528,1.58596,0.874539,-0.343206,O02_L15_01,3.429184,3.62265
173.1193,0.0116,0.000976,-0.025623,0.009995,-0.096848,0.995239,1.583398,0.823481,-0.361869,O02_L15_01,3.412796,3.722229
173.1305,0.0116,0.000976,-0.025623,0.009995,-0.096848,0.995239,1.583345,0.822709,-0.359764,O02_L15_01,3.412796,3.722229
173.1416,0.01283,0.000938,-0.025573,0.013565,-0.077423,0.996903,1.585054,0.854649,-0.365469,O02_L15_01,3.416763,3.86557
173.1526,0.02154,0.000836,-0.025361,0.012665,-0.079514,0.99675,1.584838,0.850982,-0.361531,O02_L15_01,3.419601,3.81813
173.1638,0.02154,0.000836,-0.025361,0.012665,-0.079514,0.99675,1.584842,0.851287,-0.359576,O02_L15_01,3.419601,3.81813
173.1748,0.024711,0.000806,-0.02531,0.016922,-0.080246,0.996628,1.584788,0.849655,-0.364751,O02_L15_01,3.419907,3.819214
173.186,0.025365,0.000799,-0.0253,0.046356,-0.093048,0.994568,1.583611,0.82194,-0.409715,O02_L15_01,3.404678,3.858459
173.1974,0.025365,0.000799,-0.0253,0.046356,-0.093048,0.994568,1.583678,0.823346,-0.408558,O02_L15_01,3.404678,3.858459
173.2082,0.020757,0.000863,-0.025361,0.043716,-0.097916,0.994232,1.583328,0.817328,-0.402875,O02_L15_01,3.391159,3.857666
173.2193,0.006912,0.000986,-0.025526,0.03804,-0.094391,0.994797,1.583783,0.827123,-0.393446,O02_L15_01,3.403519,3.820251
173.2305,0.006912,0.000986,-0.025526,0.03804,-0.094391,0.994797,1.583863,0.828711,-0.392951,O02_L15_01,3.403519,3.820251
173.2414,0.003022,0.001031,-0.025583,0.036987,-0.092163,0.995056,1.584123,0.833829,-0.391543,O02_L15_01,3.40274,3.822449
173.2526,0.029772,0.000801,-0.025226,0.055695,-0.100647,0.993347,1.583293,0.814534,-0.421046,O02_L15_01,3.404236,3.844467
173.2637,0.030173,0.000798,-0.025241,0.056427,-0.096085,0.993759,1.583719,0.822422,-0.423085,O02_L15_01,3.405212,3.818268
173.2748,0.030173,0.000798,-0.025241,0.056427,-0.096085,0.993759,1.583708,0.822277,-0.422536,O02_L15_01,3.405212,3.818268
173.2859,0.031229,0.000788,-0.025231,0.056747,-0.096207,0.993729,1.583688,0.821831,-0.4231,O02_L15_01,3.404816,3.811768
173.2971,0.031055,0.00079,-0.025233,0.059387,-0.095779,0.993622,1.583721,0.821954,-0.427465,O02_L15_01,3.443756,3.787491
173.3081,0.031055,0.00079,-0.025233,0.059387,-0.095779,0.993622,1.583738,0.822288,-0.427283,O02_L15_01,3.443756,3.787491
173.3192,0.031078,0.00078,-0.025233,0.061783,-0.096283,0.993424,1.583721,0.821453,-0.431754,O02_L15_01,3.465729,3.743256
173.3304,0.031082,0.000777,-0.025235,0.061768,-0.095688,0.993485,1.583815,0.823193,-0.432101,O02_L15_01,3.465775,3.736755
173.3414,0.01224,0.000937,-0.025498,0.048889,-0.088776,0.994843,1.584573,0.839932,-0.412648,O02_L15_01,3.465256,3.734375
173.3527,0.01224,0.000937,-0.025498,0.048889,-0.088776,0.994843,1.584627,0.840881,-0.413454,O02_L15_01,3.465256,3.734375
173.364,0.011959,0.000934,-0.025535,0.048981,-0.086487,0.995041,1.584898,0.845855,-0.415005,O02_L15_01,3.501251,3.680817
173.3749,0.008049,0.000965,-0.025582,0.045959,-0.08606,0.995224,1.585026,0.848806,-0.410728,O02_L15_01,3.463669,3.659958
173.386,0.008049,0.000965,-0.025582,0.045959,-0.08606,0.995224,1.585103,0.850212,-0.411271,O02_L15_01,3.463669,3.659958
173.397,0.008832,0.000958,-0.025607,0.046844,-0.085938,0.995194,1.585209,0.851975,-0.413507,O02_L15_01,3.463089,3.670105
173.4081,0.009287,0.000961,-0.02562,0.044495,-0.086563,0.995239,1.585284,0.853775,-0.410279,O02_L15_01,3.458374,3.670532
173.4192,0.009287,0.000961,-0.02562,0.044495,-0.086563,0.995239,1.585398,0.855839,-0.411257,O02_L15_01,3.458374,3.670532
173.4304,0.006566,0.000989,-0.025658,0.042664,-0.087128,0.99527,1.585501,0.858109,-0.408588,O02_L15_01,3.446594,3.670502
173.4415,0.009957,0.000962,-0.02564,0.045517,-0.087021,0.995163,1.585634,0.86009,-0.413433,O02_L15_01,3.446411,3.64624
173.4526,0.013308,0.000935,-0.025611,0.048508,-0.088257,0.994904,1.58564,0.859653,-0.418112,O02_L15_01,3.445633,3.646606
173.4656,0.013308,0.000935,-0.025611,0.048508,-0.088257,0.994904,1.585711,0.861021,-0.417947,O02_L15_01,3.445633,3.646606
173.4747,0.010465,0.000956,-0.025628,0.046661,-0.089249,0.994904,1.585637,0.860033,-0.414373,O02_L15_01,3.445007,3.670456
173.4859,0.030143,0.000806,-0.025482,0.062088,-0.094208,0.993607,1.585018,0.845414,-0.438386,O02_L15_01,3.444717,3.670807
173.4969,0.030143,0.000806,-0.025482,0.062088,-0.094208,0.993607,1.803603,0.742274,-0.483595,O02_G06_03,3.444717,3.670807
173.5082,0.029494,0.000794,-0.025321,0.063171,-0.10669,0.992279,1.748842,0.742274,-0.470796,O02_G06_03,3.461075,3.674759
173.5192,0.029136,0.000771,-0.025311,0.06337,-0.10257,0.992691,1.767979,0.742274,-0.473973,O02_G06_03,3.447769,3.673462
173.5303,0.029136,0.000771,-0.025311,0.06337,-0.10257,0.992691,1.774021,0.742274,-0.47289,O02_G06_03,3.447769,3.673462
173.5414,0.031913,0.000723,-0.025275,0.065353,-0.103714,0.992447,1.776708,0.742274,-0.474079,O02_G06_03,3.465912,3.677231
173.5525,0.03191,0.000711,-0.025271,0.065353,-0.101135,0.992722,1.796519,0.742274,-0.475275,O02_G06_03,3.466721,3.6772
173.5638,0.031858,0.000705,-0.02527,0.065445,-0.101715,0.992645,1.801083,0.742274,-0.471854,O02_G06_03,3.479431,3.678436
173.5748,0.031858,0.000705,-0.02527,0.065445,-0.101715,0.992645,1.804471,0.742274,-0.467728,O02_G06_03,3.479431,3.678436
173.5859,0.031861,0.000691,-0.025265,0.065414,-0.100906,0.992737,1.80998,0.742274,-0.464073,O02_G06_03,3.490021,3.676727
173.597,0.031828,0.00069,-0.025226,0.066742,-0.10881,0.991806,1.773642,0.742274,-0.453882,O02_G06_03,3.478775,3.675827
173.608,0.031828,0.00069,-0.025226,0.066742,-0.10881,0.991806,1.774287,0.742274,-0.448482,O02_G06_03,3.478775,3.675827
173.6192,-0.002268,0.001006,-0.025656,0.043365,-0.10701,0.993301,1.795748,0.742274,-0.403577,O02_G06_03,3.465485,3.67662
173.6304,0.001169,0.000969,-0.025608,0.043915,-0.107468,0.993225,1.794758,0.742274,-0.39931,O02_G06_03,3.454987,3.675888
173.6413,0.005312,0.000922,-0.025554,0.049149,-0.10582,0.993164,1.799964,0.742274,-0.404917,O02_G06_03,3.465622,3.676041
173.6524,0.005312,0.000922,-0.025554,0.049149,-0.10582,0.993164,1.802781,0.742274,-0.399217,O02_G06_03,3.465622,3.676041
173.6637,0.000156,0.000967,-0.025625,0.04834,-0.1008,0.993729,1.829218,0.742274,-0.396926,O02_G06_03,3.455841,3.665207
173.6747,0.02048,0.000781,-0.025389,0.065048,-0.104828,0.992355,1.808776,0.742274,-0.419719,O02_G06_03,3.471405,3.663086
173.6857,0.02048,0.000781,-0.025389,0.065048,-0.104828,0.992355,1.814167,0.742274,-0.416255,O02_G06_03,3.471405,3.663086
173.6968,0.026594,0.000724,-0.025326,0.072815,-0.10437,0.991867,1.818332,0.742274,-0.427607,O02_G06_03,3.471695,3.678558
173.708,0.028166,0.000766,-0.025308,0.079895,-0.119476,0.989609,1.755025,0.742274,-0.425658,O02_G06_03,3.468094,3.677536
173.7191,0.030019,0.000773,-0.025291,0.082169,-0.124802,0.98877,1.73739,0.742274,-0.423309,O02_G06_03,3.46788,3.662827
173.7302,0.030019,0.000773,-0.025291,0.082169,-0.124802,0.98877,1.743748,0.742274,-0.422355,O02_G06_03,3.46788,3.662827
173.7413,0.029465,0.000779,-0.025298,0.085938,-0.12497,0.988419,1.746441,0.742274,-0.428024,O02_G06_03,3.467865,3.663727
173.7525,0.014295,0.000891,-0.025488,0.079819,-0.120743,0.989456,1.77404,0.742274,-0.421399,O02_G06_03,3.469986,3.654526
173.7636,0.014295,0.000891,-0.025488,0.079819,-0.120743,0.989456,1.782744,0.742274,-0.422881,O02_G06_03,3.469986,3.654526
173.7747,0.024571,0.000814,-0.02537,0.092117,-0.123886,0.988007,1.773967,0.742274,-0.444022,O02_G06_03,3.473206,3.662659
173.7858,0.023402,0.000822,-0.025383,0.085342,-0.125076,0.988464,1.785245,0.742274,-0.43417,O02_G06_03,3.468704,3.662598
173.7968,0.023402,0.000822,-0.025383,0.085342,-0.125076,0.988464,1.798142,0.742274,-0.436874,O02_G06_03,3.468704,3.662598
173.8079,0.019498,0.000818,-0.025325,0.086288,-0.124146,0.988495,1.814399,0.742274,-0.443094,O02_G06_03,3.457672,3.674423
173.819,0.017123,0.000751,-0.025216,0.072632,-0.142227,0.987152,1.751032,0.742274,-0.406986,O02_G06_03,3.521362,3.585281
173.8301,0.031549,0.000658,-0.025387,0.02034,-0.151001,0.988312,1.744411,0.742274,-0.312183,O02_G06_03,3.398254,3.69371
173.8414,0.031549,0.000658,-0.025387,0.02034,-0.151001,0.988312,1.75124,0.742274,-0.314933,O02_G06_03,3.398254,3.69371
173.8526,0.031412,0.00058,-0.025047,0.022369,-0.163956,0.986206,1.701077,0.742274,-0.31407,O02_G06_03,3.444824,3.918625
173.8637,0.031941,0.000576,-0.025043,0.022339,-0.164673,0.986084,1.701767,0.742274,-0.316956,O02_G06_03,3.444626,3.816559
173.8747,0.031941,0.000576,-0.025043,0.022339,-0.164673,0.986084,1.700413,0.742274,-0.320048,O02_G06_03,3.444626,3.816559
173.8857,0.032016,0.000577,-0.025062,0.022614,-0.166473,0.985779,1.692053,0.742274,-0.322886,O02_G06_03,3.449234,3.8591
173.8969,0.032054,0.000604,-0.025233,0.023483,-0.165588,0.985901,1.689959,0.742274,-0.328058,O02_G06_03,3.438065,3.883682
173.9078,0.032062,0.000629,-0.025406,0.022919,-0.161667,0.986572,1.701724,0.742274,-0.332729,O02_G06_03,3.440872,3.88356
173.919,0.032062,0.000629,-0.025406,0.022919,-0.161667,0.986572,1.696473,0.742274,-0.336379,O02_G06_03,3.440872,3.88356
173.9302,0.032068,0.000628,-0.02544,0.019287,-0.159302,0.98703,1.700996,0.742274,-0.335335,O02_G06_03,3.444122,3.8806
173.9413,0.032074,0.000624,-0.025446,0.016312,-0.158234,0.987259,1.702029,0.742274,-0.335203,O02_G06_03,3.44725,3.883408
173.9523,0.032074,0.000624,-0.025446,0.016312,-0.158234,0.987259,1.695227,0.742274,-0.339515,O02_G06_03,3.44725,3.883408
173.9634,0.032087,0.000617,-0.025445,0.017029,-0.156754,0.987488,1.692672,0.742274,-0.345821,O02_G06_03,3.448822,3.88443
173.9746,0.032108,0.000617,-0.025445,0.008163,-0.156845,0.987579,1.688962,0.742274,-0.335451,O02_G06_03,3.460678,3.885605
173.9856,0.032108,0.000617,-0.025445,0.008163,-0.156845,0.987579,1.67882,0.742274,-0.339768,O02_G06_03,3.460678,3.885605
173.9968,0.032123,0.000617,-0.025445,0.009277,-0.161743,0.986786,1.650733,0.742274,-0.342507,O02_G06_03,3.447083,3.910919
174.0079,0.032145,0.000602,-0.025415,0.006973,-0.160477,0.987,1.648727,0.742274,-0.344015,O02_G06_03,3.460541,3.909241
174.019,0.032167,0.000597,-0.025382,0.00975,-0.161285,0.986847,1.637588,0.742274,-0.351937,O02_G06_03,3.489899,3.956451
174.0301,0.032167,0.000597,-0.025382,0.00975,-0.161285,0.986847,1.632122,0.742274,-0.356333,O02_G06_03,3.489899,3.956451
174.0411,0.03218,0.000597,-0.025382,0.011948,-0.161484,0.986786,1.626919,0.742274,-0.363888,O02_G06_03,3.461197,3.956665
174.0524,0.032202,0.000597,-0.025382,0.007492,-0.161194,0.986893,1.628389,0.742274,-0.360904,O02_G06_03,3.49025,3.923538
174.0635,0.032202,0.000597,-0.025382,0.007492,-0.161194,0.986893,1.625705,0.742274,-0.365062,O02_G06_03,3.49025,3.923538
174.0746,0.032221,0.000597,-0.025382,-0.000092,-0.157135,0.987564,1.643978,0.742274,-0.359377,O02_G06_03,3.48996,3.956406
174.0856,0.032234,0.000605,-0.025392,0.000076,-0.155106,0.987885,1.652573,0.742274,-0.365136,O02_G06_03,3.48999,3.960938
174.0967,0.032234,0.000605,-0.025392,0.000076,-0.155106,0.987885,1.653461,0.742274,-0.369133,O02_G06_03,3.48999,3.960938
174.1078,0.03225,0.000641,-0.025465,-0.004974,-0.15239,0.988297,1.668271,0.742274,-0.366094,O02_G06_03,3.488861,3.823898
174.1189,0.032274,0.000682,-0.025465,-0.016312,-0.160736,0.986847,1.642096,0.742274,-0.345166,O02_G06_03,3.501999,3.855255
174.1301,0.032306,0.000682,-0.025465,-0.014175,-0.149246,0.988693,1.686543,0.742274,-0.358945,O02_G06_03,3.504913,3.836243
174.1411,0.032306,0.000682,-0.025465,-0.014175,-0.149246,0.988693,1.686019,0.742274,-0.360995,O02_G06_03,3.504913,3.836243
174.1524,0.032331,0.000682,-0.025465,-0.018158,-0.148605,0.988724,1.689536,0.742274,-0.357178,O02_G06_03,3.534744,3.849106
174.1636,0.032351,0.000682,-0.025449,-0.02272,-0.147858,0.988739,1.691113,0.742274,-0.351401,O02_G06_03,3.558868,3.820908
174.1745,0.032351,0.000682,-0.025449,-0.02272,-0.147858,0.988739,1.686248,0.742274,-0.352539,O02_G06_03,3.558868,3.820908
174.1858,0.032361,0.000682,-0.025449,-0.026169,-0.147842,0.988648,1.681288,0.742274,-0.34707,O02_G06_03,3.559494,3.825714
174.1967,0.032373,0.000668,-0.025449,-0.029587,-0.144379,0.989075,1.689542,0.742274,-0.344172,O02_G06_03,3.56041,3.718338
174.2077,0.032381,0.000668,-0.025449,-0.029526,-0.145401,0.988922,1.678861,0.742274,-0.34368,O02_G06_03,3.559647,3.707687
174.2189,0.032381,0.000668,-0.025449,-0.029526,-0.145401,0.988922,1.672336,0.742274,-0.343175,O02_G06_03,3.559647,3.707687
174.23,0.032238,0.000669,-0.02545,-0.034317,-0.145813,0.988709,1.668156,0.742274,-0.334523,O02_G06_03,3.559921,3.704391
174.2412,0.020957,0.000743,-0.025515,-0.046768,-0.142654,0.988663,1.681772,0.742274,-0.314885,O02_G06_03,3.531693,3.654007
174.2523,0.020957,0.000743,-0.025515,-0.046768,-0.142654,0.988663,1.678406,0.742274,-0.314279,O02_G06_03,3.531693,3.654007
174.2633,0.01823,0.000763,-0.025562,-0.046463,-0.138443,0.989273,1.691141,0.742274,-0.31622,O02_G06_03,3.523819,3.646683
174.2744,0.031859,0.000688,-0.025539,-0.03653,-0.142136,0.989166,1.667907,0.742274,-0.32938,O02_G06_03,3.504913,3.633469
174.2855,0.031859,0.000688,-0.025539,-0.03653,-0.142136,0.989166,1.663622,0.742274,-0.328314,O02_G06_03,3.504913,3.633469
174.2966,0.032428,0.000701,-0.025565,-0.036072,-0.140381,0.989426,1.665056,0.742274,-0.32841,O02_G06_03,3.496872,3.634354
174.3077,0.032428,0.000718,-0.025589,-0.036316,-0.137909,0.989777,1.670868,0.742274,-0.327827,O02_G06_03,3.463303,3.633545
174.3188,0.032428,0.000735,-0.025624,-0.036697,-0.131989,0.99057,1.6904,0.742274,-0.328777,O02_G06_03,3.408752,3.613113
174.3299,0.032428,0.000735,-0.025624,-0.036697,-0.131989,0.99057,1.688293,0.742274,-0.327001,O02_G06_03,3.408752,3.613113
174.3418,0.032428,0.000735,-0.025624,-0.032257,-0.13147,0.990784,1.68623,0.742274,-0.333029,O02_G06_03,3.407959,3.612808
174.3522,0.032427,0.000735,-0.025624,-0.030609,-0.128937,0.991165,1.694146,0.742274,-0.3354,O02_G06_03,3.393738,3.61705
174.3633,0.032427,0.000735,-0.025624,-0.030609,-0.128937,0.991165,1.692535,0.742274,-0.333734,O02_G06_03,3.393738,3.61705
174.3743,0.032422,0.000735,-0.025624,-0.026245,-0.116211,0.992874,1.740304,0.742274,-0.347098,O02_G06_03,3.376663,3.635376
174.3855,0.032409,0.000735,-0.025624,-0.026169,-0.11174,0.993378,1.756107,0.742274,-0.347902,O02_G06_03,3.374741,3.635849
174.3966,0.032409,0.000735,-0.025624,-0.026169,-0.11174,0.993378,1.75456,0.742274,-0.345922,O02_G06_03,3.374741,3.635849
174.4077,0.032394,0.000701,-0.025145,-0.022034,-0.133698,0.990768,1.661821,0.742274,-0.337357,O02_G06_03,3.355621,3.616104
174.4189,0.032377,0.000699,-0.025084,-0.017853,-0.123383,0.992188,1.696998,0.742274,-0.34867,O02_G06_03,3.344864,3.555695
174.43,0.03236,0.000699,-0.025043,-0.018265,-0.121597,0.992401,1.701843,0.742274,-0.347469,O02_G06_03,3.325378,3.53624
174.441,0.03236,0.000699,-0.025043,-0.018265,-0.121597,0.992401,1.698553,0.742274,-0.34562,O02_G06_03,3.325378,3.53624
174.4521,0.02978,0.000722,-0.025082,-0.01651,-0.118439,0.992813,1.707756,0.742274,-0.349146,O02_G06_03,3.310455,3.434753
174.4633,0.000922,0.000987,-0.025503,-0.035645,-0.106628,0.993652,1.763132,0.742274,-0.321968,O02_G06_03,3.289566,3.41481
174.4744,0.000922,0.000987,-0.025503,-0.035645,-0.106628,0.993652,1.761493,0.742274,-0.32084,O02_G06_03,3.289566,3.41481
174.4855,-0.003401,0.001031,-0.02557,-0.038651,-0.100067,0.994217,1.790462,0.742274,-0.318757,O02_G06_03,3.271042,3.38002
174.4965,-0.005048,0.001054,-0.025599,-0.037918,-0.101105,0.994141,1.783868,0.742274,-0.318808,O02_G06_03,3.270874,3.363541
174.5076,-0.005048,0.001054,-0.025599,-0.037918,-0.101105,0.994141,1.780446,0.742274,-0.318404,O02_G06_03,3.270874,3.363541
174.5188,0.004845,0.000967,-0.025429,-0.030701,-0.10379,0.99411,1.761458,0.742274,-0.329128,O02_G06_03,3.262589,3.339828
174.53,0.014538,0.000885,-0.025253,-0.018951,-0.10463,0.994324,1.746642,0.742274,-0.348686,O02_G06_03,3.240051,3.295319
174.5409,0.01531,0.000879,-0.025245,-0.016129,-0.099716,0.994873,1.761068,0.742274,-0.35711,O02_G06_03,3.240936,3.292892
174.5521,0.01531,0.000879,-0.025245,-0.016129,-0.099716,0.994873,1.757025,0.742274,-0.357655,O02_G06_03,3.240936,3.292892
174.5634,0.009436,0.000932,-0.025334,-0.015198,-0.093597,0.995483,1.780469,0.742274,-0.364156,O02_G06_03,3.2108,3.279816
174.5742,-0.001881,0.001045,-0.025555,-0.021133,-0.08371,0.996262,1.826981,0.742274,-0.361479,O02_G06_03,3.205704,3.27829
174.5855,-0.001881,0.001045,-0.025555,-0.021133,-0.08371,0.996262,1.830749,0.742274,-0.363976,O02_G06_03,3.205704,3.27829
174.5966,-0.006079,0.001101,-0.025636,-0.016418,-0.08136,0.996536,1.842556,0.742274,-0.376163,O02_G06_03,3.201172,3.275009
174.6076,-0.009907,0.001162,-0.025696,-0.016159,-0.08403,0.996323,1.834877,0.742274,-0.377377,O02_G06_03,3.201981,3.212784
174.6187,-0.002892,0.001102,-0.025585,-0.012909,-0.082459,0.996506,1.84008,0.742274,-0.386688,O02_G06_03,3.190918,3.191238
174.6299,-0.002892,0.001102,-0.025585,-0.012909,-0.082459,0.996506,1.836674,0.742274,-0.388574,O02_G06_03,3.190918,3.191238
174.6409,-0.002078,0.001101,-0.025577,-0.011108,-0.082535,0.996521,1.825938,0.742274,-0.393059,O02_G06_03,3.191772,3.177292
174.652,-0.000278,0.001092,-0.025567,-0.00882,-0.083328,0.996475,1.811405,0.742274,-0.397834,O02_G06_03,3.189529,3.177063
174.6634,-0.000278,0.001092,-0.025567,-0.00882,-0.083328,0.996475,1.797674,0.742274,-0.39856,O02_G06_03,3.189529,3.177063
174.6743,-0.004719,0.001154,-0.025799,-0.01123,-0.076752,0.996979,1.812525,0.742274,-0.399753,O02_G06_03,3.171402,3.177017
174.6854,0.002199,0.001006,-0.025726,0.013031,-0.10141,0.994751,1.681547,0.742274,-0.421313,O02_G06_03,3.109909,3.177567
174.6965,0.002199,0.001006,-0.025726,0.013031,-0.10141,0.994751,1.663757,0.742274,-0.419682,O02_G06_03,3.109909,3.177567
174.7076,0.03195,0.000661,-0.02543,0.03891,-0.124435,0.991455,1.551,0.742274,-0.441138,O02_G06_03,3.10997,3.189987
174.7188,0.031961,0.000646,-0.0254,0.045883,-0.124756,0.991119,1.52889,0.742274,-0.449306,O02_G06_03,3.070221,3.175247
174.7298,0.031967,0.000652,-0.025395,0.046646,-0.124832,0.991074,1.512567,0.742274,-0.447945,O02_G06_03,3.070114,3.157791
174.7409,0.031967,0.000652,-0.025395,0.046646,-0.124832,0.991074,1.498376,0.742274,-0.445537,O02_G06_03,3.070114,3.157791
174.7521,0.03197,0.000652,-0.025395,0.047821,-0.122253,0.991333,1.492736,0.742274,-0.446999,O02_G06_03,3.120392,3.140305
174.7632,0.031973,0.000643,-0.025376,0.049484,-0.117828,0.991791,1.494905,0.742274,-0.451351,O02_G06_03,3.132217,3.114334
174.7742,0.031973,0.000643,-0.025376,0.049484,-0.117828,0.991791,1.48646,0.742274,-0.450263,O02_G06_03,3.132217,3.114334
174.7852,-0.001648,0.001008,-0.025817,0.021057,-0.111679,0.993515,1.512362,0.742274,-0.411369,O02_G06_03,3.096573,3.139954
174.7965,-0.00406,0.001035,-0.02585,0.019669,-0.110733,0.993652,1.512046,0.742274,-0.41056,O02_G06_03,3.099854,3.114182
174.8076,-0.00406,0.001035,-0.02585,0.019669,-0.110733,0.993652,1.507576,0.742274,-0.41072,O02_G06_03,3.099854,3.114182
174.8187,-0.013833,0.001146,-0.025957,0.011963,-0.109604,0.993897,1.51284,0.742274,-0.401051,O02_G06_03,3.101349,3.110168
174.8299,-0.011046,0.001123,-0.025894,0.017578,-0.099609,0.994858,1.541088,0.742274,-0.418262,O02_G06_03,3.099335,3.102341
174.8409,-0.006878,0.001113,-0.025828,0.020233,-0.090485,0.995682,1.567993,0.742274,-0.430661,O02_G06_03,3.100449,3.087814
174.8521,-0.006878,0.001113,-0.025828,0.020233,-0.090485,0.995682,1.567314,0.742274,-0.433264,O02_G06_03,3.100449,3.087814
174.8632,-0.001938,0.001101,-0.02575,0.023422,-0.0858,0.996033,1.578736,0.742274,-0.44384,O02_G06_03,3.101517,3.092117
174.8745,0.001637,0.00111,-0.025694,0.024658,-0.082901,0.996246,1.584182,0.742274,-0.450598,O02_G06_03,3.092041,3.094711
174.8856,0.001637,0.00111,-0.025694,0.024658,-0.082901,0.996246,1.576783,0.742274,-0.452123,O02_G06_03,3.092041,3.094711
174.8965,0.001302,0.001123,-0.025707,0.021927,-0.07637,0.996826,1.59141,0.742274,-0.454683,O02_G06_03,3.075745,3.102234
174.9076,0.002048,0.001135,-0.025695,0.022186,-0.074402,0.996979,1.587855,0.742274,-0.457756,O02_G06_03,3.064606,3.105453
174.9188,0.001528,0.001149,-0.025718,0.020905,-0.073471,0.99707,1.580574,0.742274,-0.456666,O02_G06_03,3.060944,3.108566
174.9297,0.001528,0.001149,-0.025718,0.020905,-0.073471,0.99707,1.570134,0.742274,-0.456654,O02_G06_03,3.060944,3.108566
174.9408,0.003083,0.001142,-0.025695,0.020767,-0.073532,0.99707,1.558795,0.742274,-0.456139,O02_G06_03,3.060211,3.123322
174.9519,0.004518,0.001132,-0.025673,0.020752,-0.073868,0.99704,1.546426,0.742274,-0.454732,O02_G06_03,3.061462,3.155457
174.9631,0.004518,0.001132,-0.025673,0.020752,-0.073868,0.99704,1.535108,0.742274,-0.453201,O02_G06_03,3.061462,3.155457
174.9742,0.01189,0.001068,-0.02556,0.025681,-0.075882,0.99678,1.515167,0.742274,-0.456667,O02_G06_03,3.064774,3.161743
174.9852,0.013984,0.001052,-0.025528,0.027283,-0.076508,0.996689,1.501597,0.742274,-0.456081,O02_G06_03,3.064713,3.161758
174.9963,0.013984,0.001052,-0.025528,0.027283,-0.076508,0.996689,1.492763,0.742274,-0.453327,O02_G06_03,3.064713,3.161758
175.0074,0.000381,0.001175,-0.025732,0.018478,-0.064377,0.997742,1.527095,0.742274,-0.447089,O02_G06_03,3.066528,3.166916
175.0186,-0.004998,0.001224,-0.025799,0.01004,-0.059509,0.998169,1.539606,0.742274,-0.435537,O02_G06_03,3.066162,3.170914
175.0296,-0.001719,0.001201,-0.025733,0.008942,-0.054657,0.998459,1.549482,0.742274,-0.434938,O02_G06_03,3.069824,3.17804
175.0409,-0.001719,0.001201,-0.025733,0.008942,-0.054657,0.998459,1.542682,0.742274,-0.432089,O02_G06_03,3.069824,3.17804
175.052,0.000196,0.001185,-0.025691,0.004501,-0.046188,0.998917,1.566314,0.742274,-0.428878,O02_G06_03,3.07782,3.181229
175.0629,-0.007383,0.001264,-0.025726,-0.001175,-0.035461,0.999359,1.598156,0.742274,-0.425524,O02_G06_03,3.075745,3.181274
175.0741,-0.007383,0.001264,-0.025726,-0.001175,-0.035461,0.999359,1.590338,0.742274,-0.422094,O02_G06_03,3.075745,3.181274
175.0852,-0.011482,0.001328,-0.025791,-0.002319,-0.028503,0.999588,1.606185,0.742274,-0.422204,O02_G06_03,3.069107,3.165573
175.0963,-0.008839,0.001309,-0.025794,-0.001007,-0.022446,0.999741,1.617959,0.742274,-0.425237,O02_G06_03,3.071686,3.167297
175.1073,-0.008839,0.001309,-0.025794,-0.001007,-0.022446,0.999741,1.610511,0.742274,-0.421713,O02_G06_03,3.071686,3.167297
175.1186,-0.000887,0.00126,-0.025768,0.002121,-0.019272,0.999802,1.611403,0.742274,-0.425493,O02_G06_03,3.128387,3.189011
175.1296,0.003027,0.001245,-0.025727,0.006042,-0.012268,0.999893,1.627053,0.742274,-0.434476,O02_G06_03,3.140732,3.191711
175.1407,0.00495,0.001242,-0.025721,0.006714,-0.01004,0.999924,1.62827,0.742274,-0.434309,O02_G06_03,3.152603,3.192902
175.152,0.00495,0.001242,-0.025721,0.006714,-0.01004,0.999924,1.622199,0.742274,-0.432118,O02_G06_03,3.152603,3.192902
175.163,0.005069,0.001242,-0.025719,0.006561,-0.006683,0.999954,1.627746,0.742274,-0.432559,O02_G06_03,3.186691,3.199249
175.1741,0.002063,0.001259,-0.025721,0.005447,0.000275,0.999985,1.646813,0.742274,-0.43428,O02_G06_03,3.194702,3.202667
175.1853,0.002063,0.001259,-0.025721,0.005447,0.000275,0.999985,1.638487,0.742274,-0.431211,O02_G06_03,3.194702,3.202667
175.1963,0.001376,0.001277,-0.025753,0.006577,0.00798,0.999939,1.658072,0.742274,-0.436486,O02_G06_03,3.195114,3.2061
175.2074,0.001366,0.001288,-0.025765,0.004608,0.011887,0.999908,1.66546,0.742274,-0.433794,O02_G06_03,3.20871,3.223083
175.2185,0.001366,0.001288,-0.025765,0.004608,0.011887,0.999908,1.657473,0.742274,-0.431067,O02_G06_03,3.20871,3.223083
175.2297,0.003427,0.00128,-0.025771,0.004623,0.01358,0.999893,1.656879,0.742274,-0.430334,O02_G06_03,3.210022,3.238663
175.2407,0.002899,0.001288,-0.025777,0.004227,0.021851,0.999741,1.681682,0.742274,-0.434627,O02_G06_03,3.213303,3.244675
175.2518,0.00259,0.001296,-0.025776,0.005585,0.024094,0.99968,1.68406,0.742274,-0.436572,O02_G06_03,3.200867,3.238388
175.263,0.00259,0.001296,-0.025776,0.005585,0.024094,0.99968,1.678023,0.742274,-0.433912,O02_G06_03,3.200867,3.238388
175.274,0.001786,0.001308,-0.025779,0.0056,0.028351,0.999573,1.688643,0.742274,-0.43484,O02_G06_03,3.214996,3.247849
175.2852,0.001167,0.001313,-0.025779,0.006882,0.02887,0.999558,1.683475,0.742274,-0.434748,O02_G06_03,3.215378,3.247742
175.2962,0.001167,0.001313,-0.025779,0.006882,0.02887,0.999558,1.677456,0.742274,-0.431975,O02_G06_03,3.215378,3.247742
175.3073,0.001791,0.001321,-0.025779,0.008072,0.028305,0.999558,1.66929,0.742274,-0.430979,O02_G06_03,3.214523,3.252167
175.3185,0.000329,0.001336,-0.025782,0.007263,0.031937,0.999451,1.67805,0.742274,-0.430094,O02_G06_03,3.216476,3.271805
175.3295,0.000329,0.001336,-0.025782,0.007263,0.031937,0.999451,1.672365,0.742274,-0.427344,O02_G06_03,3.216476,3.271805
175.3406,0.000511,0.001345,-0.025777,0.007904,0.031631,0.999466,1.666468,0.742274,-0.425948,O02_G06_03,3.1987,3.253372
175.3518,0.000769,0.001349,-0.025781,0.007172,0.033951,0.99939,1.67108,0.742274,-0.423921,O02_G06_03,3.22493,3.264664
175.3628,-0.000348,0.001365,-0.025781,0.005524,0.034058,0.99939,1.669718,0.742274,-0.419495,O02_G06_03,3.226257,3.272537
175.374,-0.000348,0.001365,-0.025781,0.005524,0.034058,0.99939,1.667167,0.742274,-0.417602,O02_G06_03,3.226257,3.272537
175.3852,-0.001802,0.001379,-0.025787,0.004776,0.037994,0.999252,1.679953,0.742274,-0.417837,O02_G06_03,3.227036,3.277145
175.3962,0.005977,0.001354,-0.025918,-0.008789,0.03273,0.99942,1.666029,0.742274,-0.390338,O02_G06_03,3.285599,3.288712
175.4073,0.005977,0.001354,-0.025918,-0.008789,0.03273,0.99942,1.66363,0.742274,-0.389066,O02_G06_03,3.285599,3.288712
175.4185,0.009394,0.001336,-0.025932,-0.006607,0.034149,0.99939,1.665308,0.742274,-0.392087,O02_G06_03,3.268829,3.288956
175.4295,0.011805,0.001327,-0.025941,-0.006088,0.029938,0.999527,1.647871,0.742274,-0.389236,O02_G06_03,3.242355,3.289032
175.4405,0.011199,0.001333,-0.025938,-0.010345,0.029358,0.999512,1.645528,0.742274,-0.381301,O02_G06_03,3.234528,3.282822
175.4518,0.011199,0.001333,-0.025938,-0.010345,0.029358,0.999512,1.64225,0.742274,-0.381033,O02_G06_03,3.234528,3.282822
175.4628,0.006456,0.001352,-0.025914,-0.013123,0.03215,0.99939,1.651264,0.742274,-0.378524,O02_G06_03,3.234146,3.28891
175.4739,0.004457,0.001362,-0.025903,-0.014542,0.033051,0.999344,1.652384,0.742274,-0.377061,O02_G06_03,3.235123,3.28421
175.485,0.004457,0.001362,-0.025903,-0.014542,0.033051,0.999344,1.650063,0.742274,-0.377801,O02_G06_03,3.235123,3.28421
175.4963,0.001216,0.001378,-0.025889,-0.01532,0.034012,0.999298,1.65261,0.742274,-0.378418,O02_G06_03,3.237381,3.284225
175.5072,-0.000389,0.001386,-0.02588,-0.015183,0.035019,0.999268,1.653652,0.742274,-0.380455,O02_G06_03,3.237976,3.294724
175.5185,-0.000389,0.001386,-0.02588,-0.015183,0.035019,0.999268,1.651635,0.742274,-0.382138,O02_G06_03,3.237976,3.294724
175.5296,-0.002691,0.001398,-0.025857,-0.014618,0.037598,0.999176,1.657965,0.742274,-0.386991,O02_G06_03,3.239075,3.293671
175.5406,0.000999,0.001385,-0.025866,-0.013626,0.042084,0.999008,1.671262,0.742274,-0.393992,O02_G06_03,3.238541,3.307327
175.5518,0.000999,0.001385,-0.025866,-0.013626,0.042084,0.999008,1.668194,0.742274,-0.396369,O02_G06_03,3.238541,3.307327
175.5628,0.002056,0.001389,-0.02587,-0.011322,0.042831,0.999008,1.66718,0.742274,-0.403174,O02_G06_03,3.240967,3.300674
175.5739,0.001105,0.001398,-0.025868,-0.011108,0.045319,0.998901,1.674265,0.742274,-0.408052,O02_G06_03,3.22374,3.309052
175.5853,0.00241,0.001399,-0.025873,-0.009644,0.046021,0.998886,1.672546,0.742274,-0.41319,O02_G06_03,3.223892,3.30217
175.5962,0.00241,0.001399,-0.025873,-0.009644,0.046021,0.998886,1.670844,0.742274,-0.415694,O02_G06_03,3.223892,3.30217
175.6072,0.005742,0.001391,-0.025889,-0.006836,0.045456,0.998932,1.663237,0.742274,-0.421523,O02_G06_03,3.216385,3.302002
175.6183,0.006275,0.001393,-0.025907,-0.00322,0.046631,0.998901,1.662358,0.742274,-0.430405,O02_G06_03,3.217041,3.30101
175.6296,0.006275,0.001393,-0.025907,-0.00322,0.046631,0.998901,1.658179,0.742274,-0.432263,O02_G06_03,3.217041,3.30101
175.6405,0.0017,0.001424,-0.025919,0.004471,0.048477,0.99881,1.657104,0.742274,-0.447382,O02_G06_03,3.20752,3.276154
175.6516,-0.002279,0.001449,-0.025924,0.005753,0.049408,0.998749,1.655957,0.742274,-0.451939,O02_G06_03,3.201889,3.28093
175.6628,0.000604,0.001437,-0.025928,0.006638,0.049377,0.998749,1.65172,0.742274,-0.45434,O02_G06_03,3.20192,3.256866
175.6738,0.000604,0.001437,-0.025928,0.006638,0.049377,0.998749,1.649749,0.742274,-0.455861,O02_G06_03,3.20192,3.256866
175.685,0.005474,0.001413,-0.025918,0.007935,0.050323,0.998688,1.650165,0.742274,-0.46021,O02_G06_03,3.188248,3.25325
175.6961,0.005724,0.001415,-0.025912,0.007965,0.050369,0.998688,1.647971,0.742274,-0.461355,O02_G06_03,3.178146,3.241974
175.7072,0.005724,0.001415,-0.025912,0.007965,0.050369,0.998688,1.645666,0.742274,-0.462572,O02_G06_03,3.178146,3.241974
175.7182,0.002133,0.001434,-0.025892,0.004135,0.052719,0.998596,1.653548,0.742274,-0.459583,O02_G06_03,3.178055,3.244476
175.7296,0.00273,0.001431,-0.025869,0.003342,0.05307,0.998581,1.651702,0.742274,-0.459123,O02_G06_03,3.178452,3.235947
175.7408,0.00273,0.001431,-0.025869,0.003342,0.05307,0.998581,1.649177,0.742274,-0.459974,O02_G06_03,3.178452,3.235947
175.7516,0.000524,0.001445,-0.025844,-0.000214,0.053299,0.998566,1.648761,0.742274,-0.454936,O02_G06_03,3.180023,3.226089
175.7627,0.002038,0.00145,-0.02583,-0.000641,0.053329,0.998566,1.64683,0.742274,-0.45481,O02_G06_03,3.175751,3.229095
175.7738,0.003472,0.00145,-0.025832,-0.004837,0.054611,0.998489,1.651331,0.742274,-0.449471,O02_G06_03,3.173248,3.219604
175.7849,0.003472,0.00145,-0.025832,-0.004837,0.054611,0.998489,1.648429,0.742274,-0.449943,O02_G06_03,3.173248,3.219604
175.7961,0.00248,0.001463,-0.025828,-0.007462,0.054413,0.998489,1.647232,0.742274,-0.445635,O02_G06_03,3.166138,3.216217
175.8071,0.001596,0.001477,-0.02583,-0.00824,0.056747,0.998352,1.654362,0.742274,-0.446711,O02_G06_03,3.165268,3.209518
175.8183,0.001596,0.001477,-0.02583,-0.00824,0.056747,0.998352,1.652136,0.742274,-0.446565,O02_G06_03,3.165268,3.209518
175.8294,0.001094,0.001486,-0.025829,-0.009094,0.056015,0.998383,1.648117,0.742274,-0.444556,O02_G06_03,3.159943,3.218536
175.8404,0.001601,0.001487,-0.025831,-0.008804,0.05661,0.998352,1.648172,0.742274,-0.445884,O02_G06_03,3.148468,3.20871
175.8516,0.001601,0.001487,-0.025831,-0.008804,0.05661,0.998352,1.646443,0.742274,-0.445558,O02_G06_03,3.148468,3.20871
175.8628,0.003845,0.001468,-0.025883,0.001251,0.065048,0.997879,1.66864,0.742274,-0.468912,O02_G06_03,3.090759,3.146622
175.8737,0.01309,0.001407,-0.025904,0.01329,0.064865,0.997803,1.658362,0.742274,-0.487638,O02_G06_03,3.219925,3.120865
175.885,0.011731,0.001418,-0.025915,0.011658,0.0616,0.998032,1.643402,0.742274,-0.481459,O02_G06_03,3.21373,3.093491
175.8961,0.011731,0.001418,-0.025915,0.011658,0.0616,0.998032,1.640221,0.742274,-0.480999,O02_G06_03,3.21373,3.093491
175.907,0.012141,0.001416,-0.025917,0.011108,0.06221,0.997986,1.639504,0.742274,-0.480214,O02_G06_03,3.21254,3.099915
175.9183,0.007416,0.001442,-0.025922,0.00946,0.063126,0.997955,1.640495,0.742274,-0.477836,O02_G06_03,3.2043,3.128815
175.9293,0.007416,0.001442,-0.025922,0.00946,0.063126,0.997955,1.638448,0.742274,-0.477291,O02_G06_03,3.2043,3.128815
175.9404,0.004621,0.001464,-0.02594,0.007782,0.064346,0.997894,1.641614,0.742274,-0.475253,O02_G06_03,3.174988,3.10083
175.9517,0.00387,0.001469,-0.025939,0.007889,0.065887,0.997788,1.644617,0.742274,-0.476165,O02_G06_03,3.176331,3.094772
175.9626,0.00387,0.001469,-0.025939,0.007889,0.065887,0.997788,1.641696,0.742274,-0.475195,O02_G06_03,3.176331,3.094772
175.9738,0.002084,0.001478,-0.025935,0.00647,0.069244,0.997574,1.651753,0.742274,-0.475416,O02_G06_03,3.160965,3.103104
175.9849,0.000707,0.001487,-0.02593,0.00502,0.069458,0.997559,1.651199,0.742274,-0.472657,O02_G06_03,3.161438,3.109039
175.9959,0.00054,0.001495,-0.025926,0.004593,0.067871,0.997681,1.642888,0.742274,-0.469626,O02_G06_03,3.151337,3.109238
176.007,0.00054,0.001495,-0.025926,0.004593,0.067871,0.997681,1.640981,0.742274,-0.469168,O02_G06_03,3.151337,3.109238
176.0183,0.001071,0.001495,-0.025927,0.004562,0.070297,0.997513,1.647862,0.742274,-0.471198,O02_G06_03,3.14595,3.132202
176.0292,0.00198,0.001493,-0.025928,0.004257,0.072296,0.99736,1.654288,0.742274,-0.472683,O02_G06_03,3.132492,3.131592
176.0403,0.00198,0.001493,-0.025928,0.004257,0.072296,0.99736,1.653409,0.742274,-0.472849,O02_G06_03,3.132492,3.131592
176.0516,0.002955,0.001491,-0.02593,0.004745,0.072754,0.99733,1.654125,0.742274,-0.473978,O02_G06_03,3.130905,3.132172
176.0625,0.003983,0.001486,-0.025926,0.005676,0.072433,0.997345,1.651838,0.742274,-0.475543,O02_G06_03,3.128799,3.132324
176.0737,0.002676,0.001492,-0.02592,0.004883,0.072739,0.99733,1.652821,0.742274,-0.475112,O02_G06_03,3.116837,3.13269
176.0849,0.002676,0.001492,-0.02592,0.004883,0.072739,0.99733,1.651324,0.742274,-0.47529,O02_G06_03,3.116837,3.13269
176.0958,0.001481,0.001497,-0.025912,0.006973,0.074829,0.997162,1.656051,0.742274,-0.480688,O02_G06_03,3.111847,3.124649
176.1069,0.000226,0.001494,-0.025883,0.012695,0.074707,0.997116,1.650095,0.742274,-0.489536,O02_G06_03,3.118805,3.118866
176.1182,0.000226,0.001494,-0.025883,0.012695,0.074707,0.997116,1.648489,0.742274,-0.489801,O02_G06_03,3.118805,3.118866
176.1292,0.001207,0.001487,-0.025872,0.014023,0.075058,0.99707,1.647906,0.742274,-0.492809,O02_G06_03,3.130722,3.118927
176.1403,0.000771,0.001489,-0.025864,0.01413,0.075027,0.99707,1.646375,0.742274,-0.493433,O02_G06_03,3.130997,3.101135
176.1515,0.000771,0.001489,-0.025864,0.01413,0.075027,0.99707,1.644747,0.742274,-0.493869,O02_G06_03,3.130997,3.101135
176.1626,0.000903,0.001488,-0.025859,0.014114,0.074478,0.997116,1.640994,0.742274,-0.493852,O02_G06_03,3.101578,3.092255
176.1736,0.000026,0.001493,-0.025854,0.013412,0.075668,0.99704,1.64378,0.742274,-0.494406,O02_G06_03,3.140976,3.092834
176.1848,0.00092,0.00149,-0.025861,0.014435,0.076324,0.996964,1.643354,0.742274,-0.497724,O02_G06_03,3.155457,3.09874
176.196,0.00092,0.00149,-0.025861,0.014435,0.076324,0.996964,1.64089,0.742274,-0.498387,O02_G06_03,3.155457,3.09874
176.207,0.001352,0.001489,-0.025866,0.014175,0.076767,0.996933,1.639833,0.742274,-0.499331,O02_G06_03,3.155869,3.101837
176.218,0.001234,0.001494,-0.025876,0.012909,0.077423,0.996903,1.639332,0.742274,-0.498503,O02_G06_03,3.151505,3.112961
176.2292,0.001234,0.001494,-0.025876,0.012909,0.077423,0.996903,1.63595,0.742274,-0.49938,O02_G06_03,3.151505,3.112961
176.2402,0.001735,0.001496,-0.02588,0.012192,0.078522,0.996826,1.636886,0.742274,-0.499984,O02_G06_03,3.147827,3.1138
176.2515,0.0019,0.001506,-0.025889,0.011368,0.076935,0.996964,1.628033,0.742274,-0.497761,O02_G06_03,3.151703,3.113312
176.2625,0.0019,0.001506,-0.025889,0.011368,0.076935,0.996964,1.624245,0.742274,-0.498104,O02_G06_03,3.151703,3.113312
176.2736,0.002043,0.001508,-0.025889,0.008499,0.078659,0.996857,1.628802,0.742274,-0.495947,O02_G06_03,3.157974,3.121948
176.2846,0.003147,0.001507,-0.025895,0.005157,0.079163,0.996841,1.629364,0.742274,-0.491471,O02_G06_03,3.151382,3.149567
176.2959,0.002565,0.001512,-0.025884,0.004547,0.084351,0.996414,1.646131,0.742274,-0.496029,O02_G06_03,3.152969,3.152832
176.307,0.002565,0.001512,-0.025884,0.004547,0.084351,0.996414,1.644747,0.742274,-0.496256,O02_G06_03,3.152969,3.152832
176.3179,0.002965,0.001515,-0.025861,0.004181,0.084045,0.996445,1.643113,0.742274,-0.495751,O02_G06_03,3.153244,3.154449
176.3291,0.004996,0.001508,-0.025859,0.004669,0.085693,0.996307,1.648501,0.742274,-0.498386,O02_G06_03,3.154266,3.161972
176.3401,0.004996,0.001508,-0.025859,0.004669,0.085693,0.996307,1.647807,0.742274,-0.498182,O02_G06_03,3.154266,3.161972
176.3513,0.003308,0.001516,-0.025847,0.002258,0.090775,0.995865,1.667847,0.742274,-0.499493,O02_G06_03,3.154007,3.157761
176.3626,0.009182,0.001526,-0.025866,0.001404,0.082062,0.996613,1.63454,0.742274,-0.488965,O02_G06_03,3.148102,3.158157
176.3735,0.009182,0.001526,-0.025866,0.001404,0.082062,0.996613,1.632733,0.742274,-0.488152,O02_G06_03,3.148102,3.158157
176.3847,0.001579,0.001555,-0.025842,-0.003311,0.089142,0.996002,1.660214,0.742274,-0.487416,O02_G06_03,3.141663,3.143204
176.3958,-0.000008,0.001565,-0.025795,-0.012512,0.090012,0.99585,1.669366,0.742274,-0.473571,O02_G06_03,3.142166,3.14357
176.4068,0.000223,0.001569,-0.025705,-0.026749,0.086441,0.995895,1.664493,0.742274,-0.447632,O02_G06_03,3.158997,3.133484
176.4181,0.000223,0.001569,-0.025705,-0.026749,0.086441,0.995895,1.66454,0.742274,-0.447563,O02_G06_03,3.158997,3.133484
176.4292,0.000642,0.001575,-0.025715,-0.027618,0.087982,0.995728,1.671208,0.742274,-0.447629,O02_G06_03,3.160202,3.134048
176.4402,0.001816,0.001595,-0.025732,-0.027405,0.084625,0.996033,1.657847,0.742274,-0.444748,O02_G06_03,3.156509,3.132431
176.4514,0.001816,0.001595,-0.025732,-0.027405,0.084625,0.996033,1.656626,0.742274,-0.444313,O02_G06_03,3.156509,3.132431
176.4625,0.002764,0.001597,-0.025742,-0.026077,0.085083,0.996018,1.655203,0.742274,-0.44613,O02_G06_03,3.168762,3.135101
176.4735,0.002521,0.001598,-0.025739,-0.027222,0.087418,0.995789,1.661728,0.742274,-0.445548,O02_G06_03,3.172623,3.140366
176.4847,0.002521,0.001598,-0.025739,-0.027222,0.087418,0.995789,1.659778,0.742274,-0.44528,O02_G06_03,3.172623,3.140366
176.4958,0.001345,0.001601,-0.025726,-0.027863,0.088211,0.995697,1.662217,0.742274,-0.444866,O02_G06_03,3.172852,3.154907
176.5068,0.001476,0.001599,-0.025725,-0.028366,0.087738,0.995728,1.660187,0.742274,-0.443646,O02_G06_03,3.17012,3.154953
176.5181,0.001313,0.0016,-0.025723,-0.028549,0.088104,0.995697,1.661743,0.742274,-0.443588,O02_G06_03,3.158066,3.155273
176.5291,0.001313,0.0016,-0.025723,-0.028549,0.088104,0.995697,1.661506,0.742274,-0.443459,O02_G06_03,3.158066,3.155273
176.5401,0.000979,0.001601,-0.025715,-0.030167,0.087845,0.995667,1.660616,0.742274,-0.44056,O02_G06_03,3.151871,3.168503
176.5513,0.000738,0.0016,-0.025708,-0.029266,0.088013,0.995682,1.659515,0.742274,-0.441685,O02_G06_03,3.151825,3.169067
176.5625,0.000738,0.0016,-0.025708,-0.029266,0.088013,0.995682,1.658592,0.742274,-0.441604,O02_G06_03,3.151825,3.169067
176.5735,0.00118,0.001597,-0.025711,-0.029739,0.087997,0.995667,1.658152,0.742274,-0.440357,O02_G06_03,3.152161,3.168732
176.5848,0.00103,0.001596,-0.025703,-0.029358,0.08757,0.995712,1.655295,0.742274,-0.440408,O02_G06_03,3.15152,3.170959
176.5958,0.00075,0.001597,-0.025697,-0.029633,0.087921,0.995682,1.656706,0.742274,-0.440326,O02_G06_03,3.154739,3.17334
176.6069,0.00075,0.001597,-0.025697,-0.029633,0.087921,0.995682,1.655621,0.742274,-0.439626,O02_G06_03,3.154739,3.17334
176.618,0.001281,0.001596,-0.025701,-0.029205,0.087524,0.995728,1.654264,0.742274,-0.440035,O02_G06_03,3.158829,3.170685
176.6291,0.00157,0.001596,-0.025701,-0.028107,0.087341,0.995773,1.652064,0.742274,-0.441402,O02_G06_03,3.154495,3.172684
176.6402,0.00157,0.001596,-0.025701,-0.028107,0.087341,0.995773,1.6517,0.742274,-0.441511,O02_G06_03,3.154495,3.172684
176.6514,0.001196,0.001596,-0.025696,-0.028107,0.087219,0.995789,1.650167,0.742274,-0.441419,O02_G06_03,3.1586,3.172516
176.6625,0.001402,0.001595,-0.025695,-0.027756,0.086914,0.995819,1.648263,0.742274,-0.441839,O02_G06_03,3.182343,3.169098
176.6735,0.001402,0.001595,-0.025695,-0.027756,0.086914,0.995819,1.648453,0.742274,-0.44208,O02_G06_03,3.182343,3.169098
176.6848,0.001918,0.001592,-0.025695,-0.027832,0.087433,0.995773,1.650678,0.742274,-0.442623,O02_G06_03,3.182709,3.161758
176.6968,0.001621,0.001592,-0.025688,-0.028198,0.087219,0.995789,1.649911,0.742274,-0.441873,O02_G06_03,3.177551,3.169647
176.7067,0.001309,0.00159,-0.025682,-0.028442,0.08786,0.995712,1.652571,0.742274,-0.44193,O02_G06_03,3.177643,3.173477
176.7179,0.001309,0.00159,-0.025682,-0.028442,0.08786,0.995712,1.651915,0.742274,-0.441926,O02_G06_03,3.177643,3.173477
176.7289,0.001982,0.001587,-0.025682,-0.028488,0.086227,0.995865,1.645142,0.742274,-0.440048,O02_G06_03,3.166229,3.173645
176.7401,0.002002,0.001583,-0.025679,-0.028519,0.086121,0.995865,1.643986,0.742274,-0.439337,O02_G06_03,3.156021,3.173172
176.7513,0.002002,0.001583,-0.025679,-0.028519,0.086121,0.995865,1.643015,0.742274,-0.439398,O02_G06_03,3.156021,3.173172
176.7625,0.002478,0.00158,-0.025676,-0.02919,0.084473,0.995987,1.637138,0.742274,-0.436411,O02_G06_03,3.155533,3.169815
176.7733,0.011422,0.001533,-0.025817,-0.026947,0.067535,0.997345,1.576755,0.742274,-0.424925,O02_G06_03,3.149323,3.174667
176.7849,0.011422,0.001533,-0.025817,-0.026947,0.067535,0.997345,1.575983,0.742274,-0.424523,O02_G06_03,3.149323,3.174667
176.7956,0.021372,0.001514,-0.025885,-0.021927,0.071289,0.997208,1.584937,0.742274,-0.435156,O02_G06_03,3.149384,3.214417
176.8067,0.019256,0.001517,-0.025877,-0.02298,0.071503,0.997162,1.585379,0.742274,-0.43378,O02_G06_03,3.147751,3.180176
176.8179,0.012239,0.001501,-0.025859,-0.027435,0.064957,0.997498,1.565528,0.742274,-0.42149,O02_G06_03,3.142014,3.180161
176.8293,0.012239,0.001501,-0.025859,-0.027435,0.064957,0.997498,1.564607,0.742274,-0.421484,O02_G06_03,3.142014,3.180161
176.8401,0.005328,0.001515,-0.025819,-0.03244,0.061005,0.997604,1.55369,0.742274,-0.410956,O02_G06_03,3.13768,3.182144
176.8512,0.002205,0.001518,-0.025794,-0.034393,0.061188,0.997528,1.554707,0.742274,-0.408189,O02_G06_03,3.138779,3.17984
176.8624,0.002205,0.001518,-0.025794,-0.034393,0.061188,0.997528,1.554088,0.742274,-0.40844,O02_G06_03,3.138779,3.17984
176.8743,0.002172,0.001514,-0.025802,-0.033905,0.062393,0.997467,1.55663,0.742274,-0.409943,O02_G06_03,3.149658,3.179321
176.8846,0.001396,0.001488,-0.025794,-0.034271,0.069672,0.996979,1.579317,0.742274,-0.415336,O02_G06_03,3.172012,3.182144
176.8956,0.001396,0.001488,-0.025794,-0.034271,0.069672,0.996979,1.578907,0.742274,-0.41561,O02_G06_03,3.172012,3.182144
176.9066,0.001856,0.001485,-0.025788,-0.033127,0.070343,0.996964,1.57996,0.742274,-0.417817,O02_G06_03,3.209641,3.184219
176.9179,0.002118,0.001484,-0.025781,-0.030975,0.070755,0.997009,1.579602,0.742274,-0.421494,O02_G06_03,3.210464,3.181702
176.9289,0.002267,0.001483,-0.025782,-0.030563,0.072037,0.996933,1.583605,0.742274,-0.423181,O02_G06_03,3.215424,3.188354
176.9399,0.002267,0.001483,-0.025782,-0.030563,0.072037,0.996933,1.582033,0.742274,-0.422898,O02_G06_03,3.215424,3.188354
176.9511,0.00217,0.001484,-0.025782,-0.030319,0.073288,0.996841,1.586638,0.742274,-0.424191,O02_G06_03,3.216324,3.217041
176.9622,0.001982,0.001486,-0.025782,-0.029846,0.075287,0.996704,1.5927,0.742274,-0.426526,O02_G06_03,3.233139,3.230621
176.9733,0.002366,0.001488,-0.025785,-0.029327,0.075684,0.996689,2.992816,0,-0.708879,Ground,3.233093,3.231094
176.9844,0.002366,0.001488,-0.025785,-0.029327,0.075684,0.996689,2.992132,0,-0.708705,Ground,3.233093,3.231094
176.9955,0.002289,0.001492,-0.025787,-0.029129,0.076477,0.996643,2.998359,0,-0.711152,Ground,3.255035,3.23822
177.0066,0.002289,0.001492,-0.025787,-0.029129,0.076477,0.996643,2.999221,0,-0.710988,Ground,3.255035,3.23822
177.0179,0.002415,0.001495,-0.025789,-0.029205,0.076736,0.996613,3.00096,0,-0.711171,Ground,3.255081,3.239059
177.0287,0.001769,0.001502,-0.025781,-0.029297,0.075668,0.996689,2.994489,0,-0.709755,Ground,3.254242,3.238983
177.0399,0.001769,0.001502,-0.025781,-0.029297,0.075668,0.996689,2.992599,0,-0.709089,Ground,3.254242,3.238983
177.0511,0.001264,0.001504,-0.025777,-0.030685,0.075958,0.996628,2.996074,0,-0.705484,Ground,3.253906,3.239502
177.0623,0.00054,0.001507,-0.02577,-0.031021,0.075394,0.996658,2.989528,0,-0.703075,Ground,3.211838,3.256302
177.0732,0.000096,0.001508,-0.025759,-0.030884,0.074829,0.996704,2.985852,0,-0.702754,Ground,3.21167,3.256577
177.0845,0.000096,0.001508,-0.025759,-0.030884,0.074829,0.996704,2.984936,0,-0.702497,Ground,3.21167,3.256577
177.0956,0.000637,0.001506,-0.025762,-0.029663,0.074783,0.99675,2.98386,0,-0.706188,Ground,3.192459,3.240021
177.1066,0.001469,0.001503,-0.025772,-0.029266,0.0755,0.996704,2.986963,0,-0.707794,Ground,3.211594,3.247772
177.1178,0.001469,0.001503,-0.025772,-0.029266,0.0755,0.996704,2.98562,0,-0.708043,Ground,3.211594,3.247772
177.1288,0.001176,0.001502,-0.025769,-0.029785,0.07547,0.996689,2.982711,0,-0.705665,Ground,3.2341,3.231598
177.1398,0.001312,0.001502,-0.025771,-0.02829,0.073868,0.996857,2.966606,0,-0.70638,Ground,3.232422,3.229492
177.151,0.0017,0.001499,-0.025778,-0.026596,0.074249,0.996872,2.962237,0,-0.710184,Ground,3.233185,3.229736
177.1621,0.0017,0.001499,-0.025778,-0.026596,0.074249,0.996872,2.958783,0,-0.709353,Ground,3.233185,3.229736
177.1733,0.001897,0.001497,-0.02578,-0.026382,0.074371,0.996872,2.955373,0,-0.709184,Ground,3.233231,3.197876
177.1843,0.002051,0.001496,-0.025781,-0.025314,0.075226,0.996841,2.955504,0,-0.712146,Ground,3.233673,3.197968
177.1955,0.002051,0.001496,-0.025781,-0.025314,0.075226,0.996841,2.950055,0,-0.71046,Ground,3.233673,3.197968
177.2065,0.001457,0.001498,-0.025773,-0.025116,0.076065,0.99678,2.949564,0,-0.711684,Ground,3.233948,3.183426
177.2177,0.001439,0.001508,-0.025986,-0.029526,0.078812,0.996445,2.96773,0,-0.70203,Ground,3.233276,3.071991
177.2287,0.001439,0.001508,-0.025986,-0.029526,0.078812,0.996445,2.961418,0,-0.701082,Ground,3.233276,3.071991
177.2398,-0.000041,0.001413,-0.026332,-0.026688,0.016525,0.999497,2.581931,0,-0.615695,Ground,3.042267,3.103378
177.251,-0.006268,0.001252,-0.026266,-0.030655,-0.034241,0.998932,2.33112,0,-0.542564,Ground,2.888,3.025772
177.2621,-0.006268,0.001252,-0.026266,-0.030655,-0.034241,0.998932,2.322578,0,-0.54105,Ground,2.888,3.025772
177.2732,-0.009771,0.001304,-0.026935,-0.029587,-0.073502,0.996841,2.145669,0,-0.499561,Ground,2.97287,3.087692
177.2843,-0.002047,0.001128,-0.026467,-0.029877,-0.087448,0.995712,2.079555,0,-0.482516,Ground,3.043945,3.045898
177.2953,-0.009509,0.001152,-0.026405,-0.033829,-0.084641,0.995834,2.077712,0,-0.471822,Ground,2.928787,2.992569
177.3065,-0.009509,0.001152,-0.026405,-0.033829,-0.084641,0.995834,2.053732,0,-0.464771,Ground,2.928787,2.992569
177.3177,-0.012191,0.001186,-0.026409,-0.033508,-0.086639,0.995667,2.017189,0,-0.454246,Ground,2.923798,3.001282
177.3287,-0.014809,0.001076,-0.025984,-0.034531,-0.086044,0.995682,1.988149,0,-0.441423,Ground,2.902618,2.984573
177.3398,-0.014809,0.001076,-0.025984,-0.034531,-0.086044,0.995682,1.95091,0,-0.427797,Ground,2.902618,2.984573
177.3508,-0.014246,0.000905,-0.025816,-0.032242,-0.103317,0.994125,1.853233,0,-0.40578,Ground,2.913666,3.003738
177.3621,-0.027235,0.000908,-0.025931,-0.03476,-0.109848,0.993332,1.794542,0,-0.381076,Ground,2.935623,3.244843
177.3731,-0.026617,0.000593,-0.025266,-0.025146,-0.176544,0.983963,1.552225,0,-0.344156,Ground,2.922974,3.117371
177.3842,-0.026617,0.000593,-0.025266,-0.025146,-0.176544,0.983963,1.513311,0,-0.329952,Ground,2.922974,3.117371
177.3953,0.03215,0.000029,-0.02537,-0.020569,-0.246841,0.968826,1.295823,0,-0.288083,Ground,2.882278,3.897583
177.4064,0.03235,-0.00029,-0.024834,-0.00856,-0.260544,0.965408,1.221276,0,-0.289324,Ground,2.885086,4.406799
177.4176,0.03235,-0.00029,-0.024834,-0.00856,-0.260544,0.965408,1.180055,0,-0.274368,Ground,2.885086,4.406799
177.4286,0.032284,-0.000604,-0.024601,-0.005905,-0.298035,0.954529,1.061087,0,-0.249102,Ground,3.019699,3.679672
177.4398,0.0322,-0.000705,-0.02504,0.002655,-0.299255,0.954163,1.014321,0,-0.248447,Ground,3.06012,-1
177.4509,0.0322,-0.000705,-0.02504,0.002655,-0.299255,0.954163,0.972263,0,-0.233983,Ground,3.06012,-1
177.462,0.032159,-0.000789,-0.024882,0.000015,-0.327484,0.94484,0.8808,0,-0.206263,Ground,2.98877,4.456543
177.4731,0.032086,-0.0008,-0.025165,0.011688,-0.358856,0.933304,0.783994,0,-0.201672,Ground,3.044846,5.402817
