time,head_pos_x,head_pos_y,head_pos_z,head_rot_x,head_rot_y,head_rot_z,left_pos_x,left_pos_y,left_pos_z,left_rot_x,left_rot_y,left_rot_z,right_pos_x,right_pos_y,right_pos_z,right_rot_x,right_rot_y,right_rot_z,grab_force,grab,trigger
596.6397,-0.306982,1.558575,0.008747,72.17494,250.3478,347.3365,0,0,0,0,0,0,-0.203186,0.763,0.303611,55.17201,287.0765,27.05114,0,False,False
596.6513,-0.30611,1.558602,0.009405,72.21469,250.2284,347.2495,0,0,0,0,0,0,-0.204096,0.763123,0.303308,55.1195,286.8101,26.86459,0,False,False
596.6631,-0.30521,1.558671,0.010118,72.24608,250.2378,347.2925,0,0,0,0,0,0,-0.20503,0.763356,0.302876,55.06884,286.5192,26.67533,0,False,False
596.6731,-0.304313,1.558743,0.01079,72.26069,250.1975,347.3036,0,0,0,0,0,0,-0.205898,0.763467,0.302446,55.02658,286.2329,26.49076,0,False,False
596.6843,-0.303438,1.558829,0.011522,72.28638,250.2223,347.3698,0,0,0,0,0,0,-0.206873,0.763627,0.301758,54.97734,285.8311,26.23026,0,False,False
596.6954,-0.302591,1.558988,0.012228,72.28743,250.2935,347.4752,0,0,0,0,0,0,-0.207795,0.763859,0.301201,54.90892,285.4631,25.99016,0,False,False
596.7064,-0.301776,1.559131,0.012965,72.29028,250.3341,347.5515,0,0,0,0,0,0,-0.208627,0.764095,0.300665,54.81186,285.0485,25.70746,0,False,False
596.7177,-0.300983,1.559306,0.013713,72.27919,250.4243,347.6693,0,0,0,0,0,0,-0.209526,0.764284,0.300027,54.71487,284.6291,25.41772,0,False,False
596.7286,-0.300266,1.559489,0.014462,72.26797,250.5716,347.8289,0,0,0,0,0,0,-0.210351,0.764573,0.2995,54.59887,284.232,25.14173,0,False,False
596.7397,-0.299553,1.559673,0.015222,72.22626,250.7408,347.9848,0,0,0,0,0,0,-0.211217,0.764749,0.298933,54.49229,283.8492,24.88946,0,False,False
596.7509,-0.298858,1.559833,0.015908,72.18608,250.8609,348.062,0,0,0,0,0,0,-0.211829,0.764909,0.298434,54.37762,283.5037,24.65988,0,False,False
596.762,-0.298209,1.560027,0.016645,72.11864,250.9176,348.0314,0,0,0,0,0,0,-0.21251,0.765107,0.29797,54.277,283.1636,24.43151,0,False,False
596.7731,-0.297637,1.560169,0.017372,72.07068,250.9347,347.9483,0,0,0,0,0,0,-0.213158,0.765367,0.297641,54.19583,282.8402,24.20618,0,False,False
596.7842,-0.297088,1.560235,0.018148,71.99609,250.9284,347.8208,0,0,0,0,0,0,-0.213622,0.76555,0.297395,54.1253,282.5839,23.9966,0,False,False
596.7954,-0.296576,1.560276,0.01895,71.95889,250.8513,347.6079,0,0,0,0,0,0,-0.213985,0.765726,0.297106,54.08007,282.3393,23.8158,0,False,False
596.8064,-0.296031,1.560282,0.019739,71.91479,250.8123,347.4595,0,0,0,0,0,0,-0.214408,0.765796,0.296722,54.05817,282.0963,23.65892,0,False,False
596.8175,-0.29549,1.560291,0.020554,71.87612,250.7554,347.3062,0,0,0,0,0,0,-0.21462,0.765748,0.296558,54.08263,281.8871,23.57929,0,False,False
596.8287,-0.294958,1.560233,0.021329,71.86282,250.7204,347.2071,0,0,0,0,0,0,-0.214681,0.765506,0.296372,54.13091,281.6768,23.50076,0,False,False
596.8397,-0.294359,1.560127,0.022114,71.88831,250.7599,347.2012,0,0,0,0,0,0,-0.214736,0.765315,0.296203,54.19125,281.4474,23.39697,0,False,False
596.8508,-0.29374,1.560126,0.022932,71.91579,250.7712,347.1954,0,0,0,0,0,0,-0.21452,0.764961,0.296103,54.30367,281.2405,23.32863,0,False,False
596.862,-0.293068,1.560063,0.023769,71.96455,250.8386,347.2816,0,0,0,0,0,0,-0.214448,0.764622,0.29601,54.38473,281.0203,23.25184,0,False,False
596.873,-0.292444,1.560018,0.024603,72.02614,250.9277,347.3792,0,0,0,0,0,0,-0.214383,0.764348,0.296032,54.4646,280.8187,23.20966,0,False,False
596.8842,-0.291883,1.559989,0.025353,72.07698,251.0603,347.5379,0,0,0,0,0,0,-0.214085,0.763891,0.296202,54.56502,280.6399,23.19328,0,False,False
596.8953,-0.291316,1.560002,0.026091,72.11834,251.2294,347.7342,0,0,0,0,0,0,-0.213857,0.763643,0.296461,54.6227,280.5242,23.25299,0,False,False
596.9063,-0.290816,1.560009,0.026808,72.14838,251.3944,347.9452,0,0,0,0,0,0,-0.213628,0.763394,0.296764,54.6443,280.442,23.34374,0,False,False
596.9176,-0.290264,1.560029,0.027466,72.17439,251.5622,348.1549,0,0,0,0,0,0,-0.213368,0.763208,0.297159,54.66169,280.4101,23.43843,0,False,False
596.9286,-0.289736,1.560023,0.028071,72.20481,251.7005,348.3539,0,0,0,0,0,0,-0.213093,0.762917,0.297682,54.70861,280.4499,23.55262,0,False,False
596.9397,-0.289214,1.560142,0.028635,72.22012,251.7532,348.484,0,0,0,0,0,0,-0.212774,0.762624,0.298286,54.76327,280.4955,23.64864,0,False,False
596.9509,-0.288722,1.560233,0.02917,72.2192,251.7458,348.5537,0,0,0,0,0,0,-0.212393,0.762388,0.299031,54.84393,280.6385,23.77697,0,False,False
596.9619,-0.288251,1.56039,0.029615,72.19002,251.6582,348.5388,0,0,0,0,0,0,-0.212036,0.762103,0.299774,54.92221,280.7302,23.86473,0,False,False
596.973,-0.287807,1.560532,0.029985,72.15268,251.5421,348.489,0,0,0,0,0,0,-0.211712,0.761921,0.300591,54.987,280.8562,23.9658,0,False,False
596.9841,-0.287411,1.560688,0.030315,72.11356,251.3524,348.3629,0,0,0,0,0,0,-0.211377,0.761725,0.301536,55.03636,280.9477,24.06639,0,False,False
596.9952,-0.286968,1.560871,0.030623,72.06624,251.1739,348.2488,0,0,0,0,0,0,-0.211045,0.761526,0.302273,55.09159,280.9799,24.14772,0,False,False
597.0063,-0.286578,1.561067,0.030871,72.03528,250.9536,348.1082,0,0,0,0,0,0,-0.210654,0.761335,0.303074,55.17156,280.9598,24.24721,0,False,False
597.0175,-0.286175,1.561376,0.03102,72.00774,250.7603,348.0031,0,0,0,0,0,0,-0.21018,0.761068,0.303935,55.26369,280.9293,24.35253,0,False,False
597.0286,-0.285731,1.561698,0.031179,71.98427,250.6129,347.9597,0,0,0,0,0,0,-0.209661,0.760739,0.304603,55.38918,280.8139,24.54421,0,False,False
597.0396,-0.285305,1.562054,0.031175,71.93449,250.4854,347.974,0,0,0,0,0,0,-0.209174,0.760394,0.305233,55.52781,280.744,24.7097,0,False,False
597.0508,-0.284873,1.562419,0.031087,71.87645,250.3604,348.0223,0,0,0,0,0,0,-0.208566,0.759923,0.30596,55.76329,280.6578,24.89813,0,False,False
597.062,-0.284449,1.562859,0.030966,71.82434,250.2631,348.1044,0,0,0,0,0,0,-0.207891,0.759363,0.30695,56.0543,280.6582,25.0793,0,False,False
597.0729,-0.284064,1.563408,0.030617,71.7476,250.2322,348.2923,0,0,0,0,0,0,-0.207299,0.758807,0.307782,56.35081,280.6996,25.2507,0,False,False
597.084,-0.283716,1.56397,0.030254,71.67439,250.181,348.4767,0,0,0,0,0,0,-0.206777,0.758041,0.308737,56.73404,280.912,25.46746,0,False,False
597.0952,-0.283428,1.564624,0.029532,71.57142,250.2365,348.8574,0,0,0,0,0,0,-0.206283,0.757355,0.309684,57.06084,281.0538,25.66958,0,False,False
597.1063,-0.283155,1.565285,0.028793,71.4334,250.3049,349.2657,0,0,0,0,0,0,-0.205991,0.756621,0.310573,57.41068,281.2311,25.8747,0,False,False
597.1174,-0.282955,1.56598,0.027918,71.28314,250.2945,349.6308,0,0,0,0,0,0,-0.205846,0.755871,0.311367,57.75738,281.3564,26.0579,0,False,False
597.1287,-0.282687,1.566724,0.026797,71.0686,250.3035,350.1001,0,0,0,0,0,0,-0.205761,0.755126,0.312182,58.09475,281.4675,26.28225,0,False,False
597.1397,-0.28243,1.567451,0.025591,70.84191,250.2951,350.587,0,0,0,0,0,0,-0.206006,0.754386,0.312793,58.35707,281.4953,26.55496,0,False,False
597.1509,-0.282147,1.568229,0.024021,70.59023,250.1921,351.076,0,0,0,0,0,0,-0.206363,0.753597,0.313405,58.6132,281.4529,26.93676,0,False,False
597.1618,-0.281805,1.568964,0.022245,70.31364,249.9662,351.5028,0,0,0,0,0,0,-0.206846,0.752797,0.313797,58.86519,281.3546,27.48815,0,False,False
597.173,-0.281317,1.569643,0.020327,70.03192,249.7139,351.9058,0,0,0,0,0,0,-0.207347,0.751958,0.31413,59.12331,281.1889,28.03707,0,False,False
597.184,-0.280644,1.570271,0.018089,69.74529,249.2935,352.2254,0,0,0,0,0,0,-0.208198,0.750963,0.313985,59.40929,280.8148,28.79436,0,False,False
597.1953,-0.279922,1.570876,0.015823,69.45127,248.8047,352.5036,0,0,0,0,0,0,-0.208949,0.750018,0.314054,59.68307,280.4764,29.42406,0,False,False
597.2062,-0.279039,1.571434,0.01315,69.17224,248.1744,352.6958,0,0,0,0,0,0,-0.210131,0.749003,0.313765,59.93301,280.0169,30.06752,0,False,False
597.2174,-0.278004,1.571962,0.010303,68.89877,247.4896,352.851,0,0,0,0,0,0,-0.211445,0.747889,0.313437,60.17508,279.5514,30.68421,0,False,False
597.2285,-0.276944,1.572497,0.007338,68.64336,246.8054,353.0358,0,0,0,0,0,0,-0.213028,0.746715,0.313044,60.40725,279.1016,31.28914,0,False,False
597.2396,-0.275667,1.573067,0.004165,68.40383,245.9401,353.1191,0,0,0,0,0,0,-0.214853,0.745721,0.312415,60.62829,278.5841,31.8161,0,False,False
597.2507,-0.27434,1.573715,0.000847,68.17187,245.1035,353.2306,0,0,0,0,0,0,-0.216575,0.744769,0.311879,60.85572,278.0356,32.3002,0,False,False
597.2618,-0.272852,1.574397,-0.002765,67.94727,244.1345,353.2709,0,0,0,0,0,0,-0.218866,0.743959,0.31095,61.06512,277.4147,32.73375,0,False,False
597.2728,-0.2712,1.575126,-0.006485,67.70795,243.0616,353.2255,0,0,0,0,0,0,-0.220941,0.743167,0.310144,61.27045,276.7953,33.16861,0,False,False
597.284,-0.269535,1.575912,-0.010416,67.44888,241.9132,353.1388,0,0,0,0,0,0,-0.223579,0.742557,0.308889,61.45953,276.1849,33.69197,0,False,False
597.2952,-0.26771,1.576798,-0.014531,67.1898,240.6207,352.939,0,0,0,0,0,0,-0.226519,0.742096,0.307535,61.64231,275.6462,34.32177,0,False,False
597.3062,-0.265827,1.577795,-0.018767,66.87984,239.3379,352.7599,0,0,0,0,0,0,-0.229345,0.741668,0.306266,61.79921,275.1248,34.92763,0,False,False
597.3173,-0.263777,1.57881,-0.023193,66.54419,238.0049,352.5904,0,0,0,0,0,0,-0.232617,0.741496,0.304725,61.92825,274.6816,35.60115,0,False,False
597.3286,-0.261654,1.579863,-0.027794,66.17538,236.6615,352.4431,0,0,0,0,0,0,-0.23623,0.741433,0.302968,62.04777,274.2523,36.28376,0,False,False
597.3395,-0.259419,1.580988,-0.032307,65.80504,235.4189,352.3811,0,0,0,0,0,0,-0.240048,0.741628,0.301132,62.1349,273.9173,36.90694,0,False,False
597.3507,-0.257028,1.582192,-0.037075,65.43989,234.134,352.3381,0,0,0,0,0,0,-0.244013,0.741841,0.299055,62.19844,273.5944,37.52452,0,False,False
597.3619,-0.254491,1.583425,-0.041763,65.07693,232.8779,352.3136,0,0,0,0,0,0,-0.248374,0.742098,0.296605,62.24043,273.293,38.14744,0,False,False
597.3728,-0.251799,1.584587,-0.046598,64.7347,231.5927,352.3086,0,0,0,0,0,0,-0.252611,0.742327,0.294164,62.28046,272.9454,38.73918,0,False,False
597.384,-0.249006,1.58579,-0.051438,64.38427,230.3231,352.3227,0,0,0,0,0,0,-0.257368,0.74284,0.291227,62.23184,272.5044,39.23412,0,False,False
597.3952,-0.245946,1.586975,-0.05629,64.05401,229.0905,352.382,0,0,0,0,0,0,-0.262442,0.743411,0.287714,62.11897,271.9265,39.61577,0,False,False
597.4062,-0.24284,1.588163,-0.061055,63.72858,227.8496,352.4253,0,0,0,0,0,0,-0.267551,0.744111,0.283836,61.98613,271.1976,39.85806,0,False,False
597.4172,-0.239558,1.589333,-0.06587,63.39004,226.6161,352.4897,0,0,0,0,0,0,-0.272838,0.744953,0.27962,61.80574,270.3354,40.00897,0,False,False
597.4286,-0.236129,1.590517,-0.070649,63.05162,225.4011,352.5663,0,0,0,0,0,0,-0.278152,0.745798,0.275371,61.63835,269.4462,40.16415,0,False,False
597.4395,-0.232694,1.591651,-0.075342,62.72099,224.2381,352.6738,0,0,0,0,0,0,-0.283683,0.746789,0.270382,61.38915,268.3294,40.12268,0,False,False
597.4506,-0.229,1.592757,-0.08001,62.37975,223.0886,352.7841,0,0,0,0,0,0,-0.289303,0.747839,0.265083,61.14076,267.1175,39.98849,0,False,False
597.4617,-0.225195,1.593888,-0.084686,62.04235,221.9563,352.914,0,0,0,0,0,0,-0.294953,0.748856,0.259437,60.84939,265.8168,39.80254,0,False,False
597.4728,-0.221267,1.595038,-0.08927,61.74005,220.8554,353.0326,0,0,0,0,0,0,-0.300774,0.749926,0.253293,60.54591,264.4723,39.57154,0,False,False
597.4839,-0.217329,1.596183,-0.093739,61.42261,219.7202,353.1537,0,0,0,0,0,0,-0.306489,0.751075,0.247422,60.25039,263.1942,39.37575,0,False,False
597.4952,-0.213259,1.597326,-0.098265,61.09476,218.5808,353.2361,0,0,0,0,0,0,-0.312225,0.752188,0.240741,59.91273,261.8038,39.10263,0,False,False
597.5061,-0.20921,1.598512,-0.10265,60.71086,217.4627,353.3483,0,0,0,0,0,0,-0.317761,0.753414,0.234105,59.60975,260.4898,38.84838,0,False,False
597.5174,-0.205155,1.599671,-0.107115,60.33464,216.356,353.446,0,0,0,0,0,0,-0.323175,0.754513,0.227306,59.29099,259.2596,38.67075,0,False,False
597.5283,-0.200984,1.60083,-0.111494,59.93653,215.2749,353.59,0,0,0,0,0,0,-0.328557,0.755639,0.219598,58.9417,258.0606,38.47889,0,False,False
597.5395,-0.196837,1.601995,-0.115879,59.54485,214.2287,353.7414,0,0,0,0,0,0,-0.333783,0.756843,0.212364,58.5943,256.9453,38.348,0,False,False
597.5507,-0.192533,1.603083,-0.120214,59.11909,213.2524,353.9226,0,0,0,0,0,0,-0.339014,0.757956,0.204738,58.24243,255.8683,38.19019,0,False,False
597.5617,-0.188249,1.604209,-0.124487,58.69497,212.3411,354.1156,0,0,0,0,0,0,-0.344127,0.759199,0.196847,57.87433,254.8285,38.03582,0,False,False
597.5728,-0.183806,1.605276,-0.128576,58.28122,211.4752,354.2909,0,0,0,0,0,0,-0.349024,0.760295,0.189205,57.51026,253.8265,37.87321,0,False,False
597.5839,-0.17928,1.606325,-0.132611,57.86361,210.6566,354.4709,0,0,0,0,0,0,-0.353772,0.761336,0.18117,57.13429,252.8864,37.72663,0,False,False
597.595,-0.174705,1.607295,-0.136631,57.44443,209.8344,354.6672,0,0,0,0,0,0,-0.358287,0.762325,0.17287,56.7639,251.9245,37.57565,0,False,False
597.6061,-0.170069,1.608198,-0.140535,56.98357,209.0533,354.8631,0,0,0,0,0,0,-0.362435,0.763202,0.164546,56.41281,250.9561,37.40648,0,False,False
597.6171,-0.165463,1.609143,-0.144401,56.51028,208.284,355.0519,0,0,0,0,0,0,-0.366653,0.764293,0.15589,56.04951,249.9581,37.25466,0,False,False
597.6283,-0.160824,1.610202,-0.148212,56.04074,207.4672,355.2094,0,0,0,0,0,0,-0.370156,0.764983,0.147093,55.66594,248.9857,37.07866,0,False,False
597.6394,-0.156302,1.611399,-0.15206,55.68745,206.615,355.3543,0,0,0,0,0,0,-0.374026,0.765723,0.138272,55.26353,248.0457,36.92978,0,False,False
597.6506,-0.151887,1.612856,-0.155995,55.39554,205.7321,355.4837,0,0,0,0,0,0,-0.377292,0.766603,0.12941,54.80402,247.2083,36.74938,0,False,False
597.6617,-0.147479,1.614185,-0.160052,55.02695,204.9379,355.694,0,0,0,0,0,0,-0.380619,0.767633,0.120577,54.32194,246.4012,36.59402,0,False,False
597.6727,-0.143122,1.61535,-0.163774,54.53018,204.209,355.9265,0,0,0,0,0,0,-0.383243,0.768914,0.111697,53.82788,245.7433,36.4978,0,False,False
597.6837,-0.138725,1.616399,-0.167507,53.94434,203.5335,356.1729,0,0,0,0,0,0,-0.38561,0.770244,0.102768,53.37161,245.1455,36.51096,0,False,False
597.6949,-0.134339,1.61738,-0.171169,53.4034,202.8161,356.3666,0,0,0,0,0,0,-0.387505,0.771543,0.093866,52.9834,244.5358,36.52419,0,False,False
597.706,-0.129982,1.618419,-0.174554,52.95449,202.0751,356.5385,0,0,0,0,0,0,-0.38909,0.772472,0.084514,52.68128,243.8866,36.54145,0,False,False
597.7173,-0.125591,1.619554,-0.177896,52.59795,201.3057,356.7215,0,0,0,0,0,0,-0.390137,0.773298,0.075411,52.44043,243.1623,36.45609,0,False,False
597.7283,-0.121274,1.620763,-0.181016,52.37616,200.5701,356.9095,0,0,0,0,0,0,-0.391161,0.774203,0.065995,52.18336,242.3914,36.32006,0,False,False
597.7393,-0.116972,1.622086,-0.184061,52.17952,199.8954,357.1154,0,0,0,0,0,0,-0.391707,0.775039,0.056527,51.94394,241.5177,36.02069,0,False,False
597.7504,-0.112723,1.623498,-0.186898,52.00698,199.2408,357.3146,0,0,0,0,0,0,-0.391759,0.776003,0.046717,51.65983,240.5255,35.62357,0,False,False
597.7616,-0.10857,1.624954,-0.189715,51.73722,198.6218,357.5492,0,0,0,0,0,0,-0.391481,0.777054,0.036967,51.38057,239.4545,35.15546,0,False,False
597.7726,-0.104469,1.626426,-0.192471,51.37695,198.0383,357.7869,0,0,0,0,0,0,-0.391189,0.778042,0.027139,51.10242,238.3618,34.72855,0,False,False
597.7839,-0.10055,1.627982,-0.195137,50.95826,197.5128,358.052,0,0,0,0,0,0,-0.390263,0.779173,0.017076,50.86014,237.057,34.18079,0,False,False
597.795,-0.096719,1.629602,-0.197813,50.54372,196.993,358.2875,0,0,0,0,0,0,-0.388932,0.780253,0.007396,50.62819,235.7511,33.68808,0,False,False
597.806,-0.093091,1.631259,-0.200342,50.10493,196.5108,358.5158,0,0,0,0,0,0,-0.387471,0.78127,-0.002375,50.44514,234.4067,33.22844,0,False,False
597.8171,-0.089407,1.633048,-0.202978,49.6376,196.0615,358.7507,0,0,0,0,0,0,-0.385954,0.782303,-0.012244,50.2483,233.1202,32.84739,0,False,False
597.8282,-0.086001,1.634971,-0.205522,49.10392,195.6402,358.9787,0,0,0,0,0,0,-0.384109,0.783275,-0.021983,50.04501,231.8139,32.55768,0,False,False
597.8392,-0.082668,1.637004,-0.208081,48.55074,195.2389,359.2004,0,0,0,0,0,0,-0.382095,0.784268,-0.031553,49.80361,230.4892,32.30579,0,False,False
597.8504,-0.079366,1.638982,-0.210556,47.93899,194.8466,359.4855,0,0,0,0,0,0,-0.380057,0.785351,-0.041342,49.5435,229.1196,32.01376,0,False,False
597.8616,-0.076185,1.64111,-0.213028,47.29179,194.4568,359.7947,0,0,0,0,0,0,-0.377431,0.786577,-0.051022,49.23818,227.6254,31.72714,0,False,False
597.8727,-0.073002,1.643168,-0.215359,46.71115,194.1139,0.08327,0,0,0,0,0,0,-0.375031,0.787792,-0.060354,48.95805,226.2131,31.4547,0,False,False
597.8837,-0.069953,1.645316,-0.217409,46.21727,193.7435,0.252172,0,0,0,0,0,0,-0.372223,0.789093,-0.069733,48.69604,224.6861,31.20488,0,False,False
597.895,-0.066862,1.647364,-0.219411,45.67576,193.3761,0.405884,0,0,0,0,0,0,-0.369022,0.790226,-0.078692,48.439,223.1305,30.97013,0,False,False
597.9059,-0.063874,1.649372,-0.221359,45.06647,193.0565,0.577629,0,0,0,0,0,0,-0.366075,0.7915,-0.087615,48.21634,221.6527,30.74791,0,False,False
597.917,-0.061019,1.651336,-0.223321,44.41847,192.7151,0.704828,0,0,0,0,0,0,-0.36282,0.792789,-0.095978,48.03479,220.1403,30.5085,0,False,False
597.9281,-0.058257,1.653285,-0.225266,43.72866,192.3687,0.836247,0,0,0,0,0,0,-0.359701,0.793886,-0.104138,47.89219,218.6466,30.22189,0,False,False
597.9392,-0.055548,1.655216,-0.227111,43.00111,192.0593,0.989917,0,0,0,0,0,0,-0.356102,0.794908,-0.112761,47.78987,217.2003,29.98638,0,False,False
597.9519,-0.052883,1.65705,-0.228864,42.32275,191.788,1.172441,0,0,0,0,0,0,-0.352476,0.796067,-0.122396,47.68352,215.5746,29.71671,0,False,False
597.9617,-0.050307,1.658963,-0.230498,41.72717,191.4759,1.320378,0,0,0,0,0,0,-0.349616,0.796982,-0.129458,47.59803,214.3223,29.49113,0,False,False
597.973,-0.047783,1.66085,-0.231993,41.13767,191.1904,1.492728,0,0,0,0,0,0,-0.346483,0.798044,-0.137201,47.50612,212.9413,29.27243,0,False,False
597.9838,-0.045417,1.662696,-0.233319,40.52702,190.9037,1.698984,0,0,0,0,0,0,-0.34336,0.798984,-0.144368,47.40827,211.6508,29.08487,0,False,False
597.9949,-0.043189,1.664575,-0.234544,39.92175,190.6029,1.933182,0,0,0,0,0,0,-0.339979,0.800012,-0.151551,47.30559,210.3224,28.93117,0,False,False
598.006,-0.041017,1.666535,-0.235771,39.35455,190.2784,2.160736,0,0,0,0,0,0,-0.336869,0.801007,-0.15886,47.20385,208.9781,28.77716,0,False,False
598.017,-0.03898,1.668464,-0.236772,38.81629,189.9281,2.37694,0,0,0,0,0,0,-0.333999,0.802085,-0.165413,47.11352,207.7183,28.63487,0,False,False
598.0281,-0.037006,1.670399,-0.237786,38.28755,189.5821,2.555938,0,0,0,0,0,0,-0.330954,0.803016,-0.172119,47.03684,206.4491,28.50784,0,False,False
598.0393,-0.035178,1.672423,-0.238683,37.73746,189.2466,2.750821,0,0,0,0,0,0,-0.328058,0.803969,-0.178705,46.9734,205.208,28.37745,0,False,False
598.0504,-0.033457,1.674535,-0.239584,37.14414,188.9125,2.951027,0,0,0,0,0,0,-0.325109,0.80491,-0.184966,46.91613,204.0043,28.26268,0,False,False
598.0615,-0.031914,1.676684,-0.240571,36.47725,188.6316,3.149427,0,0,0,0,0,0,-0.322433,0.805931,-0.191062,46.87484,202.8691,28.14347,0,False,False
598.0726,-0.030481,1.678879,-0.241551,35.80712,188.3488,3.31736,0,0,0,0,0,0,-0.319957,0.806984,-0.196919,46.83018,201.7737,28.03216,0,False,False
598.0837,-0.02913,1.68105,-0.242557,35.13472,188.1083,3.459306,0,0,0,0,0,0,-0.317707,0.80791,-0.202624,46.78453,200.7647,27.94795,0,False,False
598.0948,-0.027969,1.683159,-0.24344,34.44947,187.8898,3.570424,0,0,0,0,0,0,-0.315841,0.808933,-0.208069,46.74283,199.8602,27.87787,0,False,False
598.1059,-0.026897,1.685233,-0.244349,33.78099,187.6664,3.663699,0,0,0,0,0,0,-0.314177,0.809744,-0.213406,46.69131,199.0847,27.84916,0,False,False
598.1169,-0.025952,1.687251,-0.245269,33.1074,187.4513,3.739121,0,0,0,0,0,0,-0.312379,0.810732,-0.219067,46.61584,198.2914,27.79257,0,False,False
598.1282,-0.025094,1.689247,-0.246182,32.37532,187.1983,3.821619,0,0,0,0,0,0,-0.311218,0.811748,-0.224336,46.48712,197.7993,27.75288,0,False,False
598.1393,-0.024354,1.691227,-0.247143,31.67189,186.983,3.898988,0,0,0,0,0,0,-0.310055,0.812692,-0.229565,46.34301,197.2525,27.71304,0,False,False
598.1503,-0.023705,1.693083,-0.248173,30.99715,186.7503,3.951576,0,0,0,0,0,0,-0.308818,0.813664,-0.234604,46.17669,196.7665,27.66587,0,False,False
598.1614,-0.023269,1.694878,-0.249126,30.32993,186.5153,4.00303,0,0,0,0,0,0,-0.308191,0.814666,-0.23965,45.9415,196.4122,27.63159,0,False,False
598.1724,-0.022896,1.696563,-0.25007,29.65462,186.2888,4.068445,0,0,0,0,0,0,-0.307825,0.815551,-0.244319,45.70794,196.1227,27.579,0,False,False
598.1837,-0.022655,1.698244,-0.251026,28.99044,186.078,4.126214,0,0,0,0,0,0,-0.307127,0.816394,-0.249172,45.50681,195.6747,27.52574,0,False,False
598.1949,-0.022538,1.699962,-0.252034,28.32105,185.8457,4.179035,0,0,0,0,0,0,-0.306686,0.817236,-0.253858,45.31182,195.291,27.46426,0,False,False
598.2059,-0.022626,1.701615,-0.253029,27.6681,185.6153,4.206792,0,0,0,0,0,0,-0.306275,0.817847,-0.258096,45.15999,194.9249,27.40886,0,False,False
598.2169,-0.02275,1.703205,-0.25405,26.97941,185.3684,4.245564,0,0,0,0,0,0,-0.305998,0.818688,-0.262509,44.99928,194.5531,27.35458,0,False,False
598.2281,-0.023138,1.704702,-0.255035,26.31218,185.1413,4.267512,0,0,0,0,0,0,-0.305865,0.81913,-0.266427,44.86847,194.259,27.30029,0,False,False
598.2392,-0.023609,1.706292,-0.256074,25.64483,184.9045,4.27228,0,0,0,0,0,0,-0.305908,0.819561,-0.270134,44.77003,193.9919,27.19326,0,False,False
598.2503,-0.024258,1.707876,-0.257065,24.95374,184.678,4.273022,0,0,0,0,0,0,-0.305866,0.819952,-0.273962,44.67546,193.71,27.10509,0,False,False
598.2614,-0.025079,1.709334,-0.25804,24.28353,184.4708,4.240487,0,0,0,0,0,0,-0.30599,0.820324,-0.277335,44.59711,193.4646,27.00387,0,False,False
598.2725,-0.025929,1.710825,-0.259014,23.62782,184.2886,4.222121,0,0,0,0,0,0,-0.306144,0.820837,-0.280844,44.51483,193.2385,26.92017,0,False,False
598.2836,-0.02699,1.712271,-0.26,22.97193,184.1393,4.188833,0,0,0,0,0,0,-0.306535,0.821257,-0.284082,44.43998,193.0293,26.80873,0,False,False
598.2947,-0.028147,1.713594,-0.26087,22.34349,184.0128,4.186463,0,0,0,0,0,0,-0.306818,0.821712,-0.287098,44.35899,192.8114,26.69787,0,False,False
598.3058,-0.029384,1.714788,-0.261657,21.75025,183.9112,4.146835,0,0,0,0,0,0,-0.307356,0.822121,-0.289977,44.29815,192.6459,26.57243,0,False,False
598.317,-0.030696,1.716004,-0.262469,21.18355,183.8008,4.111906,0,0,0,0,0,0,-0.307931,0.8225,-0.292803,44.25923,192.4804,26.43162,0,False,False
598.328,-0.032302,1.717095,-0.263166,20.66098,183.7041,4.064322,0,0,0,0,0,0,-0.308365,0.822753,-0.295594,44.20594,192.3018,26.28348,0,False,False
598.3392,-0.033873,1.718163,-0.263981,20.14765,183.6067,4.040218,0,0,0,0,0,0,-0.309006,0.823084,-0.298233,44.1583,192.1317,26.13449,0,False,False
598.3503,-0.035559,1.719251,-0.264663,19.68365,183.536,4.037963,0,0,0,0,0,0,-0.309809,0.823394,-0.300797,44.09982,191.9293,25.97556,0,False,False
598.3615,-0.037389,1.720378,-0.265443,19.23037,183.48,4.040984,0,0,0,0,0,0,-0.310688,0.823688,-0.303186,44.0518,191.7219,25.82241,0,False,False
598.3727,-0.039211,1.721525,-0.266236,18.77848,183.4247,4.06988,0,0,0,0,0,0,-0.311404,0.82401,-0.305498,44.00384,191.4835,25.67735,0,False,False
598.3835,-0.041108,1.722782,-0.267029,18.28395,183.3897,4.103083,0,0,0,0,0,0,-0.312177,0.824248,-0.307698,43.96753,191.2438,25.53548,0,False,False
598.3947,-0.04316,1.72396,-0.26797,17.80659,183.3273,4.134535,0,0,0,0,0,0,-0.313026,0.824344,-0.309652,43.96747,190.975,25.42841,0,False,False
598.4058,-0.045197,1.72521,-0.268841,17.35762,183.2619,4.175959,0,0,0,0,0,0,-0.313969,0.82456,-0.311789,43.96202,190.6972,25.31272,0,False,False
598.4169,-0.047286,1.726447,-0.269812,16.90962,183.1755,4.235139,0,0,0,0,0,0,-0.31488,0.82463,-0.313456,44.00064,190.39,25.23713,0,False,False
598.428,-0.049409,1.72786,-0.270782,16.53191,183.1272,4.278227,0,0,0,0,0,0,-0.315884,0.824756,-0.315136,44.06092,190.0377,25.17643,0,False,False
598.4391,-0.051584,1.729286,-0.271754,16.15218,183.0647,4.350253,0,0,0,0,0,0,-0.31691,0.824804,-0.316556,44.1501,189.6861,25.16052,0,False,False
598.4501,-0.05377,1.730734,-0.272807,15.74877,182.9887,4.399065,0,0,0,0,0,0,-0.317905,0.824761,-0.318044,44.23499,189.3541,25.14743,0,False,False
598.4613,-0.056008,1.732091,-0.27383,15.31992,182.911,4.457839,0,0,0,0,0,0,-0.319129,0.82466,-0.319195,44.37075,189.0252,25.18699,0,False,False
598.4724,-0.05819,1.733352,-0.274909,14.89804,182.8234,4.497287,0,0,0,0,0,0,-0.320444,0.824549,-0.32021,44.55283,188.728,25.25496,0,False,False
598.4835,-0.060444,1.734454,-0.275883,14.5265,182.747,4.482428,0,0,0,0,0,0,-0.321923,0.824242,-0.321002,44.74516,188.4727,25.31842,0,False,False
598.4946,-0.062685,1.735468,-0.276814,14.18827,182.6832,4.45085,0,0,0,0,0,0,-0.323369,0.823996,-0.321949,44.96429,188.2298,25.39662,0,False,False
598.5057,-0.064902,1.736322,-0.277804,13.80746,182.6013,4.411891,0,0,0,0,0,0,-0.325026,0.823533,-0.322781,45.21575,188.0407,25.48029,0,False,False
598.5168,-0.067109,1.737219,-0.278777,13.44477,182.5143,4.410713,0,0,0,0,0,0,-0.326835,0.823227,-0.323656,45.4332,187.8854,25.54703,0,False,False
598.528,-0.069194,1.737986,-0.279711,13.17591,182.4577,4.334516,0,0,0,0,0,0,-0.328663,0.822746,-0.324516,45.61478,187.7529,25.57311,0,False,False
598.5391,-0.071551,1.738792,-0.280443,12.90726,182.3843,4.206487,0,0,0,0,0,0,-0.330633,0.822379,-0.325465,45.73064,187.6471,25.58455,0,False,False
598.5502,-0.073697,1.739462,-0.281509,12.56889,182.3264,4.143924,0,0,0,0,0,0,-0.33259,0.821951,-0.32639,45.85215,187.5631,25.6147,0,False,False
598.5613,-0.075921,1.740031,-0.28229,12.23246,182.2625,4.091537,0,0,0,0,0,0,-0.334855,0.821579,-0.327371,45.89308,187.5651,25.69236,0,False,False
598.5724,-0.077857,1.740557,-0.283316,11.93408,182.2017,4.033486,0,0,0,0,0,0,-0.336902,0.821126,-0.328179,45.98302,187.5244,25.77779,0,False,False
598.5834,-0.07976,1.741023,-0.284322,11.64332,182.1666,3.970968,0,0,0,0,0,0,-0.339196,0.820663,-0.328905,46.08053,187.5623,25.91351,0,False,False
598.5945,-0.081549,1.741426,-0.285275,11.33136,182.1223,3.953043,0,0,0,0,0,0,-0.341471,0.820178,-0.329446,46.20899,187.631,26.0666,0,False,False
598.6057,-0.083234,1.741761,-0.28626,11.05846,182.0614,3.932156,0,0,0,0,0,0,-0.343792,0.819678,-0.330101,46.3458,187.7028,26.20377,0,False,False
598.6168,-0.084897,1.7421,-0.287251,10.80982,182.0083,3.922512,0,0,0,0,0,0,-0.346288,0.818955,-0.330603,46.50159,187.8969,26.35332,0,False,False
598.6279,-0.086558,1.742477,-0.288222,10.55843,181.9509,3.902473,0,0,0,0,0,0,-0.348566,0.818422,-0.33118,46.64941,188.0507,26.4861,0,False,False
598.6389,-0.088059,1.742769,-0.289183,10.30328,181.9148,3.905582,0,0,0,0,0,0,-0.351009,0.817741,-0.331668,46.7922,188.2937,26.61666,0,False,False
598.6501,-0.089464,1.743125,-0.290166,10.04903,181.8808,3.907697,0,0,0,0,0,0,-0.353594,0.817021,-0.332346,46.9216,188.5453,26.75106,0,False,False
598.6613,-0.090876,1.743472,-0.29108,9.837461,181.8255,3.918649,0,0,0,0,0,0,-0.356228,0.816399,-0.332869,47.04575,188.9015,26.88318,0,False,False
598.6727,-0.092398,1.743935,-0.291849,9.674601,181.7877,3.914484,0,0,0,0,0,0,-0.35892,0.815804,-0.333311,47.15052,189.295,27.03041,0,False,False
598.6834,-0.093735,1.74429,-0.292779,9.462553,181.7063,3.974705,0,0,0,0,0,0,-0.361417,0.815179,-0.333792,47.24792,189.6659,27.15868,0,False,False
598.6946,-0.094994,1.744679,-0.29349,9.297294,181.6462,3.975613,0,0,0,0,0,0,-0.363925,0.814531,-0.334072,47.35446,190.0552,27.29231,0,False,False
598.7056,-0.096147,1.745095,-0.294255,9.195302,181.5441,3.982869,0,0,0,0,0,0,-0.366285,0.813857,-0.334241,47.47915,190.4157,27.43604,0,False,False
598.7167,-0.097268,1.745542,-0.294914,9.023344,181.4591,3.957685,0,0,0,0,0,0,-0.368748,0.813209,-0.334353,47.60039,190.7664,27.59025,0,False,False
598.7278,-0.098274,1.746035,-0.295617,8.861485,181.3821,3.951144,0,0,0,0,0,0,-0.371126,0.812444,-0.334381,47.75593,191.1363,27.79969,0,False,False
598.739,-0.099215,1.746555,-0.296288,8.676762,181.2848,3.9241,0,0,0,0,0,0,-0.37328,0.811698,-0.334276,47.9515,191.4895,28.02448,0,False,False
598.7501,-0.100141,1.747111,-0.296895,8.503284,181.1774,3.886499,0,0,0,0,0,0,-0.375307,0.810939,-0.334115,48.14843,191.8539,28.28113,0,False,False
598.7612,-0.101036,1.747628,-0.297433,8.363352,181.0818,3.834354,0,0,0,0,0,0,-0.377227,0.810116,-0.333829,48.36456,192.2309,28.54932,0,False,False
598.7724,-0.101792,1.748183,-0.297937,8.237317,180.958,3.779338,0,0,0,0,0,0,-0.379103,0.809366,-0.333585,48.57093,192.5886,28.82175,0,False,False
598.7834,-0.102484,1.748717,-0.298373,8.107476,180.8642,3.72316,0,0,0,0,0,0,-0.38081,0.808507,-0.333287,48.77925,192.938,29.10549,0,False,False
598.795,-0.103236,1.749191,-0.298682,8.013771,180.7741,3.660056,0,0,0,0,0,0,-0.38243,0.807772,-0.33288,49.00219,193.2759,29.38949,0,False,False
598.8055,-0.103816,1.749575,-0.298929,7.916852,180.7175,3.570522,0,0,0,0,0,0,-0.383799,0.807064,-0.332589,49.20435,193.5619,29.63361,0,False,False
598.8167,-0.104456,1.74992,-0.299192,7.834347,180.6756,3.496155,0,0,0,0,0,0,-0.385143,0.806427,-0.332254,49.41198,193.8009,29.87989,0,False,False
598.8278,-0.105066,1.750132,-0.299233,7.758612,180.6663,3.422995,0,0,0,0,0,0,-0.386365,0.805726,-0.33193,49.59596,194.0157,30.13174,0,False,False
598.839,-0.105622,1.750234,-0.29933,7.657717,180.6503,3.371364,0,0,0,0,0,0,-0.387486,0.805064,-0.331811,49.79293,194.1751,30.32488,0,False,False
598.8502,-0.106043,1.750246,-0.299325,7.560095,180.6478,3.338732,0,0,0,0,0,0,-0.38841,0.804352,-0.331836,49.97978,194.384,30.50131,0,False,False
598.861,-0.106412,1.750234,-0.299264,7.471218,180.647,3.321871,0,0,0,0,0,0,-0.389443,0.803628,-0.331646,50.15665,194.6026,30.68758,0,False,False
598.8722,-0.106734,1.750391,-0.299275,7.37115,180.619,3.318766,0,0,0,0,0,0,-0.390271,0.802819,-0.331919,50.25123,194.8195,30.79537,0,False,False
598.8833,-0.107016,1.750731,-0.299248,7.283447,180.605,3.328785,0,0,0,0,0,0,-0.39109,0.802136,-0.332256,50.31781,195.0466,30.90143,0,False,False
598.8945,-0.107202,1.751061,-0.299271,7.200896,180.5905,3.324213,0,0,0,0,0,0,-0.391648,0.801553,-0.332715,50.30758,195.2567,30.91536,0,False,False
598.9056,-0.10737,1.751435,-0.299213,7.130121,180.5781,3.273339,0,0,0,0,0,0,-0.392316,0.801013,-0.333209,50.23981,195.4459,30.94396,0,False,False
598.9167,-0.107494,1.751946,-0.299127,7.066661,180.5715,3.2041,0,0,0,0,0,0,-0.392897,0.800666,-0.333708,50.21646,195.6078,30.99561,0,False,False
598.9278,-0.107579,1.752512,-0.299099,7.022948,180.5443,3.128783,0,0,0,0,0,0,-0.393478,0.800145,-0.334123,50.23067,195.7805,31.08341,0,False,False
598.939,-0.107602,1.753014,-0.298973,6.974006,180.5215,3.032988,0,0,0,0,0,0,-0.393773,0.800057,-0.334411,50.31635,195.9783,31.26627,0,False,False
598.95,-0.107645,1.753393,-0.298738,6.895972,180.5157,2.943785,0,0,0,0,0,0,-0.393946,0.800036,-0.33463,50.44732,196.204,31.52088,0,False,False
598.9611,-0.107666,1.753699,-0.29848,6.87606,180.4749,2.839531,0,0,0,0,0,0,-0.394139,0.799854,-0.334994,50.56463,196.4616,31.76569,0,False,False
598.9722,-0.107702,1.753989,-0.298102,6.884995,180.4325,2.757389,0,0,0,0,0,0,-0.394154,0.800001,-0.33565,50.67562,196.7541,32.01278,0,False,False
598.9834,-0.107743,1.754268,-0.297746,6.8527,180.3865,2.704698,0,0,0,0,0,0,-0.394043,0.800345,-0.336542,50.727,197.029,32.09608,0,False,False
598.9944,-0.107769,1.754445,-0.297236,6.810597,180.3745,2.672743,0,0,0,0,0,0,-0.39384,0.800774,-0.337828,50.64293,197.2692,31.93307,0,False,False
599.0056,-0.107789,1.754605,-0.296777,6.758729,180.3585,2.635318,0,0,0,0,0,0,-0.393646,0.801309,-0.339271,50.54036,197.4876,31.70316,0,False,False
599.0166,-0.107834,1.754816,-0.29629,6.678197,180.3427,2.639627,0,0,0,0,0,0,-0.393161,0.802187,-0.34144,50.25222,197.6346,31.14267,0,False,False
599.0278,-0.107902,1.75499,-0.295787,6.572846,180.3419,2.656956,0,0,0,0,0,0,-0.392684,0.803221,-0.344123,49.87948,197.654,30.42947,0,False,False
599.0388,-0.107915,1.755159,-0.295283,6.415883,180.3385,2.689107,0,0,0,0,0,0,-0.391985,0.804322,-0.346797,49.49028,197.5702,29.56157,0,False,False
599.0499,-0.108042,1.75539,-0.294814,6.268604,180.3212,2.741578,0,0,0,0,0,0,-0.391261,0.805364,-0.34951,49.15799,197.4632,28.69689,0,False,False
599.0611,-0.10804,1.755541,-0.294287,6.127757,180.3082,2.797526,0,0,0,0,0,0,-0.390142,0.806566,-0.352682,48.75942,197.1627,27.62908,0,False,False
599.0721,-0.108053,1.755754,-0.293783,5.975545,180.2859,2.849861,0,0,0,0,0,0,-0.389114,0.807676,-0.3555,48.42672,196.9223,26.83252,0,False,False
599.0834,-0.108066,1.755931,-0.293273,5.838627,180.2552,2.919403,0,0,0,0,0,0,-0.387544,0.808938,-0.358756,48.06705,196.4723,26.01426,0,False,False
599.0945,-0.108068,1.756129,-0.292782,5.730676,180.2056,2.969657,0,0,0,0,0,0,-0.385731,0.810237,-0.362086,47.69365,195.9251,25.25249,0,False,False
599.1054,-0.108046,1.756273,-0.292266,5.62723,180.1543,3.018154,0,0,0,0,0,0,-0.383897,0.811645,-0.365515,47.29653,195.2781,24.56608,0,False,False
599.1166,-0.108065,1.756373,-0.29178,5.545036,180.0933,3.057609,0,0,0,0,0,0,-0.382027,0.813108,-0.368895,46.87692,194.6589,23.91096,0,False,False
599.1277,-0.108039,1.756479,-0.291279,5.479827,180.0312,3.091918,0,0,0,0,0,0,-0.379886,0.814805,-0.372532,46.37358,193.8565,23.30825,0,False,False
599.1387,-0.108034,1.756612,-0.290778,5.443999,179.9591,3.133367,0,0,0,0,0,0,-0.377518,0.816825,-0.376411,45.8079,193.0255,22.67774,0,False,False
599.1499,-0.108068,1.756675,-0.290255,5.414526,179.8679,3.17805,0,0,0,0,0,0,-0.375259,0.818708,-0.38025,45.23376,192.2724,21.98612,0.117647,False,False
599.161,-0.108045,1.756777,-0.289717,5.38272,179.7761,3.226661,0,0,0,0,0,0,-0.372984,0.820802,-0.383913,44.55532,191.468,21.35375,0.211765,False,False
599.1721,-0.108047,1.756848,-0.28927,5.35848,179.6667,3.256357,0,0,0,0,0,0,-0.370625,0.823149,-0.387712,43.817,190.6996,20.79822,0.572549,False,True
599.1833,-0.108092,1.756928,-0.28883,5.331455,179.562,3.272191,0,0,0,0,0,0,-0.368313,0.825284,-0.391408,43.1096,189.9985,20.24445,0.945098,False,True
599.1945,-0.108064,1.757001,-0.288479,5.309905,179.4631,3.281213,0,0,0,0,0,0,-0.366302,0.82722,-0.394957,42.47262,189.4377,19.7609,1,False,True
599.2054,-0.108094,1.757062,-0.288145,5.293473,179.3611,3.291741,0,0,0,0,0,0,-0.36422,0.82948,-0.398182,41.86505,188.9674,19.19246,1,False,True
599.2167,-0.108121,1.75704,-0.287887,5.290925,179.282,3.283283,0,0,0,0,0,0,-0.362289,0.831132,-0.401748,41.27322,188.3949,18.68407,1,False,True
599.2276,-0.108125,1.757018,-0.287643,5.294642,179.2263,3.262262,0,0,0,0,0,0,-0.360314,0.83243,-0.40458,40.95492,188.0757,18.7761,1,False,True
599.2388,-0.108193,1.756962,-0.287424,5.303626,179.1711,3.260157,0,0,0,0,0,0,-0.358251,0.834018,-0.407637,40.57432,187.5112,18.12139,1,False,True
599.2499,-0.108224,1.756857,-0.287333,5.319602,179.1276,3.238756,0,0,0,0,0,0,-0.356538,0.83523,-0.410345,40.32298,187.2271,17.85943,1,False,True
599.261,-0.108291,1.756793,-0.287208,5.350733,179.081,3.23194,0,0,0,0,0,0,-0.354741,0.836427,-0.413026,40.05949,186.9533,17.59206,1,False,True
599.2723,-0.108335,1.756669,-0.287185,5.382545,179.0541,3.238116,0,0,0,0,0,0,-0.353153,0.837058,-0.415178,39.96569,186.8123,17.37048,1,False,True
599.2833,-0.108439,1.756541,-0.287134,5.434776,179.0139,3.230904,0,0,0,0,0,0,-0.351538,0.838042,-0.417376,39.78416,186.6319,17.12227,1,False,True
599.2944,-0.108535,1.756304,-0.287136,5.510789,178.9953,3.237721,0,0,0,0,0,0,-0.350228,0.838738,-0.419379,39.68314,186.5053,16.92355,1,False,True
599.3054,-0.108593,1.756049,-0.287204,5.603948,178.9815,3.261735,0,0,0,0,0,0,-0.348905,0.839461,-0.421357,39.56637,186.3649,16.67933,1,False,True
599.3166,-0.108618,1.755792,-0.28726,5.722203,178.9685,3.28586,0,0,0,0,0,0,-0.347449,0.839963,-0.422964,39.43155,186.1663,16.35189,1,False,True
599.3276,-0.108678,1.755494,-0.287384,5.866221,178.9641,3.310346,0,0,0,0,0,0,-0.346194,0.840392,-0.42441,39.29949,185.9864,16.03738,1,False,True
599.3388,-0.108729,1.755149,-0.287494,6.035254,178.968,3.335586,0,0,0,0,0,0,-0.344822,0.840899,-0.426089,39.14921,185.7998,15.738,1,False,True
599.3498,-0.108788,1.754744,-0.287674,6.232649,178.9604,3.359648,0,0,0,0,0,0,-0.343891,0.840946,-0.427009,39.05803,185.698,15.62919,1,False,True
599.3609,-0.108852,1.754363,-0.287865,6.452233,178.9583,3.397764,0,0,0,0,0,0,-0.342973,0.840711,-0.427706,39.02051,185.616,15.61864,1,False,True
599.3721,-0.108865,1.753883,-0.288063,6.707182,178.951,3.43219,0,0,0,0,0,0,-0.341965,0.841008,-0.428612,38.95344,185.5998,15.66339,0.643137,False,True
599.3832,-0.10894,1.753466,-0.288279,6.963774,178.9341,3.45771,0,0,0,0,0,0,-0.341221,0.841047,-0.4289,38.91312,185.6829,15.91196,0.470588,False,True
599.3942,-0.108989,1.752923,-0.288406,7.213274,178.926,3.498444,0,0,0,0,0,0,-0.340412,0.840971,-0.429148,38.88966,185.6913,16.12204,0.164706,False,False
599.4055,-0.108991,1.75246,-0.288644,7.499852,178.8997,3.517117,0,0,0,0,0,0,-0.339798,0.840625,-0.429144,38.90823,185.7026,16.38802,0,False,False
599.4164,-0.109021,1.751931,-0.288862,7.772125,178.8633,3.544724,0,0,0,0,0,0,-0.339399,0.840118,-0.429056,38.97733,185.7255,16.49276,0,False,False
599.4277,-0.109031,1.751391,-0.289142,8.074631,178.8205,3.573365,0,0,0,0,0,0,-0.339008,0.839507,-0.428634,39.11333,185.7056,16.54626,0,False,False
599.439,-0.108997,1.750792,-0.289406,8.378931,178.7744,3.593436,0,0,0,0,0,0,-0.338653,0.838956,-0.4279,39.24804,185.7743,16.73715,0,False,False
599.4501,-0.108972,1.750201,-0.28966,8.695953,178.7252,3.597567,0,0,0,0,0,0,-0.338379,0.838183,-0.427069,39.41422,185.8542,16.91011,0,False,False
599.4609,-0.108939,1.749647,-0.289947,8.998304,178.6757,3.593816,0,0,0,0,0,0,-0.338346,0.83744,-0.42623,39.60352,185.8962,16.93348,0,False,False
599.4719,-0.108905,1.749057,-0.290229,9.268217,178.6232,3.572749,0,0,0,0,0,0,-0.338121,0.836832,-0.425377,39.7846,185.9467,16.88898,0,False,False
599.4831,-0.108867,1.748587,-0.290506,9.535509,178.5769,3.552879,0,0,0,0,0,0,-0.33828,0.836068,-0.424275,40.02044,186.0359,16.75585,0,False,False
599.4951,-0.108896,1.748074,-0.290841,9.773431,178.5165,3.51816,0,0,0,0,0,0,-0.338244,0.835382,-0.423088,40.24278,186.1421,16.66229,0,False,False
599.5054,-0.108882,1.747563,-0.291134,9.989241,178.4645,3.477672,0,0,0,0,0,0,-0.338465,0.834676,-0.421725,40.46624,186.359,16.54178,0,False,False
599.5165,-0.108917,1.747165,-0.291511,10.18007,178.4305,3.443063,0,0,0,0,0,0,-0.338773,0.834071,-0.420404,40.6428,186.5781,16.40808,0,False,False
599.5275,-0.108915,1.746808,-0.291867,10.34871,178.3941,3.414112,0,0,0,0,0,0,-0.339249,0.833726,-0.419128,40.76788,186.8057,16.29368,0,False,False
599.5386,-0.108977,1.746472,-0.292206,10.49889,178.3738,3.376537,0,0,0,0,0,0,-0.339741,0.833292,-0.417933,40.8461,187.0114,16.16952,0,False,False
599.5498,-0.109003,1.746152,-0.292498,10.64771,178.3748,3.343915,0,0,0,0,0,0,-0.340205,0.83314,-0.416715,40.93205,187.1881,16.08674,0,False,False
599.5609,-0.109053,1.745786,-0.29277,10.79714,178.3918,3.301357,0,0,0,0,0,0,-0.340501,0.83295,-0.415574,41.02089,187.3671,16.06731,0,False,False
599.5719,-0.109147,1.745484,-0.292995,10.93571,178.4261,3.251055,0,0,0,0,0,0,-0.340962,0.833189,-0.414614,41.09867,187.5801,16.168,0,False,False
599.5833,-0.109316,1.745163,-0.293119,11.07518,178.4798,3.197403,0,0,0,0,0,0,-0.341128,0.833525,-0.413578,41.1851,187.8166,16.29487,0,False,False
599.5941,-0.109406,1.744934,-0.293189,11.18617,178.5396,3.105814,0,0,0,0,0,0,-0.341338,0.833995,-0.412591,41.28428,188.0251,16.23052,0,False,False
599.6054,-0.109553,1.744797,-0.293322,11.31041,178.6227,3.029073,0,0,0,0,0,0,-0.341582,0.834818,-0.411636,41.31966,188.2727,16.08142,0,False,False
599.6165,-0.109697,1.744612,-0.293433,11.39541,178.7249,2.94989,0,0,0,0,0,0,-0.341718,0.835893,-0.411084,41.16801,188.5134,15.86665,0,False,False
599.6274,-0.109866,1.744452,-0.293544,11.47443,178.8239,2.89848,0,0,0,0,0,0,-0.341889,0.837046,-0.41057,40.96456,188.6603,15.47892,0,False,False
599.6385,-0.10998,1.744298,-0.293611,11.54787,178.9216,2.855131,0,0,0,0,0,0,-0.341844,0.838676,-0.410564,40.61066,188.6273,14.81699,0,False,False
599.6497,-0.110081,1.744146,-0.293626,11.62179,179.0526,2.820505,0,0,0,0,0,0,-0.341497,0.840445,-0.410632,40.30449,188.4509,14.20722,0,False,False
599.6608,-0.110203,1.74399,-0.293696,11.69015,179.1521,2.779471,0,0,0,0,0,0,-0.34082,0.842308,-0.410696,40.04858,188.2253,13.96644,0,False,False
599.6719,-0.110232,1.743914,-0.293648,11.76019,179.2679,2.728306,0,0,0,0,0,0,-0.3401,0.844379,-0.410731,39.7584,188.0766,13.9745,0,False,False
599.683,-0.110347,1.743811,-0.293702,11.82728,179.3519,2.690931,0,0,0,0,0,0,-0.339019,0.847179,-0.41148,39.31248,187.8956,14.4114,0,False,False
599.694,-0.110329,1.74372,-0.293698,11.86299,179.4263,2.673925,0,0,0,0,0,0,-0.338229,0.84976,-0.412119,38.86214,187.8018,14.4879,0,False,False
599.7053,-0.110259,1.743596,-0.293731,11.91225,179.5084,2.656117,0,0,0,0,0,0,-0.337307,0.852977,-0.413135,38.24761,187.7133,14.39411,0,False,False
599.7164,-0.110232,1.74342,-0.293766,12.00469,179.5712,2.653831,0,0,0,0,0,0,-0.336282,0.856171,-0.414111,37.65806,187.6133,14.16851,0,False,False
599.7274,-0.110109,1.743146,-0.293788,12.13851,179.6177,2.655478,0,0,0,0,0,0,-0.335265,0.859775,-0.415463,36.99058,187.4733,13.67895,0,False,False
599.739,-0.110018,1.742893,-0.293844,12.30854,179.6461,2.670992,0,0,0,0,0,0,-0.333719,0.863836,-0.417154,36.32673,187.258,13.01812,0,False,False
599.7496,-0.109898,1.742578,-0.293897,12.52006,179.6622,2.663932,0,0,0,0,0,0,-0.331781,0.867757,-0.418873,35.84544,186.989,12.50343,0,False,False
599.7607,-0.109776,1.742126,-0.29399,12.75136,179.6605,2.644899,0,0,0,0,0,0,-0.32931,0.872198,-0.421018,35.28655,186.5973,12.14401,0,False,False
599.772,-0.109665,1.741529,-0.294147,13.07471,179.647,2.629621,0,0,0,0,0,0,-0.326779,0.876747,-0.423136,34.65441,186.1712,11.78149,0,False,False
599.783,-0.109503,1.740662,-0.294366,13.54683,179.6463,2.600224,0,0,0,0,0,0,-0.323715,0.881724,-0.425737,33.91051,185.5645,11.17927,0,False,False
599.7941,-0.109341,1.73953,-0.294631,14.13652,179.6409,2.560704,0,0,0,0,0,0,-0.320498,0.886951,-0.428673,33.08099,184.9198,10.33877,0,False,False
599.8052,-0.109154,1.737874,-0.295054,14.96259,179.6266,2.552403,0,0,0,0,0,0,-0.317063,0.892515,-0.431764,32.2132,184.2493,9.384126,0,False,False
599.8163,-0.108949,1.736007,-0.295607,15.88928,179.6428,2.545227,0,0,0,0,0,0,-0.313689,0.897793,-0.434617,31.40302,183.6317,8.532806,0,False,False
599.8273,-0.108716,1.733664,-0.296364,17.06941,179.6412,2.561641,0,0,0,0,0,0,-0.310009,0.903107,-0.437592,30.61173,183.0213,7.712708,0,False,False
599.8386,-0.108506,1.731141,-0.297154,18.28866,179.6438,2.594766,0,0,0,0,0,0,-0.306289,0.908293,-0.440697,29.86661,182.4628,7.082756,0,False,False
599.8497,-0.108266,1.72815,-0.298134,19.71991,179.6549,2.652054,0,0,0,0,0,0,-0.302648,0.913198,-0.443594,29.17488,181.9234,6.605004,0,False,False
599.8607,-0.108082,1.724903,-0.299298,21.24671,179.6788,2.728895,0,0,0,0,0,0,-0.299145,0.918143,-0.44638,28.48437,181.379,6.10123,0,False,False
599.8718,-0.107845,1.721377,-0.300553,22.81375,179.7113,2.798669,0,0,0,0,0,0,-0.295512,0.92286,-0.449188,27.85627,180.8354,5.599652,0,False,False
599.8829,-0.107599,1.717405,-0.302155,24.59917,179.7178,2.865401,0,0,0,0,0,0,-0.292271,0.92725,-0.451817,27.26678,180.3616,5.104516,0,False,False
599.894,-0.107278,1.713364,-0.303892,26.34488,179.7116,2.874085,0,0,0,0,0,0,-0.288945,0.931588,-0.454351,26.69048,179.9539,4.717407,0,False,False
599.9051,-0.106955,1.708979,-0.305852,28.21862,179.6762,2.832327,0,0,0,0,0,0,-0.285942,0.935719,-0.456853,26.15106,179.56,4.394348,0,False,False
599.9164,-0.106661,1.704505,-0.307903,30.04027,179.606,2.765382,0,0,0,0,0,0,-0.282995,0.939333,-0.459018,25.70236,179.2211,4.175298,0,False,False
599.9273,-0.106369,1.699626,-0.310244,31.92097,179.5553,2.726438,0,0,0,0,0,0,-0.280333,0.942602,-0.460958,25.33117,178.9144,4.040106,0,False,False
599.9385,-0.106126,1.694603,-0.312787,33.86528,179.5238,2.735127,0,0,0,0,0,0,-0.277831,0.945883,-0.462539,24.98909,178.6133,3.95206,0,False,False
599.9496,-0.105818,1.68886,-0.315483,35.94453,179.5166,2.761807,0,0,0,0,0,0,-0.275492,0.948705,-0.463826,24.66147,178.3376,3.897618,0,False,False
599.9606,-0.105391,1.682816,-0.318282,38.10176,179.5191,2.850369,0,0,0,0,0,0,-0.273287,0.951357,-0.46478,24.32901,178.0454,3.769324,0,False,False
599.9717,-0.105094,1.676616,-0.321043,40.32004,179.522,2.898282,0,0,0,0,0,0,-0.271103,0.953974,-0.465792,23.99497,177.7652,3.636441,0,False,False
599.9828,-0.104689,1.669882,-0.323975,42.62013,179.4938,2.876447,0,0,0,0,0,0,-0.269218,0.956219,-0.466249,23.69578,177.4746,3.577686,0,False,False
599.994,-0.104365,1.663173,-0.326908,44.9144,179.428,2.807291,0,0,0,0,0,0,-0.26734,0.95821,-0.466778,23.41265,177.1976,3.566738,0,False,False
600.0051,-0.104101,1.656125,-0.329823,47.20197,179.3257,2.721646,0,0,0,0,0,0,-0.265995,0.959288,-0.466357,23.20962,176.9809,3.798379,0,False,False
600.0163,-0.103732,1.649345,-0.332611,49.47541,179.2437,2.670177,0,0,0,0,0,0,-0.264559,0.960737,-0.465905,22.99464,176.7587,3.960388,0,False,False
600.0273,-0.103423,1.642817,-0.335313,51.68236,179.1619,2.600136,0,0,0,0,0,0,-0.263555,0.961692,-0.46506,22.84575,176.5738,4.213506,0,False,False
600.0384,-0.10319,1.636616,-0.337961,53.74105,179.0552,2.458693,0,0,0,0,0,0,-0.26299,0.962474,-0.463841,22.72556,176.4293,4.427265,0,False,False
600.0496,-0.102922,1.630916,-0.340938,55.51625,178.9095,2.295621,0,0,0,0,0,0,-0.262231,0.963154,-0.462555,22.56884,176.3071,4.614419,0,False,False
600.0607,-0.102758,1.625602,-0.343806,56.99868,178.6583,2.109784,0,0,0,0,0,0,-0.262376,0.963156,-0.460334,22.47521,176.3239,4.743979,0,False,False
600.0717,-0.102662,1.620723,-0.346722,58.43538,178.4321,1.938857,0,0,0,0,0,0,-0.262316,0.963349,-0.458495,22.36972,176.3098,4.854703,0,False,False
600.0829,-0.10267,1.616783,-0.349231,59.76961,178.1906,1.708465,0,0,0,0,0,0,-0.26277,0.962973,-0.455993,22.3636,176.406,4.8753,0,False,False
600.0939,-0.102531,1.61341,-0.351566,61.07865,177.9823,1.372635,0,0,0,0,0,0,-0.263578,0.962219,-0.453379,22.47297,176.5435,4.877474,0,False,False
600.105,-0.102389,1.611013,-0.353773,62.08992,177.8217,1.051834,0,0,0,0,0,0,-0.264613,0.960854,-0.450367,22.68547,176.7294,4.914736,0,False,False
600.1169,-0.102207,1.608894,-0.356181,62.84297,177.6384,0.708388,0,0,0,0,0,0,-0.265875,0.959119,-0.446958,23.00552,176.9818,4.965528,0,False,False
600.1273,-0.102039,1.60699,-0.358953,63.39836,177.3186,0.258113,0,0,0,0,0,0,-0.266943,0.957506,-0.443909,23.30991,177.2096,4.993618,0,False,False
600.1384,-0.101928,1.605588,-0.361695,63.75099,177.091,359.8208,0,0,0,0,0,0,-0.268615,0.955051,-0.440259,23.8057,177.5543,5.023227,0,False,False
600.1495,-0.101807,1.604249,-0.364605,63.96455,177.0009,359.495,0,0,0,0,0,0,-0.270471,0.952189,-0.436301,24.38515,177.9703,5.054905,0,False,False
600.1606,-0.101651,1.60295,-0.367305,64.07663,177.0423,359.2942,0,0,0,0,0,0,-0.272596,0.949045,-0.432289,25.01317,178.4723,5.16311,0,False,False
600.1718,-0.101506,1.601644,-0.369929,64.33804,177.0336,359.0883,0,0,0,0,0,0,-0.274688,0.945723,-0.428335,25.66147,179.0497,5.364857,0,False,False
600.1829,-0.10139,1.600585,-0.372297,64.5489,177.0062,358.8829,0,0,0,0,0,0,-0.276768,0.942399,-0.424337,26.29189,179.5962,5.571591,0,False,False
600.1939,-0.101189,1.599519,-0.374356,64.84368,177.0046,358.7421,0,0,0,0,0,0,-0.27909,0.938457,-0.420363,27.01053,180.1829,5.893321,0,False,False
600.205,-0.100935,1.598232,-0.376189,65.17663,177.0062,358.6191,0,0,0,0,0,0,-0.28118,0.93445,-0.41641,27.76001,180.7314,6.213256,0,False,False
600.2161,-0.100616,1.596788,-0.377768,65.58881,176.9508,358.4516,0,0,0,0,0,0,-0.283229,0.93037,-0.412292,28.53118,181.2193,6.557575,0,False,False
600.2272,-0.100319,1.595253,-0.379283,66.04008,176.8437,358.2429,0,0,0,0,0,0,-0.285122,0.926357,-0.40822,29.27116,181.6703,6.884369,0,False,False
600.2383,-0.100005,1.593551,-0.380638,66.49481,176.7071,358.042,0,0,0,0,0,0,-0.286992,0.92221,-0.404266,30.04066,181.9914,7.269425,0,False,False
600.2495,-0.099601,1.592043,-0.381938,66.94799,176.5979,357.9265,0,0,0,0,0,0,-0.288551,0.91796,-0.400363,30.8305,182.2211,7.723612,0,False,False
600.2605,-0.099234,1.590796,-0.383167,67.39468,176.5105,357.8762,0,0,0,0,0,0,-0.289903,0.913708,-0.396645,31.58163,182.3859,8.28717,0,False,False
600.2716,-0.098875,1.589687,-0.384353,67.75198,176.4354,357.8763,0,0,0,0,0,0,-0.291165,0.909682,-0.393052,32.27325,182.4905,8.885833,0,False,False
600.2828,-0.098503,1.588639,-0.385628,68.02753,176.397,357.9341,0,0,0,0,0,0,-0.292531,0.90557,-0.389377,32.94272,182.611,9.425594,0,False,False
600.2938,-0.098066,1.587796,-0.386808,68.19462,176.3188,357.9621,0,0,0,0,0,0,-0.293849,0.901728,-0.385904,33.48047,182.6128,9.875918,0,False,False
600.3049,-0.097626,1.587045,-0.387979,68.3461,176.2081,357.9104,0,0,0,0,0,0,-0.294902,0.897777,-0.382544,33.99975,182.5741,10.22592,0,False,False
600.3162,-0.09704,1.586357,-0.388927,68.43929,176.154,357.8893,0,0,0,0,0,0,-0.295977,0.894082,-0.379217,34.50853,182.5399,10.55016,0,False,False
600.3274,-0.096495,1.585755,-0.389809,68.54924,176.0499,357.8333,0,0,0,0,0,0,-0.297232,0.890376,-0.37592,35.00601,182.5628,10.93142,0,False,False
600.3386,-0.095901,1.58531,-0.390516,68.66692,175.9728,357.7971,0,0,0,0,0,0,-0.29853,0.88674,-0.372773,35.50957,182.6161,11.34698,0,False,False
600.3496,-0.095316,1.584903,-0.390967,68.78259,175.8566,357.7138,0,0,0,0,0,0,-0.29986,0.883233,-0.369654,36.00029,182.684,11.7876,0,False,False
600.3605,-0.094725,1.584499,-0.391356,68.91576,175.8127,357.6995,0,0,0,0,0,0,-0.301287,0.879817,-0.36683,36.51142,182.782,12.24024,0,False,False
600.3716,-0.094126,1.584172,-0.391424,69.04534,175.7724,357.6854,0,0,0,0,0,0,-0.302732,0.876313,-0.363774,37.08514,182.9183,12.77189,0,False,False
600.3828,-0.093559,1.583838,-0.391432,69.19146,175.6743,357.6363,0,0,0,0,0,0,-0.304242,0.872774,-0.360734,37.73314,183.101,13.36295,0,False,False
600.3938,-0.092939,1.583503,-0.391293,69.35439,175.5725,357.6169,0,0,0,0,0,0,-0.305778,0.869368,-0.357884,38.47659,183.413,14.09296,0,False,False
600.405,-0.092277,1.583225,-0.391112,69.51545,175.4204,357.5479,0,0,0,0,0,0,-0.307358,0.866061,-0.35495,39.19587,183.7668,14.82184,0,False,False
600.4163,-0.091583,1.583012,-0.390844,69.69355,175.2249,357.4641,0,0,0,0,0,0,-0.309127,0.862813,-0.352309,39.84382,184.3013,15.55248,0,False,False
600.4271,-0.090861,1.58268,-0.390597,69.83851,175.0353,357.368,0,0,0,0,0,0,-0.310843,0.860244,-0.350063,40.30466,184.8088,15.96972,0,False,False
600.4382,-0.090073,1.582508,-0.390341,69.98676,174.8592,357.306,0,0,0,0,0,0,-0.312427,0.857559,-0.347938,40.68368,185.2476,16.15897,0,False,False
600.4494,-0.089226,1.582306,-0.390115,70.12462,174.6874,357.2821,0,0,0,0,0,0,-0.313817,0.855249,-0.345874,40.98115,185.5802,16.20446,0,False,False
600.4604,-0.088327,1.582137,-0.389941,70.2591,174.5451,357.2888,0,0,0,0,0,0,-0.315218,0.852822,-0.343818,41.33045,185.8868,16.34308,0,False,False
600.4716,-0.087353,1.581937,-0.389723,70.34558,174.3607,357.2596,0,0,0,0,0,0,-0.3163,0.850753,-0.342001,41.67026,186.0417,16.49386,0,False,False
600.4828,-0.086324,1.581684,-0.389516,70.43204,174.1654,357.1892,0,0,0,0,0,0,-0.317176,0.848496,-0.339949,42.1498,186.1187,16.80039,0,False,False
600.4938,-0.085218,1.581389,-0.389255,70.5023,173.9517,357.1017,0,0,0,0,0,0,-0.317852,0.846319,-0.337961,42.67057,186.2086,17.34213,0,False,False
600.5049,-0.083978,1.580998,-0.388905,70.55117,173.866,357.1143,0,0,0,0,0,0,-0.318615,0.844166,-0.336111,43.20404,186.3297,17.95567,0,False,False
600.5162,-0.08266,1.580549,-0.38859,70.60857,173.8061,357.1718,0,0,0,0,0,0,-0.319285,0.842236,-0.334489,43.63984,186.504,18.50483,0,False,False
600.5272,-0.081276,1.580047,-0.388219,70.654,173.7598,357.2652,0,0,0,0,0,0,-0.319978,0.840359,-0.332947,43.9833,186.7065,18.91521,0,False,False
600.5383,-0.079777,1.579508,-0.387897,70.69431,173.7327,357.3839,0,0,0,0,0,0,-0.32055,0.838809,-0.331824,44.17805,186.892,19.15685,0,False,False
600.5494,-0.078221,1.578919,-0.387557,70.70693,173.7124,357.5342,0,0,0,0,0,0,-0.321039,0.837354,-0.330867,44.33803,187.0586,19.35193,0,False,False
600.5604,-0.076607,1.578442,-0.387189,70.71986,173.7264,357.7111,0,0,0,0,0,0,-0.321301,0.835872,-0.330237,44.37969,187.1885,19.42599,0,False,False
600.5715,-0.074985,1.578161,-0.386765,70.77007,173.7143,357.8692,0,0,0,0,0,0,-0.321486,0.83443,-0.329649,44.42967,187.2664,19.52236,0,False,False
600.583,-0.073301,1.57807,-0.386306,70.83731,173.7317,358.0428,0,0,0,0,0,0,-0.321315,0.832865,-0.328903,44.53671,187.3162,19.73221,0,False,False
600.5937,-0.071644,1.578104,-0.385939,70.89795,173.8231,358.2913,0,0,0,0,0,0,-0.321152,0.831369,-0.328194,44.64879,187.3097,19.96741,0,False,False
600.6048,-0.069927,1.578277,-0.385547,70.92525,173.9719,358.5621,0,0,0,0,0,0,-0.321211,0.830082,-0.327534,44.80853,187.2978,20.23819,0,False,False
600.6161,-0.068236,1.578657,-0.385195,70.95242,174.1678,358.8343,0,0,0,0,0,0,-0.320841,0.828625,-0.326707,45.03698,187.2117,20.66524,0,False,False
600.627,-0.066479,1.57905,-0.384778,70.94188,174.3308,359.0535,0,0,0,0,0,0,-0.32037,0.82745,-0.325721,45.28989,187.0915,21.1848,0,False,False
600.6383,-0.064677,1.579541,-0.384314,70.91,174.4441,359.1821,0,0,0,0,0,0,-0.319854,0.826198,-0.324837,45.51958,186.9841,21.67537,0,False,False
600.6494,-0.062858,1.580116,-0.383817,70.86335,174.5561,359.3157,0,0,0,0,0,0,-0.319318,0.825245,-0.323945,45.72702,186.9604,22.1184,0,False,False
600.6603,-0.060922,1.58087,-0.383274,70.77269,174.6577,359.4081,0,0,0,0,0,0,-0.318745,0.824412,-0.32325,45.86954,187.1137,22.52427,0,False,False
600.6735,-0.059071,1.581595,-0.382752,70.67204,174.7498,359.4934,0,0,0,0,0,0,-0.318443,0.8237,-0.322637,45.95568,187.451,22.92438,0,False,False
600.6827,-0.057227,1.582553,-0.382284,70.48194,174.8181,359.5284,0,0,0,0,0,0,-0.318277,0.823008,-0.32229,46.04243,187.8454,23.31862,0,False,False
600.6937,-0.055415,1.583604,-0.381879,70.21955,174.8958,359.5526,0,0,0,0,0,0,-0.318202,0.822393,-0.321975,46.08006,188.5213,23.65376,0,False,False
600.7048,-0.053621,1.58472,-0.381578,69.84799,174.9419,359.5391,0,0,0,0,0,0,-0.318167,0.821744,-0.321887,46.08397,189.2917,23.88831,0,False,False
600.7159,-0.051816,1.585984,-0.381464,69.34941,174.9301,359.4425,0,0,0,0,0,0,-0.318024,0.821085,-0.321785,46.08142,189.9409,24.06159,0,False,False
600.727,-0.050081,1.587382,-0.381401,68.8056,174.8824,359.3064,0,0,0,0,0,0,-0.31769,0.820448,-0.321966,45.98978,190.6451,23.91816,0,False,False
600.7382,-0.04838,1.589205,-0.381582,68.14076,174.8353,359.1318,0,0,0,0,0,0,-0.317268,0.819853,-0.321888,45.92252,191.1514,23.87772,0,False,False
600.7493,-0.046675,1.591326,-0.381858,67.4971,174.8214,358.9633,0,0,0,0,0,0,-0.316436,0.819299,-0.321974,45.79793,191.5178,23.73123,0,False,False
600.7604,-0.045043,1.593962,-0.382422,66.7326,174.8761,358.8568,0,0,0,0,0,0,-0.315612,0.818795,-0.321901,45.71935,191.8083,23.6576,0,False,False
600.7715,-0.043308,1.596825,-0.382895,65.8347,175.0724,358.8377,0,0,0,0,0,0,-0.314351,0.818512,-0.321725,45.63601,191.9453,23.57945,0,False,False
600.7827,-0.041657,1.59969,-0.383156,64.84578,175.2737,358.815,0,0,0,0,0,0,-0.312991,0.818222,-0.321302,45.59748,192.0282,23.62086,0,False,False
600.7936,-0.039988,1.602916,-0.383235,63.73304,175.4956,358.7224,0,0,0,0,0,0,-0.311482,0.817842,-0.320812,45.61158,192.1371,23.85176,0,False,False
600.8047,-0.038344,1.606237,-0.383255,62.58854,175.693,358.5929,0,0,0,0,0,0,-0.31002,0.817465,-0.32024,45.66515,192.2906,24.19077,0,False,False
600.8159,-0.03676,1.609827,-0.383176,61.25606,175.9052,358.4374,0,0,0,0,0,0,-0.308591,0.817102,-0.319903,45.69674,192.5269,24.48175,0,False,False
600.827,-0.035255,1.613479,-0.383137,59.9173,176.0935,358.3187,0,0,0,0,0,0,-0.307331,0.816731,-0.319484,45.74012,192.9052,24.7992,0,False,False
600.838,-0.033732,1.617471,-0.383089,58.45001,176.366,358.2598,0,0,0,0,0,0,-0.306218,0.816288,-0.319278,45.72101,193.5251,25.03288,0,False,False
600.8492,-0.032377,1.621641,-0.383116,57.01683,176.589,358.1892,0,0,0,0,0,0,-0.305208,0.815999,-0.31913,45.68433,194.0773,25.18779,0,False,False
600.8603,-0.031138,1.625972,-0.383002,55.59145,176.7776,358.1201,0,0,0,0,0,0,-0.304176,0.815819,-0.318929,45.61187,194.6512,25.24643,0,False,False
600.8719,-0.030153,1.630571,-0.382682,54.10555,176.936,358.0666,0,0,0,0,0,0,-0.303033,0.815597,-0.318808,45.53772,195.2178,25.13212,0,False,False
600.8826,-0.029161,1.634955,-0.382279,52.64545,177.1046,358.0215,0,0,0,0,0,0,-0.301752,0.815397,-0.318565,45.526,195.6324,24.94249,0,False,False
600.8936,-0.028297,1.639521,-0.381571,51.10289,177.3535,358.107,0,0,0,0,0,0,-0.300172,0.814985,-0.318089,45.55254,195.9424,24.84093,0,False,False
600.9048,-0.027401,1.644051,-0.38072,49.56831,177.6066,358.2159,0,0,0,0,0,0,-0.298275,0.814619,-0.317623,45.69017,196.0628,24.78307,0,False,False
600.916,-0.02662,1.648764,-0.379678,48.01588,177.8964,358.4144,0,0,0,0,0,0,-0.296125,0.814192,-0.317158,45.88763,196.0069,24.8154,0,False,False
600.9269,-0.025941,1.653418,-0.378482,46.46633,178.2031,358.6434,0,0,0,0,0,0,-0.294102,0.813832,-0.316717,46.09928,195.8645,24.93176,0,False,False
600.938,-0.025242,1.65795,-0.377215,44.92982,178.5027,358.8202,0,0,0,0,0,0,-0.29173,0.813315,-0.31633,46.32906,195.6542,25.10028,0,False,False
600.9492,-0.024621,1.662422,-0.375657,43.42909,178.7986,358.9645,0,0,0,0,0,0,-0.289288,0.812878,-0.315992,46.53493,195.4231,25.26304,0,False,False
600.9603,-0.024086,1.666724,-0.373808,41.91386,179.1123,359.1027,0,0,0,0,0,0,-0.286958,0.812435,-0.315744,46.72526,195.1789,25.4011,0,False,False
600.9714,-0.023556,1.670934,-0.371635,40.33148,179.45,359.2917,0,0,0,0,0,0,-0.284373,0.811943,-0.315618,46.92526,194.7875,25.46752,0,False,False
600.9827,-0.022947,1.675082,-0.369525,38.7133,179.7898,359.5081,0,0,0,0,0,0,-0.28173,0.81144,-0.315723,47.10803,194.3532,25.51631,0,False,False
600.9935,-0.022366,1.679204,-0.367192,37.05993,180.1405,359.7628,0,0,0,0,0,0,-0.279316,0.810829,-0.315919,47.23579,193.9185,25.54078,0,False,False
601.0046,-0.021829,1.683319,-0.364937,35.40708,180.4468,0.01303,0,0,0,0,0,0,-0.276733,0.810173,-0.316297,47.32449,193.4646,25.52155,0,False,False
601.0159,-0.021312,1.687482,-0.36263,33.80186,180.701,0.225219,0,0,0,0,0,0,-0.274279,0.809485,-0.316683,47.41618,193.0094,25.45975,0,False,False
601.0269,-0.020925,1.691695,-0.360398,32.27328,180.9112,0.442056,0,0,0,0,0,0,-0.271851,0.808713,-0.316971,47.48206,192.4564,25.30885,0,False,False
601.038,-0.020497,1.69603,-0.358194,30.84996,181.0936,0.65061,0,0,0,0,0,0,-0.269319,0.808046,-0.317319,47.57684,191.7785,25.11148,0,False,False
601.0492,-0.020098,1.700442,-0.356245,29.58333,181.2154,0.862863,0,0,0,0,0,0,-0.266836,0.807631,-0.317609,47.70004,191.0902,24.96607,0,False,False
601.0602,-0.019752,1.70436,-0.354154,28.17371,181.3131,1.051683,0,0,0,0,0,0,-0.264176,0.807255,-0.317694,47.87979,190.1302,24.86106,0,False,False
601.0715,-0.019446,1.708194,-0.351767,26.65414,181.4364,1.234551,0,0,0,0,0,0,-0.261312,0.80701,-0.317724,48.10131,188.9395,24.86177,0,False,False
601.0825,-0.019029,1.712073,-0.349413,25.16585,181.5728,1.383604,0,0,0,0,0,0,-0.258424,0.80677,-0.317635,48.43125,187.5183,24.91737,0,False,False
601.0934,-0.018736,1.715843,-0.346896,23.75724,181.6642,1.453037,0,0,0,0,0,0,-0.255512,0.806415,-0.3175,48.8447,185.9748,25.02204,0,False,False
601.1046,-0.018315,1.719528,-0.34423,22.43518,181.773,1.439101,0,0,0,0,0,0,-0.252684,0.806028,-0.317547,49.23921,184.4285,25.18874,0,False,False
601.1157,-0.017898,1.722837,-0.341553,21.07788,181.9182,1.433766,0,0,0,0,0,0,-0.250003,0.805685,-0.317854,49.5689,182.9582,25.31894,0,False,False
601.1268,-0.017425,1.725913,-0.338805,19.75683,182.1268,1.410757,0,0,0,0,0,0,-0.247854,0.805309,-0.318439,49.7495,181.6293,25.4882,0,False,False
601.1379,-0.016991,1.729198,-0.336129,18.44661,182.3119,1.398787,0,0,0,0,0,0,-0.246114,0.805064,-0.319171,49.80488,180.5466,25.93365,0,False,False
601.1494,-0.016661,1.732625,-0.333258,17.10588,182.4468,1.390481,0,0,0,0,0,0,-0.244768,0.804856,-0.320382,49.73862,179.736,26.4279,0,False,False
601.1603,-0.016241,1.735757,-0.330698,15.7238,182.5451,1.393608,0,0,0,0,0,0,-0.244182,0.804749,-0.321842,49.57992,179.2356,26.66873,0,False,False
601.1713,-0.015842,1.738702,-0.328195,14.37674,182.6525,1.420499,0,0,0,0,0,0,-0.243562,0.80466,-0.32335,49.43886,178.7494,26.70941,0,False,False
601.1824,-0.015353,1.741247,-0.325482,13.11669,182.7421,1.464023,0,0,0,0,0,0,-0.2438,0.804807,-0.325403,49.18563,178.739,26.57291,0,False,False
601.1935,-0.014925,1.743845,-0.322984,11.85267,182.8228,1.501992,0,0,0,0,0,0,-0.243932,0.804844,-0.327287,49.00498,178.7423,26.53248,0,False,False
601.2047,-0.014465,1.746452,-0.320582,10.54795,182.8616,1.576727,0,0,0,0,0,0,-0.244865,0.805125,-0.329485,48.86354,179.079,26.50028,0,False,False
601.2157,-0.014053,1.749134,-0.318273,9.219298,182.8747,1.627419,0,0,0,0,0,0,-0.245911,0.805244,-0.331593,48.77162,179.498,26.41957,0,False,False
601.2267,-0.013591,1.751548,-0.316088,7.931032,182.9035,1.659329,0,0,0,0,0,0,-0.247191,0.805359,-0.33365,48.73225,180.0361,26.39696,0,False,False
601.2379,-0.013199,1.753946,-0.313841,6.717035,182.9688,1.661399,0,0,0,0,0,0,-0.248115,0.805542,-0.335793,48.67221,180.3089,26.4699,0,False,False
601.249,-0.012734,1.755783,-0.311741,5.683754,183.0493,1.641932,0,0,0,0,0,0,-0.249242,0.805614,-0.337826,48.66042,180.7762,26.69018,0,False,False
601.2601,-0.012384,1.757561,-0.309536,4.816128,183.0989,1.638774,0,0,0,0,0,0,-0.250397,0.80571,-0.339883,48.64915,181.3213,27.03052,0,False,False
601.2713,-0.011855,1.759177,-0.307564,4.009629,183.1115,1.673471,0,0,0,0,0,0,-0.251612,0.805851,-0.341953,48.61212,181.8663,27.35914,0,False,False
601.2824,-0.011573,1.760631,-0.305727,3.329537,183.1088,1.683105,0,0,0,0,0,0,-0.25301,0.806165,-0.344175,48.53824,182.5417,27.79815,0,False,False
601.2934,-0.011197,1.761781,-0.304079,2.673085,183.0988,1.695202,0,0,0,0,0,0,-0.254419,0.806551,-0.346273,48.39917,183.2598,28.16347,0,False,False
601.3046,-0.01082,1.762706,-0.302576,2.175092,183.0502,1.702461,0,0,0,0,0,0,-0.25578,0.807126,-0.348593,48.20304,183.9837,28.37674,0,False,False
601.3157,-0.01041,1.763525,-0.301107,1.722711,182.9643,1.745276,0,0,0,0,0,0,-0.257029,0.807694,-0.35102,47.97834,184.7029,28.48682,0,False,False
601.3268,-0.010051,1.764082,-0.299888,1.445976,182.854,1.803013,0,0,0,0,0,0,-0.258163,0.808401,-0.353398,47.78718,185.3441,28.54605,0,False,False
601.338,-0.009733,1.764491,-0.298624,1.227897,182.739,1.857825,0,0,0,0,0,0,-0.259006,0.809115,-0.355767,47.55163,185.9083,28.48298,0,False,False
601.3491,-0.009367,1.764858,-0.297486,1.019054,182.6156,1.882784,0,0,0,0,0,0,-0.259843,0.809715,-0.358064,47.32893,186.3173,28.40804,0,False,False
601.3601,-0.009063,1.765046,-0.29642,0.899076,182.4705,1.908767,0,0,0,0,0,0,-0.260163,0.810315,-0.36028,47.09836,186.5581,28.35979,0,False,False
601.3712,-0.00875,1.76519,-0.295533,0.748982,182.3081,1.911201,0,0,0,0,0,0,-0.260506,0.810886,-0.362537,46.84784,186.7693,28.33359,0,False,False
601.3823,-0.008424,1.765275,-0.294844,0.696668,182.1347,1.888873,0,0,0,0,0,0,-0.260412,0.811472,-0.364736,46.57704,186.7338,28.26064,0,False,False
601.3934,-0.008135,1.765317,-0.294128,0.623873,181.9653,1.845905,0,0,0,0,0,0,-0.260127,0.812078,-0.366696,46.29214,186.5701,28.17326,0,False,False
601.4045,-0.007813,1.765275,-0.293586,0.639632,181.7739,1.77912,0,0,0,0,0,0,-0.25959,0.812627,-0.368616,46.02407,186.3044,28.07768,0,False,False
601.4158,-0.007483,1.765164,-0.293059,0.670012,181.5817,1.723286,0,0,0,0,0,0,-0.258869,0.813197,-0.370418,45.78586,186.0037,28.00816,0,False,False
601.4266,-0.007128,1.765037,-0.292621,0.685603,181.3737,1.664273,0,0,0,0,0,0,-0.258328,0.813649,-0.372131,45.57875,185.7492,27.95602,0,False,False
601.4379,-0.006824,1.764875,-0.292305,0.730013,181.1776,1.611995,0,0,0,0,0,0,-0.257584,0.814011,-0.37365,45.40797,185.4024,27.87455,0,False,False
601.449,-0.006448,1.764822,-0.291894,0.765064,180.9682,1.571317,0,0,0,0,0,0,-0.256857,0.81438,-0.375096,45.25611,185.1167,27.7919,0,False,False
601.4601,-0.006157,1.764711,-0.29173,0.84977,180.7695,1.541706,0,0,0,0,0,0,-0.256135,0.814701,-0.376455,45.14033,184.9091,27.69254,0,False,False
601.4711,-0.005938,1.76462,-0.291571,0.937321,180.578,1.512467,0,0,0,0,0,0,-0.255503,0.815065,-0.377707,45.01857,184.7484,27.58159,0,False,False
601.4824,-0.005715,1.764448,-0.291466,1.064519,180.4007,1.489223,0,0,0,0,0,0,-0.255093,0.815332,-0.378768,44.93238,184.724,27.36829,0,False,False
601.4933,-0.005501,1.764233,-0.291364,1.178727,180.2362,1.457461,0,0,0,0,0,0,-0.254588,0.815716,-0.37996,44.81365,184.6259,27.22289,0,False,False
601.5046,-0.005313,1.764003,-0.291319,1.294684,180.0686,1.436783,0,0,0,0,0,0,-0.254274,0.815912,-0.380806,44.69665,184.6653,27.00841,0,False,False
601.5156,-0.005169,1.763777,-0.291235,1.388353,179.9242,1.390942,0,0,0,0,0,0,-0.253954,0.816196,-0.381766,44.58894,184.7363,26.78855,0,False,False
601.5267,-0.005011,1.763567,-0.291146,1.494725,179.7949,1.361788,0,0,0,0,0,0,-0.253731,0.816495,-0.382572,44.45505,184.811,26.53621,0,False,False
601.5379,-0.004898,1.763342,-0.291123,1.588158,179.6787,1.335224,0,0,0,0,0,0,-0.253436,0.816779,-0.383494,44.29076,184.884,26.25398,0,False,False
601.549,-0.004831,1.763163,-0.291123,1.71622,179.549,1.314727,0,0,0,0,0,0,-0.253121,0.817126,-0.384393,44.1285,184.9378,25.89537,0.003922,False,False
601.5601,-0.004767,1.762922,-0.291099,1.834682,179.4467,1.303626,0,0,0,0,0,0,-0.252743,0.81743,-0.385275,43.97225,184.9376,25.51024,0.090196,False,False
601.5712,-0.004719,1.762718,-0.291186,1.953799,179.35,1.294679,0,0,0,0,0,0,-0.252357,0.817853,-0.38609,43.77009,184.8761,25.12896,0.309804,False,True
601.5823,-0.004701,1.762481,-0.291187,2.05996,179.234,1.305489,0,0,0,0,0,0,-0.251699,0.818522,-0.386817,43.44988,184.7299,24.93179,0.443137,False,True
601.5933,-0.004758,1.76231,-0.291232,2.164766,179.1272,1.335135,0,0,0,0,0,0,-0.250869,0.819184,-0.387579,43.12666,184.5116,24.91352,0.878431,False,True
601.6045,-0.004829,1.762153,-0.291263,2.250418,179.0268,1.348193,0,0,0,0,0,0,-0.250141,0.819994,-0.387942,42.75684,184.2218,24.80296,1,False,True
601.6155,-0.004922,1.762003,-0.291312,2.353309,178.9409,1.365413,0,0,0,0,0,0,-0.249266,0.820562,-0.388818,42.39977,183.9803,24.57277,1,False,True
601.6267,-0.005023,1.761846,-0.291416,2.458565,178.8592,1.35912,0,0,0,0,0,0,-0.249096,0.819558,-0.388532,42.80818,184.2339,25.39234,1,False,True
601.6377,-0.005212,1.761641,-0.291498,2.558508,178.7746,1.348838,0,0,0,0,0,0,-0.247161,0.820711,-0.389784,42.22639,183.2492,24.20722,1,False,True
601.649,-0.005384,1.761423,-0.291505,2.653732,178.704,1.315825,0,0,0,0,0,0,-0.246018,0.820802,-0.390126,42.16273,182.7658,23.77375,1,False,True
601.66,-0.005563,1.761254,-0.291586,2.731705,178.6188,1.285278,0,0,0,0,0,0,-0.244853,0.820709,-0.390505,42.20316,182.4518,23.56051,1,False,True
601.6711,-0.005756,1.761092,-0.291618,2.792086,178.5436,1.261953,0,0,0,0,0,0,-0.243735,0.820345,-0.390524,42.35144,182.0787,23.25112,1,False,True
601.6827,-0.005971,1.760955,-0.291603,2.849397,178.4643,1.241377,0,0,0,0,0,0,-0.242617,0.819696,-0.390405,42.58381,181.7297,22.89752,1,False,True
601.6934,-0.00616,1.760871,-0.29163,2.889683,178.3904,1.228404,0,0,0,0,0,0,-0.241814,0.819213,-0.390255,42.77232,181.4379,22.54842,1,False,True
601.7045,-0.006299,1.76082,-0.29158,2.938294,178.3067,1.229517,0,0,0,0,0,0,-0.240935,0.818699,-0.390176,42.94229,181.1397,22.21807,1,False,True
601.7156,-0.006502,1.760721,-0.291615,2.982463,178.2335,1.217474,0,0,0,0,0,0,-0.240271,0.818082,-0.389928,43.1013,180.87,21.88413,1,False,True
601.7265,-0.006724,1.760597,-0.291659,3.03705,178.1512,1.206094,0,0,0,0,0,0,-0.239682,0.817426,-0.389829,43.25158,180.5846,21.59999,1,False,True
601.7377,-0.006923,1.760509,-0.29167,3.112509,178.0788,1.206894,0,0,0,0,0,0,-0.239043,0.816961,-0.389683,43.36367,180.3127,21.34123,1,False,True
601.7488,-0.007115,1.760388,-0.291649,3.181803,178.0163,1.202643,0,0,0,0,0,0,-0.238641,0.816257,-0.389464,43.3833,180.0349,21.08823,1,False,True
601.76,-0.007264,1.760271,-0.291642,3.257722,177.9509,1.185247,0,0,0,0,0,0,-0.238176,0.815518,-0.389253,43.58324,179.883,21.00551,1,False,True
601.771,-0.00746,1.760148,-0.291642,3.344085,177.8841,1.158838,0,0,0,0,0,0,-0.238162,0.814447,-0.388691,43.78135,179.7663,20.99377,1,False,True
601.7821,-0.007576,1.760039,-0.291625,3.441761,177.8263,1.150287,0,0,0,0,0,0,-0.238083,0.813697,-0.388204,44.04264,179.7552,21.03695,0.752941,False,True
601.7932,-0.007749,1.759831,-0.291643,3.531857,177.7574,1.135224,0,0,0,0,0,0,-0.238047,0.812907,-0.38748,44.35996,179.798,21.0826,0.380392,False,True
601.8043,-0.007867,1.75966,-0.291668,3.645696,177.6886,1.145342,0,0,0,0,0,0,-0.237931,0.81197,-0.386912,44.75354,179.8192,21.16428,0.105882,False,False
601.8156,-0.007948,1.759385,-0.291655,3.769774,177.614,1.138698,0,0,0,0,0,0,-0.237777,0.810723,-0.386416,45.12996,179.7646,21.18219,0,False,False
601.8265,-0.007999,1.759114,-0.291714,3.933827,177.5308,1.141154,0,0,0,0,0,0,-0.237652,0.809469,-0.385809,45.59248,179.6762,21.04551,0,False,False
601.8379,-0.008047,1.758734,-0.29166,4.136549,177.4387,1.142795,0,0,0,0,0,0,-0.237607,0.808372,-0.385181,45.97485,179.6145,20.99253,0,False,False
601.8488,-0.008032,1.758393,-0.29171,4.368349,177.3372,1.155702,0,0,0,0,0,0,-0.237629,0.807999,-0.384684,46.11525,179.5646,21.22092,0,False,False
601.8598,-0.007977,1.757949,-0.291757,4.615377,177.2162,1.163542,0,0,0,0,0,0,-0.237511,0.807547,-0.384297,46.26766,179.5298,21.42636,0,False,False
601.871,-0.007872,1.757448,-0.29184,4.887433,177.0681,1.168851,0,0,0,0,0,0,-0.23765,0.807052,-0.384106,46.28289,179.4549,21.58583,0,False,False
601.8822,-0.007739,1.756942,-0.291923,5.171232,176.907,1.187231,0,0,0,0,0,0,-0.237588,0.806831,-0.383885,46.2585,179.3675,21.70663,0,False,False
601.8932,-0.007633,1.756455,-0.292045,5.480455,176.7381,1.223241,0,0,0,0,0,0,-0.237665,0.806299,-0.383635,46.3013,179.3187,21.89428,0,False,False
601.9044,-0.007433,1.755778,-0.292183,5.82759,176.5489,1.257048,0,0,0,0,0,0,-0.237889,0.805761,-0.383328,46.35495,179.3268,22.0857,0,False,False
601.9157,-0.007227,1.75515,-0.292256,6.207047,176.3604,1.303988,0,0,0,0,0,0,-0.238089,0.805174,-0.383052,46.48219,179.3335,22.27969,0,False,False
601.9266,-0.006973,1.754424,-0.292421,6.641266,176.147,1.364639,0,0,0,0,0,0,-0.238298,0.804533,-0.382699,46.63284,179.3221,22.43736,0,False,False
601.9377,-0.006646,1.753538,-0.292569,7.134811,175.9431,1.428692,0,0,0,0,0,0,-0.238866,0.804052,-0.382553,46.83674,179.3378,22.55002,0,False,False
601.9487,-0.006309,1.752618,-0.292617,7.634484,175.7199,1.513249,0,0,0,0,0,0,-0.23915,0.803478,-0.382274,46.98608,179.346,22.68205,0,False,False
601.96,-0.006006,1.751641,-0.292649,8.181604,175.4987,1.597208,0,0,0,0,0,0,-0.239499,0.803032,-0.382206,47.10576,179.3964,22.90119,0,False,False
601.9709,-0.005708,1.750632,-0.29267,8.752954,175.2723,1.671398,0,0,0,0,0,0,-0.239844,0.802581,-0.382034,47.21739,179.4325,23.10355,0,False,False
601.982,-0.005439,1.749646,-0.292687,9.335679,175.0181,1.702089,0,0,0,0,0,0,-0.240284,0.802153,-0.381922,47.32207,179.4663,23.28837,0,False,False
601.9932,-0.005126,1.748737,-0.292689,9.880343,174.7704,1.737319,0,0,0,0,0,0,-0.240625,0.801861,-0.381852,47.40141,179.5018,23.44065,0,False,False
602.0042,-0.004814,1.74779,-0.292685,10.41386,174.5378,1.758098,0,0,0,0,0,0,-0.241035,0.80167,-0.381903,47.41992,179.5482,23.55727,0,False,False
602.0153,-0.00451,1.746808,-0.292645,10.94228,174.3166,1.734802,0,0,0,0,0,0,-0.241424,0.801563,-0.382088,47.42584,179.5929,23.7148,0,False,False
602.0266,-0.004221,1.745851,-0.292577,11.46567,174.0801,1.694525,0,0,0,0,0,0,-0.241843,0.801451,-0.382316,47.4142,179.6089,23.84132,0,False,False
602.0377,-0.003967,1.744978,-0.292561,11.96243,173.8639,1.663504,0,0,0,0,0,0,-0.242206,0.801297,-0.382474,47.38099,179.6211,23.96085,0,False,False
602.0486,-0.003689,1.744144,-0.292481,12.35168,173.6516,1.617075,0,0,0,0,0,0,-0.242473,0.801321,-0.382583,47.32778,179.6334,24.04867,0,False,False
602.0598,-0.003387,1.74349,-0.292393,12.72694,173.4369,1.586605,0,0,0,0,0,0,-0.242892,0.801384,-0.382898,47.22538,179.6519,24.17324,0,False,False
602.0709,-0.003141,1.742923,-0.292331,13.05266,173.2356,1.551911,0,0,0,0,0,0,-0.243262,0.801433,-0.383135,47.16137,179.6868,24.30524,0,False,False
602.082,-0.00285,1.742403,-0.292284,13.37635,173.0589,1.534051,0,0,0,0,0,0,-0.243635,0.80159,-0.383437,47.10343,179.7766,24.39974,0,False,False
602.1261,-0.002223,1.740981,-0.292281,14.16508,172.5817,1.471,0,0,0,0,0,0,-0.245621,0.801945,-0.384532,46.88232,180.1479,24.80893,0,False,False
602.1312,-0.002031,1.740519,-0.292223,14.4037,172.4599,1.47563,0,0,0,0,0,0,-0.245843,0.802046,-0.384708,46.83783,180.1948,24.86921,0,False,False
602.1375,-0.001871,1.740071,-0.292208,14.63857,172.3317,1.489773,0,0,0,0,0,0,-0.246033,0.802175,-0.384914,46.79082,180.215,24.91611,0,False,False
602.1437,-0.001627,1.739625,-0.292184,14.88225,172.2075,1.505395,0,0,0,0,0,0,-0.246244,0.802279,-0.385106,46.74444,180.2457,24.96393,0,False,False
602.1548,-0.001464,1.739304,-0.292175,15.06884,172.1078,1.553774,0,0,0,0,0,0,-0.246463,0.802475,-0.385446,46.64754,180.2792,25.03226,0,False,False
602.1661,-0.001312,1.738963,-0.292127,15.2769,172.0008,1.584202,0,0,0,0,0,0,-0.246705,0.802749,-0.385699,46.54888,180.2838,25.07602,0,False,False
602.177,-0.001225,1.738649,-0.29217,15.46499,171.9196,1.598215,0,0,0,0,0,0,-0.247021,0.802903,-0.385932,46.44813,180.2828,25.10307,0,False,False
602.1882,-0.001077,1.738267,-0.292171,15.65606,171.8701,1.627234,0,0,0,0,0,0,-0.24723,0.803083,-0.38615,46.35271,180.3007,25.15215,0,False,False
602.1995,-0.000949,1.737869,-0.29215,15.86787,171.8292,1.64511,0,0,0,0,0,0,-0.24729,0.803171,-0.386241,46.29139,180.2993,25.19332,0,False,False
602.2106,-0.000859,1.737409,-0.292141,16.12193,171.8075,1.651338,0,0,0,0,0,0,-0.247362,0.803442,-0.38645,46.22838,180.3143,25.23975,0,False,False
602.2216,-0.000779,1.736883,-0.292099,16.3738,171.7913,1.690033,0,0,0,0,0,0,-0.247438,0.803467,-0.386478,46.21012,180.3294,25.29285,0,False,False
602.2327,-0.000674,1.736361,-0.292076,16.62717,171.7717,1.716701,0,0,0,0,0,0,-0.247623,0.803497,-0.386488,46.1809,180.3579,25.34377,0,False,False
602.2437,-0.000586,1.73595,-0.292124,16.91737,171.7381,1.75751,0,0,0,0,0,0,-0.247769,0.803453,-0.386472,46.19001,180.4004,25.40755,0,False,False
602.2549,-0.000438,1.735371,-0.292142,17.17548,171.6875,1.778252,0,0,0,0,0,0,-0.247794,0.803378,-0.386501,46.20281,180.4443,25.47362,0,False,False
602.2659,-0.000283,1.73483,-0.292233,17.42905,171.6379,1.793104,0,0,0,0,0,0,-0.247884,0.803302,-0.386376,46.23895,180.4932,25.53077,0,False,False
602.277,-0.000161,1.734322,-0.292276,17.67807,171.5943,1.810731,0,0,0,0,0,0,-0.247906,0.803218,-0.386258,46.25476,180.5497,25.60043,0,False,False
602.2881,-0.000061,1.733777,-0.29231,17.94987,171.562,1.812331,0,0,0,0,0,0,-0.24792,0.803094,-0.386113,46.24914,180.6048,25.66566,0,False,False
602.2994,0.000046,1.73316,-0.292339,18.22555,171.5384,1.801354,0,0,0,0,0,0,-0.247873,0.802996,-0.385984,46.25342,180.6383,25.72958,0,False,False
602.3102,0.000136,1.732655,-0.292363,18.48351,171.5251,1.778171,0,0,0,0,0,0,-0.247916,0.802911,-0.385809,46.25114,180.6792,25.79553,0,False,False
602.3215,0.000184,1.732167,-0.292378,18.72143,171.5073,1.747435,0,0,0,0,0,0,-0.24776,0.802935,-0.385648,46.25387,180.7127,25.7721,0,False,False
602.3327,0.000238,1.731716,-0.292502,18.97404,171.5103,1.718579,0,0,0,0,0,0,-0.247588,0.802893,-0.385367,46.28054,180.7322,25.70484,0,False,False
602.3438,0.000298,1.731237,-0.292594,19.19427,171.4967,1.678064,0,0,0,0,0,0,-0.24735,0.802863,-0.385081,46.30095,180.7507,25.63387,0,False,False
602.3547,0.000368,1.730752,-0.292701,19.43707,171.499,1.659163,0,0,0,0,0,0,-0.247091,0.802845,-0.38478,46.32707,180.7365,25.51884,0,False,False
602.366,0.000449,1.730211,-0.292856,19.70405,171.4929,1.6453,0,0,0,0,0,0,-0.246879,0.802777,-0.38444,46.36179,180.7253,25.45635,0,False,False
602.377,0.000519,1.729575,-0.292916,19.99102,171.5033,1.620215,0,0,0,0,0,0,-0.246478,0.802732,-0.384063,46.38549,180.6687,25.40713,0,False,False
602.388,0.000572,1.728999,-0.292991,20.28175,171.5182,1.606636,0,0,0,0,0,0,-0.246145,0.802521,-0.383571,46.41325,180.611,25.35737,0,False,False
602.3993,0.000646,1.728461,-0.293097,20.57103,171.5348,1.590018,0,0,0,0,0,0,-0.245656,0.80243,-0.383079,46.46113,180.5228,25.32799,0,False,False
602.4103,0.000739,1.727866,-0.293166,20.85642,171.5313,1.558392,0,0,0,0,0,0,-0.245281,0.802283,-0.38253,46.48202,180.4086,25.30344,0,False,False
602.4214,0.000844,1.727217,-0.293246,21.16271,171.4946,1.51853,0,0,0,0,0,0,-0.244868,0.802074,-0.381944,46.48998,180.2897,25.30162,0,False,False
602.4326,0.000979,1.726555,-0.293292,21.46079,171.4578,1.477215,0,0,0,0,0,0,-0.244424,0.802004,-0.381515,46.49869,180.1836,25.30791,0,False,False
602.4435,0.00112,1.725958,-0.293465,21.77282,171.43,1.435919,0,0,0,0,0,0,-0.243955,0.801986,-0.381099,46.51238,180.0854,25.29742,0,False,False
602.4547,0.001294,1.725312,-0.293617,22.05407,171.3617,1.403104,0,0,0,0,0,0,-0.243521,0.801889,-0.380679,46.53493,179.9903,25.29708,0,False,False
602.4658,0.001512,1.724721,-0.293709,22.32349,171.2737,1.357815,0,0,0,0,0,0,-0.242954,0.801835,-0.380335,46.56372,179.9056,25.29538,0,False,False
602.4769,0.001794,1.724128,-0.293823,22.58152,171.1532,1.325341,0,0,0,0,0,0,-0.242465,0.801745,-0.379978,46.59544,179.8184,25.27732,0,False,False
602.4883,0.00213,1.723532,-0.293928,22.84363,171.0008,1.265879,0,0,0,0,0,0,-0.242002,0.801629,-0.379558,46.62932,179.7299,25.26533,0,False,False
602.4991,0.002493,1.723038,-0.293971,23.08935,170.8181,1.218139,0,0,0,0,0,0,-0.241511,0.801443,-0.379016,46.65132,179.6689,25.2851,0,False,False
602.5102,0.002884,1.722556,-0.294111,23.32418,170.64,1.18486,0,0,0,0,0,0,-0.241159,0.801357,-0.378654,46.66053,179.6045,25.28413,0,False,False
602.5213,0.003348,1.722111,-0.294264,23.53447,170.4497,1.154611,0,0,0,0,0,0,-0.240828,0.801244,-0.37819,46.68441,179.5653,25.28014,0,False,False
602.5328,0.003848,1.721685,-0.294496,23.72817,170.2237,1.124158,0,0,0,0,0,0,-0.240736,0.800977,-0.377686,46.6935,179.5185,25.26785,0,False,False
602.5436,0.004404,1.721219,-0.294728,23.91379,169.9699,1.09373,0,0,0,0,0,0,-0.240587,0.800897,-0.377314,46.74433,179.4867,25.22877,0,False,False
602.5547,0.004957,1.720827,-0.295053,24.12596,169.7075,1.038009,0,0,0,0,0,0,-0.240309,0.800902,-0.377108,46.79251,179.4525,25.18557,0,False,False
602.566,0.005593,1.720365,-0.2954,24.32989,169.4116,1.016374,0,0,0,0,0,0,-0.240197,0.800826,-0.376786,46.84259,179.4455,25.1455,0,False,False
602.5769,0.00627,1.719871,-0.295694,24.56741,169.1148,1.018918,0,0,0,0,0,0,-0.240115,0.800806,-0.376476,46.89293,179.4503,25.1274,0,False,False
602.5882,0.007011,1.719325,-0.296034,24.81141,168.8105,1.031308,0,0,0,0,0,0,-0.240012,0.800715,-0.376191,46.94067,179.442,25.10785,0,False,False
602.5997,0.007771,1.718683,-0.296472,25.05987,168.4707,1.050141,0,0,0,0,0,0,-0.239979,0.800632,-0.37594,46.97085,179.4333,25.07939,0,False,False
602.6112,0.008602,1.718027,-0.296875,25.33818,168.097,1.083933,0,0,0,0,0,0,-0.239943,0.800521,-0.375624,46.99983,179.433,25.04002,0,False,False
602.6228,0.009479,1.717339,-0.29731,25.64205,167.7214,1.101566,0,0,0,0,0,0,-0.239962,0.800335,-0.375515,47.04922,179.4626,24.9926,0,False,False
602.6341,0.010421,1.716622,-0.297758,25.9628,167.3137,1.143827,0,0,0,0,0,0,-0.240115,0.800148,-0.375385,47.12824,179.5263,24.91618,0,False,False
602.6455,0.011386,1.715857,-0.29829,26.32116,166.8743,1.15506,0,0,0,0,0,0,-0.240235,0.800069,-0.375396,47.20052,179.6078,24.81872,0,False,False
602.6569,0.012355,1.715043,-0.298843,26.64714,166.4193,1.166115,0,0,0,0,0,0,-0.240397,0.800044,-0.375605,47.27251,179.6769,24.74959,0,False,False
602.6685,0.013331,1.714255,-0.299495,26.96548,165.9633,1.184858,0,0,0,0,0,0,-0.240497,0.799995,-0.375713,47.32753,179.7325,24.69528,0,False,False
602.68,0.014377,1.713413,-0.300116,27.2936,165.5273,1.207111,0,0,0,0,0,0,-0.240614,0.799983,-0.375948,47.35673,179.7364,24.65122,0,False,False
602.6913,0.015427,1.712616,-0.300798,27.63715,165.0755,1.211681,0,0,0,0,0,0,-0.24066,0.800005,-0.376316,47.35054,179.7013,24.6236,0,False,False
602.7029,0.016459,1.711874,-0.301538,27.93148,164.6113,1.19409,0,0,0,0,0,0,-0.240586,0.800006,-0.376554,47.3318,179.6284,24.64619,0,False,False
602.7143,0.017465,1.71119,-0.302284,28.19935,164.1367,1.182663,0,0,0,0,0,0,-0.240645,0.799983,-0.376889,47.33063,179.5625,24.67328,0,False,False
602.7259,0.018523,1.710533,-0.303063,28.43928,163.6886,1.18516,0,0,0,0,0,0,-0.240454,0.79996,-0.377314,47.32965,179.4241,24.79755,0,False,False
602.7369,0.019528,1.709956,-0.303868,28.67719,163.2297,1.207558,0,0,0,0,0,0,-0.240507,0.799748,-0.377528,47.36256,179.3182,24.88268,0,False,False
602.7485,0.020553,1.70936,-0.304687,28.88708,162.7792,1.216734,0,0,0,0,0,0,-0.240267,0.799428,-0.377679,47.44092,179.1517,24.98347,0,False,False
602.7595,0.021497,1.708858,-0.305519,29.08154,162.3492,1.226415,0,0,0,0,0,0,-0.240225,0.799175,-0.377891,47.54639,178.9833,25.09395,0,False,False
602.7706,0.022405,1.708379,-0.306281,29.25623,161.9371,1.213269,0,0,0,0,0,0,-0.240135,0.7989,-0.378148,47.67391,178.7979,25.16356,0,False,False
602.7818,0.02333,1.707891,-0.306975,29.436,161.578,1.222127,0,0,0,0,0,0,-0.240068,0.798546,-0.378397,47.8337,178.6002,25.20658,0,False,False
602.7928,0.024104,1.707472,-0.30764,29.6067,161.2323,1.209214,0,0,0,0,0,0,-0.239918,0.798254,-0.378744,47.98657,178.4255,25.27638,0,False,False
602.804,0.024847,1.707047,-0.308343,29.77104,160.9256,1.196325,0,0,0,0,0,0,-0.239855,0.797877,-0.379042,48.16713,178.2212,25.34853,0,False,False
602.8153,0.025502,1.706697,-0.309004,29.93207,160.6605,1.203699,0,0,0,0,0,0,-0.239755,0.797483,-0.379429,48.33326,178.0329,25.49308,0,False,False
602.8263,0.026184,1.706309,-0.309611,30.07514,160.407,1.229416,0,0,0,0,0,0,-0.239683,0.797143,-0.379856,48.4713,177.8642,25.62245,0,False,False
602.8373,0.026787,1.705992,-0.310145,30.18927,160.2031,1.284675,0,0,0,0,0,0,-0.239664,0.796773,-0.380491,48.5812,177.7012,25.79475,0,False,False
602.8484,0.027355,1.705728,-0.310679,30.30425,160.017,1.35163,0,0,0,0,0,0,-0.239463,0.796431,-0.381123,48.68236,177.5382,25.942,0,False,False
602.8596,0.027812,1.705486,-0.311233,30.40759,159.8221,1.40479,0,0,0,0,0,0,-0.239355,0.796132,-0.381793,48.78561,177.3778,26.0775,0,False,False
602.8706,0.028208,1.705286,-0.311795,30.48861,159.6732,1.4846,0,0,0,0,0,0,-0.239308,0.795869,-0.382637,48.85405,177.2306,26.20066,0,False,False
602.8818,0.028665,1.705076,-0.312254,30.57034,159.535,1.551026,0,0,0,0,0,0,-0.239365,0.795685,-0.383523,48.93188,177.0901,26.29893,0,False,False
602.8929,0.029002,1.70496,-0.312663,30.64413,159.4009,1.591592,0,0,0,0,0,0,-0.239245,0.795541,-0.384577,48.99439,176.9711,26.41088,0,False,False
602.9041,0.029341,1.704854,-0.313029,30.6829,159.2931,1.656443,0,0,0,0,0,0,-0.239164,0.795357,-0.385556,49.05645,176.8488,26.53267,0,False,False
602.9152,0.029678,1.70473,-0.313421,30.70418,159.176,1.680971,0,0,0,0,0,0,-0.238994,0.795299,-0.386814,49.09311,176.7123,26.64976,0,False,False
602.9261,0.030032,1.70473,-0.31386,30.7075,159.0624,1.699769,0,0,0,0,0,0,-0.238767,0.795277,-0.388256,49.09722,176.5761,26.74304,0,False,False
602.9372,0.030306,1.704784,-0.314221,30.72687,158.9527,1.731878,0,0,0,0,0,0,-0.238551,0.795214,-0.389559,49.10631,176.4341,26.81661,0,False,False
602.9484,0.030472,1.7048,-0.314607,30.71408,158.8446,1.770862,0,0,0,0,0,0,-0.238307,0.795313,-0.391135,49.06705,176.308,26.8961,0,False,False
602.9595,0.030654,1.704861,-0.314926,30.68993,158.7459,1.79651,0,0,0,0,0,0,-0.238017,0.795396,-0.392588,49.03516,176.1787,26.96504,0,False,False
602.9706,0.030823,1.70492,-0.315185,30.67498,158.6571,1.828634,0,0,0,0,0,0,-0.237749,0.795665,-0.394393,48.96577,176.0864,26.97889,0,False,False
602.9818,0.030995,1.704899,-0.315537,30.65246,158.5576,1.855638,0,0,0,0,0,0,-0.237373,0.795912,-0.396337,48.87385,175.9837,26.97004,0,False,False
602.9927,0.031116,1.704972,-0.315781,30.62895,158.4573,1.843803,0,0,0,0,0,0,-0.236991,0.796236,-0.398238,48.77015,175.8941,26.94461,0,False,False
603.0038,0.03121,1.705043,-0.316104,30.60977,158.3652,1.826871,0,0,0,0,0,0,-0.23651,0.796546,-0.400291,48.63634,175.8072,26.90397,0,False,False
603.0152,0.031284,1.705059,-0.316374,30.58058,158.2825,1.803414,0,0,0,0,0,0,-0.236096,0.79696,-0.40236,48.50083,175.7285,26.86756,0,False,False
603.0261,0.03126,1.705124,-0.316657,30.56064,158.1875,1.763999,0,0,0,0,0,0,-0.235613,0.797435,-0.40449,48.32791,175.6541,26.7883,0,False,False
603.0373,0.031274,1.705195,-0.316918,30.54921,158.1263,1.739774,0,0,0,0,0,0,-0.235065,0.797954,-0.406714,48.14288,175.5764,26.69998,0,False,False
603.0485,0.031184,1.705223,-0.317202,30.50885,158.0577,1.707538,0,0,0,0,0,0,-0.234527,0.798504,-0.408996,47.94719,175.4948,26.58822,0,False,False
603.0594,0.031126,1.705283,-0.317472,30.48779,158.0077,1.684302,0,0,0,0,0,0,-0.233926,0.799108,-0.411168,47.74508,175.4176,26.50787,0,False,False
603.0706,0.030979,1.705332,-0.317776,30.45897,157.97,1.657281,0,0,0,0,0,0,-0.233354,0.799662,-0.413432,47.54276,175.3486,26.41501,0,False,False
603.0818,0.030829,1.705381,-0.318068,30.42916,157.9441,1.654028,0,0,0,0,0,0,-0.232638,0.800244,-0.415618,47.34739,175.2922,26.32929,0,False,False
603.0927,0.030635,1.705451,-0.318438,30.39508,157.922,1.636437,0,0,0,0,0,0,-0.23206,0.800723,-0.417673,47.17181,175.2284,26.21715,0,False,False
603.1039,0.030441,1.705503,-0.318789,30.37952,157.9066,1.61405,0,0,0,0,0,0,-0.231297,0.801216,-0.419742,46.99162,175.158,26.09408,0,False,False
603.1151,0.03023,1.705539,-0.319098,30.36051,157.9103,1.60567,0,0,0,0,0,0,-0.230561,0.801812,-0.421937,46.79974,175.0906,25.97989,0,False,False
603.126,0.030024,1.705601,-0.319344,30.33805,157.9302,1.585025,0,0,0,0,0,0,-0.229729,0.80226,-0.423802,46.60184,174.9992,25.84746,0,False,False
603.1382,0.029738,1.705656,-0.319699,30.3125,157.9328,1.561899,0,0,0,0,0,0,-0.228899,0.802836,-0.425753,46.39706,174.919,25.73084,0,False,False
603.1484,0.029462,1.705693,-0.32,30.2962,157.9576,1.539066,0,0,0,0,0,0,-0.228085,0.803326,-0.427566,46.20644,174.828,25.595,0,False,False
603.1595,0.029208,1.705738,-0.320364,30.26704,157.9855,1.524085,0,0,0,0,0,0,-0.22722,0.803896,-0.429409,46.02639,174.7315,25.46346,0,False,False
603.1705,0.028916,1.705802,-0.320706,30.25278,158.0002,1.481335,0,0,0,0,0,0,-0.226369,0.804419,-0.431144,45.84679,174.6321,25.33861,0,False,False
603.1818,0.02861,1.705861,-0.321046,30.23077,158.0285,1.444729,0,0,0,0,0,0,-0.225497,0.804885,-0.432882,45.68845,174.527,25.19283,0,False,False
603.1928,0.028349,1.705936,-0.321372,30.20893,158.0482,1.403894,0,0,0,0,0,0,-0.224584,0.805372,-0.434176,45.54977,174.4194,25.06125,0,False,False
603.2039,0.028079,1.705932,-0.321632,30.19579,158.0753,1.372142,0,0,0,0,0,0,-0.223772,0.805814,-0.435627,45.40915,174.3082,24.9108,0,False,False
603.215,0.02777,1.705963,-0.321914,30.17196,158.0809,1.335403,0,0,0,0,0,0,-0.222858,0.806123,-0.436804,45.27139,174.1842,24.76847,0,False,False
603.2261,0.027496,1.705931,-0.322222,30.1419,158.1102,1.29379,0,0,0,0,0,0,-0.221993,0.806354,-0.437949,45.16104,174.0486,24.6217,0,False,False
603.2372,0.027226,1.705947,-0.322444,30.12405,158.1347,1.256853,0,0,0,0,0,0,-0.221124,0.806562,-0.43895,45.05389,173.9164,24.49485,0,False,False
603.2484,0.02694,1.705968,-0.322696,30.11585,158.1673,1.22846,0,0,0,0,0,0,-0.220289,0.806828,-0.439975,44.94912,173.777,24.36893,0,False,False
603.2595,0.026659,1.705998,-0.32291,30.08878,158.2076,1.199533,0,0,0,0,0,0,-0.219601,0.807059,-0.440917,44.86785,173.6346,24.26366,0,False,False
603.2704,0.026336,1.70598,-0.323188,30.0808,158.2279,1.176142,0,0,0,0,0,0,-0.218773,0.807198,-0.441657,44.77501,173.4822,24.14439,0,False,False
603.2816,0.026043,1.705971,-0.323385,30.07229,158.2551,1.140623,0,0,0,0,0,0,-0.218018,0.807373,-0.442305,44.6851,173.3149,24.01347,0,False,False
603.2928,0.025767,1.705965,-0.323555,30.07457,158.2954,1.123611,0,0,0,0,0,0,-0.217407,0.807461,-0.442861,44.60383,173.172,23.91832,0,False,False
603.3038,0.025534,1.705951,-0.323743,30.05914,158.3391,1.115766,0,0,0,0,0,0,-0.216778,0.807533,-0.443358,44.5362,173.0364,23.81891,0.015686,False,False
603.3149,0.02527,1.705977,-0.323889,30.04961,158.3749,1.11929,0,0,0,0,0,0,-0.216224,0.807534,-0.443539,44.50863,172.919,23.75338,0.023529,False,False
603.326,0.025048,1.706005,-0.324056,30.02098,158.4041,1.118446,0,0,0,0,0,0,-0.21577,0.807563,-0.44374,44.50622,172.7998,23.70037,0.039216,False,False
603.3371,0.024842,1.706093,-0.324214,29.98727,158.4409,1.137919,0,0,0,0,0,0,-0.215411,0.807428,-0.443786,44.52282,172.7054,23.63947,0.05098,False,False
603.3483,0.024603,1.706143,-0.324372,29.95359,158.4564,1.125566,0,0,0,0,0,0,-0.214965,0.807357,-0.443815,44.53205,172.5948,23.56472,0.054902,False,False
603.3593,0.024409,1.706185,-0.324494,29.92846,158.4651,1.117185,0,0,0,0,0,0,-0.214767,0.807212,-0.443738,44.57603,172.523,23.49945,0.07451,False,False
603.3705,0.024186,1.706203,-0.324645,29.89798,158.4752,1.085618,0,0,0,0,0,0,-0.214641,0.807071,-0.44358,44.59668,172.4691,23.44417,0.086275,False,False
603.3816,0.024012,1.706221,-0.324756,29.85188,158.4789,1.067206,0,0,0,0,0,0,-0.214587,0.806918,-0.443337,44.62582,172.4077,23.35874,0.113726,False,False
603.3927,0.023852,1.706269,-0.32488,29.83392,158.4885,1.038115,0,0,0,0,0,0,-0.214574,0.806732,-0.443052,44.65909,172.3431,23.27046,0.152941,False,False
603.4037,0.023687,1.706246,-0.325033,29.81812,158.5096,1.039238,0,0,0,0,0,0,-0.21461,0.806535,-0.44279,44.69729,172.3045,23.20623,0.180392,False,False
603.4148,0.023546,1.706233,-0.325148,29.80558,158.5184,1.033653,0,0,0,0,0,0,-0.214671,0.806218,-0.442389,44.76693,172.2834,23.1736,0.192157,False,False
603.426,0.023391,1.706266,-0.325231,29.79049,158.519,1.029848,0,0,0,0,0,0,-0.214953,0.805948,-0.441991,44.86446,172.295,23.16886,0.227451,False,False
603.4371,0.023241,1.706265,-0.325315,29.76186,158.5304,1.029969,0,0,0,0,0,0,-0.215169,0.805616,-0.441409,44.96415,172.3042,23.18505,0.25098,False,True
603.4482,0.023067,1.706261,-0.325434,29.74069,158.5505,1.022014,0,0,0,0,0,0,-0.215541,0.805284,-0.440934,45.04628,172.3248,23.21643,0.317647,False,True
603.4593,0.022942,1.70626,-0.325512,29.7188,158.5676,1.016784,0,0,0,0,0,0,-0.215968,0.805064,-0.440215,45.08809,172.3201,23.21877,0.345098,False,True
603.4705,0.022797,1.706231,-0.32558,29.70422,158.5963,1.027751,0,0,0,0,0,0,-0.216233,0.804744,-0.439644,45.11935,172.3157,23.2291,0.439216,False,True
603.4815,0.022667,1.706231,-0.325618,29.70227,158.6335,1.029284,0,0,0,0,0,0,-0.216678,0.804513,-0.43906,45.14313,172.3278,23.25183,0.564706,False,True
603.4926,0.022539,1.706213,-0.325697,29.70176,158.6564,1.020682,0,0,0,0,0,0,-0.217009,0.804442,-0.438616,45.15265,172.3496,23.28976,0.709804,False,True
603.5037,0.022428,1.706215,-0.325741,29.69823,158.7019,1.036157,0,0,0,0,0,0,-0.217521,0.804294,-0.438076,45.16964,172.3658,23.34081,0.901961,False,True
603.5148,0.022245,1.706194,-0.325842,29.70063,158.7111,1.024221,0,0,0,0,0,0,-0.218043,0.804204,-0.437511,45.15932,172.3784,23.41612,1,False,True
603.5261,0.022158,1.706214,-0.325948,29.68695,158.7418,1.040881,0,0,0,0,0,0,-0.218645,0.804084,-0.437001,45.17232,172.4156,23.50601,1,False,True
603.537,0.022039,1.706216,-0.325992,29.68455,158.7775,1.061308,0,0,0,0,0,0,-0.219115,0.803976,-0.436446,45.18049,172.4619,23.52399,1,False,True
603.5482,0.021921,1.70622,-0.32605,29.68257,158.8101,1.063984,0,0,0,0,0,0,-0.21961,0.803804,-0.435886,45.23515,172.4399,23.48483,1,False,True
603.5593,0.021785,1.706213,-0.326085,29.67011,158.852,1.067727,0,0,0,0,0,0,-0.220006,0.803714,-0.435374,45.28935,172.4166,23.4079,1,False,True
603.5705,0.021638,1.706205,-0.326152,29.66331,158.8929,1.058243,0,0,0,0,0,0,-0.220681,0.803289,-0.43482,45.39275,172.4207,23.28469,1,False,True
603.5815,0.021481,1.706214,-0.326191,29.6602,158.9351,1.059861,0,0,0,0,0,0,-0.221366,0.803044,-0.434274,45.50758,172.4774,23.26048,1,False,True
603.5927,0.021389,1.706232,-0.32617,29.66185,158.9891,1.055712,0,0,0,0,0,0,-0.222144,0.802762,-0.433518,45.60284,172.5819,23.31941,1,False,True
603.6039,0.021272,1.70625,-0.326215,29.66184,159.0434,1.046193,0,0,0,0,0,0,-0.222907,0.802527,-0.432981,45.70158,172.7186,23.39214,1,False,True
603.615,0.021101,1.706258,-0.326296,29.66395,159.0896,1.047214,0,0,0,0,0,0,-0.223689,0.802224,-0.432473,45.79286,172.8372,23.40819,1,False,True
603.6261,0.020977,1.706249,-0.326361,29.67534,159.1382,1.055252,0,0,0,0,0,0,-0.224659,0.80192,-0.431931,45.88321,172.9849,23.40736,1,False,True
603.637,0.020799,1.706193,-0.326429,29.68534,159.1951,1.059186,0,0,0,0,0,0,-0.225483,0.801639,-0.431432,45.9632,173.1425,23.42334,1,False,True
603.6482,0.020667,1.706116,-0.326488,29.69944,159.2548,1.068775,0,0,0,0,0,0,-0.226459,0.801357,-0.431093,46.05686,173.4009,23.47613,1,False,True
603.6592,0.020508,1.706097,-0.326547,29.7255,159.3179,1.074737,0,0,0,0,0,0,-0.227424,0.801073,-0.430633,46.15115,173.6475,23.54688,1,False,True
603.6703,0.020299,1.706002,-0.326627,29.74984,159.3675,1.060061,0,0,0,0,0,0,-0.228292,0.800915,-0.430261,46.19999,173.9627,23.67205,0.847059,False,True
603.6815,0.020146,1.705934,-0.326699,29.78386,159.4396,1.070761,0,0,0,0,0,0,-0.229322,0.800769,-0.429854,46.1997,174.2857,23.87059,0.584314,False,True
603.6925,0.019979,1.705873,-0.326743,29.82026,159.5043,1.068542,0,0,0,0,0,0,-0.230298,0.800755,-0.42956,46.17267,174.6299,24.08515,0.466667,False,True
603.7036,0.019828,1.7058,-0.326771,29.84484,159.5726,1.061391,0,0,0,0,0,0,-0.231373,0.800616,-0.429336,46.15278,175.0145,24.32047,0.215686,False,True
603.7149,0.019652,1.705772,-0.326802,29.87707,159.6362,1.060274,0,0,0,0,0,0,-0.232366,0.800568,-0.42905,46.15576,175.3575,24.52941,0.027451,False,False
603.7258,0.019511,1.705717,-0.326912,29.90834,159.6905,1.071339,0,0,0,0,0,0,-0.233465,0.800207,-0.42878,46.19569,175.7202,24.65624,0,False,False
603.737,0.019381,1.705602,-0.32695,29.93497,159.7457,1.066158,0,0,0,0,0,0,-0.234394,0.799928,-0.428474,46.25482,176.0019,24.72475,0,False,False
603.7482,0.019244,1.705521,-0.326979,29.96334,159.7978,1.053772,0,0,0,0,0,0,-0.235331,0.799689,-0.428039,46.30056,176.3311,24.83781,0,False,False
603.7592,0.019113,1.705526,-0.327017,29.9975,159.8518,1.059729,0,0,0,0,0,0,-0.236224,0.799498,-0.427472,46.35622,176.6377,25.00236,0,False,False
603.7703,0.019008,1.70545,-0.327016,30.01964,159.881,1.042419,0,0,0,0,0,0,-0.237082,0.799295,-0.42701,46.40924,176.9208,25.14,0,False,False
603.7814,0.01889,1.705392,-0.327087,30.05482,159.9388,1.043653,0,0,0,0,0,0,-0.237815,0.799101,-0.426494,46.45766,177.1284,25.22649,0,False,False
603.7925,0.018773,1.705268,-0.327098,30.08535,159.9655,1.024805,0,0,0,0,0,0,-0.238437,0.799031,-0.426002,46.5216,177.2971,25.28805,0,False,False
603.8038,0.018651,1.705181,-0.32713,30.10844,160.012,1.021557,0,0,0,0,0,0,-0.23898,0.798853,-0.425537,46.58528,177.4571,25.36528,0,False,False
603.8149,0.018562,1.705124,-0.327143,30.14749,160.0598,1.011089,0,0,0,0,0,0,-0.239466,0.798613,-0.424826,46.68208,177.5492,25.41703,0,False,False
603.8259,0.018468,1.70504,-0.327149,30.1662,160.0929,1.025914,0,0,0,0,0,0,-0.239809,0.798464,-0.424258,46.77634,177.6119,25.45054,0,False,False
603.8369,0.018327,1.704929,-0.327211,30.19039,160.1261,1.019007,0,0,0,0,0,0,-0.240186,0.798275,-0.423572,46.86209,177.6305,25.45018,0,False,False
603.8482,0.01822,1.704831,-0.327211,30.21629,160.1667,1.036047,0,0,0,0,0,0,-0.240568,0.798101,-0.422863,46.94862,177.6542,25.4445,0,False,False
603.8591,0.018142,1.704761,-0.327238,30.23116,160.1969,1.047196,0,0,0,0,0,0,-0.24072,0.797991,-0.422111,47.01771,177.5967,25.43264,0,False,False
603.8702,0.01812,1.704826,-0.327346,30.25374,160.2239,1.047098,0,0,0,0,0,0,-0.240848,0.797885,-0.421416,47.0841,177.5902,25.4858,0,False,False
603.8814,0.018106,1.704739,-0.327338,30.27269,160.2436,1.064024,0,0,0,0,0,0,-0.241051,0.797724,-0.42075,47.13938,177.5678,25.58262,0,False,False
603.8926,0.018106,1.704755,-0.327371,30.29451,160.2621,1.07473,0,0,0,0,0,0,-0.241184,0.797353,-0.420078,47.18827,177.5672,25.63673,0,False,False
603.9036,0.018055,1.704755,-0.327331,30.31356,160.2642,1.078032,0,0,0,0,0,0,-0.24138,0.797185,-0.41943,47.24029,177.5478,25.67269,0,False,False
603.9147,0.018038,1.704711,-0.327361,30.3317,160.2623,1.092515,0,0,0,0,0,0,-0.241609,0.797069,-0.418831,47.27299,177.5628,25.7444,0,False,False
603.9258,0.018016,1.704718,-0.327333,30.34953,160.2545,1.111017,0,0,0,0,0,0,-0.241887,0.796895,-0.418292,47.32171,177.5952,25.78809,0,False,False
603.937,0.017993,1.704688,-0.327296,30.3661,160.2358,1.129042,0,0,0,0,0,0,-0.242138,0.796784,-0.417719,47.37149,177.6243,25.80717,0,False,False
603.948,0.017942,1.704614,-0.32721,30.37629,160.1986,1.138749,0,0,0,0,0,0,-0.242296,0.796555,-0.417113,47.42656,177.6382,25.79106,0,False,False
603.959,0.017922,1.704572,-0.32727,30.40057,160.174,1.143478,0,0,0,0,0,0,-0.242639,0.796366,-0.416444,47.46455,177.6562,25.79614,0,False,False
603.9703,0.017906,1.704539,-0.327314,30.4145,160.1392,1.129001,0,0,0,0,0,0,-0.24291,0.796251,-0.41592,47.54044,177.6625,25.78955,0,False,False
603.9814,0.017911,1.704452,-0.327307,30.43929,160.1127,1.13767,0,0,0,0,0,0,-0.243159,0.796138,-0.415433,47.60479,177.6491,25.78026,0,False,False
603.9924,0.017864,1.704414,-0.327299,30.45611,160.0849,1.116269,0,0,0,0,0,0,-0.243286,0.796106,-0.414921,47.67647,177.6224,25.78736,0,False,False
604.0036,0.017864,1.704385,-0.327284,30.47013,160.0652,1.132411,0,0,0,0,0,0,-0.243432,0.795992,-0.414389,47.73814,177.5938,25.79969,0,False,False
604.0147,0.017903,1.70428,-0.327238,30.4936,160.0422,1.148008,0,0,0,0,0,0,-0.243439,0.796009,-0.413922,47.79039,177.5524,25.82753,0,False,False
604.0257,0.017853,1.704221,-0.327138,30.50653,160.0124,1.183593,0,0,0,0,0,0,-0.243574,0.795897,-0.413477,47.83238,177.5174,25.85627,0,False,False
604.037,0.017907,1.704133,-0.327026,30.51967,160.0008,1.21502,0,0,0,0,0,0,-0.243701,0.795787,-0.413161,47.8612,177.4865,25.88954,0,False,False
604.0481,0.017914,1.704125,-0.326915,30.53697,159.9816,1.232232,0,0,0,0,0,0,-0.243892,0.795744,-0.412914,47.89171,177.4639,25.93009,0,False,False
604.059,0.017919,1.704058,-0.326843,30.55646,159.9509,1.25373,0,0,0,0,0,0,-0.244083,0.795593,-0.412601,47.91936,177.445,25.95875,0,False,False
604.0701,0.017924,1.704048,-0.326765,30.57957,159.9371,1.264301,0,0,0,0,0,0,-0.244214,0.795671,-0.412484,47.9392,177.4264,25.98452,0,False,False
604.0814,0.017921,1.703962,-0.326706,30.58405,159.9174,1.269152,0,0,0,0,0,0,-0.244471,0.795722,-0.412392,47.94405,177.4263,26.02401,0,False,False
604.0923,0.017921,1.703868,-0.326616,30.59378,159.9016,1.287673,0,0,0,0,0,0,-0.244649,0.795775,-0.412253,47.95611,177.4219,26.06418,0,False,False
604.1035,0.017905,1.703817,-0.326558,30.61063,159.8601,1.299264,0,0,0,0,0,0,-0.244899,0.795858,-0.412185,47.96385,177.4209,26.08759,0,False,False
604.1146,0.017859,1.703798,-0.326491,30.63454,159.8402,1.312955,0,0,0,0,0,0,-0.245232,0.795838,-0.412094,47.97503,177.424,26.13618,0,False,False
604.1257,0.017852,1.703737,-0.326385,30.6594,159.806,1.332372,0,0,0,0,0,0,-0.245567,0.795844,-0.412,47.99733,177.4163,26.17671,0,False,False
604.1368,0.017883,1.703632,-0.326317,30.68111,159.7595,1.348047,0,0,0,0,0,0,-0.245769,0.795843,-0.411968,48.01985,177.3919,26.19759,0,False,False
604.1479,0.017901,1.703547,-0.32623,30.69689,159.7183,1.369414,0,0,0,0,0,0,-0.245973,0.795984,-0.412011,48.02513,177.3684,26.21328,0,False,False
604.1589,0.017951,1.70347,-0.326119,30.71867,159.6835,1.375524,0,0,0,0,0,0,-0.246193,0.796042,-0.412023,48.03044,177.3325,26.23096,0,False,False
604.1702,0.017975,1.703376,-0.326042,30.74501,159.6395,1.36278,0,0,0,0,0,0,-0.246524,0.796206,-0.41217,48.02226,177.2919,26.23784,0,False,False
604.1813,0.018019,1.703277,-0.325964,30.76876,159.598,1.3379,0,0,0,0,0,0,-0.246848,0.796266,-0.412213,48.00353,177.2461,26.25643,0,False,False
604.1932,0.018059,1.703168,-0.325843,30.78097,159.5555,1.33407,0,0,0,0,0,0,-0.247168,0.796398,-0.412407,47.99635,177.2025,26.29801,0,False,False
604.2036,0.018152,1.70305,-0.325704,30.80656,159.518,1.337438,0,0,0,0,0,0,-0.247547,0.796542,-0.412626,47.97573,177.1874,26.36247,0,False,False
604.2145,0.018237,1.702947,-0.325584,30.83601,159.4868,1.334059,0,0,0,0,0,0,-0.24788,0.796665,-0.412784,47.96767,177.1684,26.41774,0,False,False
604.2256,0.018343,1.702769,-0.325497,30.85523,159.4422,1.353863,0,0,0,0,0,0,-0.248192,0.796807,-0.413018,47.96161,177.1645,26.46628,0,False,False
604.2369,0.018436,1.702648,-0.325414,30.86488,159.4001,1.372134,0,0,0,0,0,0,-0.248617,0.797011,-0.413302,47.95294,177.1812,26.51553,0,False,False
604.248,0.018592,1.702556,-0.325361,30.89383,159.3453,1.387913,0,0,0,0,0,0,-0.248949,0.797127,-0.413473,47.93568,177.1984,26.55402,0,False,False
604.259,0.018759,1.702444,-0.325281,30.90225,159.2897,1.406317,0,0,0,0,0,0,-0.2495,0.79728,-0.413811,47.91047,177.2679,26.62578,0,False,False
604.2701,0.018923,1.702332,-0.325269,30.92549,159.227,1.410932,0,0,0,0,0,0,-0.250045,0.797492,-0.4142,47.8865,177.3092,26.68441,0,False,False
604.2813,0.019167,1.702182,-0.325194,30.93697,159.1739,1.432379,0,0,0,0,0,0,-0.250571,0.797678,-0.414512,47.85654,177.3515,26.73879,0,False,False
604.2924,0.019366,1.702022,-0.325102,30.95749,159.1099,1.437827,0,0,0,0,0,0,-0.251021,0.797825,-0.414826,47.82626,177.3829,26.79081,0,False,False
604.3034,0.019649,1.701841,-0.325014,30.9815,159.0449,1.448827,0,0,0,0,0,0,-0.251468,0.797883,-0.414979,47.80001,177.3997,26.84761,0,False,False
604.3145,0.019971,1.701713,-0.32487,31.00529,158.9764,1.478626,0,0,0,0,0,0,-0.251862,0.797947,-0.415169,47.78958,177.4039,26.91847,0,False,False
604.3257,0.020286,1.701568,-0.324701,31.02261,158.9149,1.521955,0,0,0,0,0,0,-0.252324,0.798081,-0.415404,47.78168,177.3877,26.98832,0,False,False
604.3367,0.020609,1.701439,-0.324657,31.06958,158.8525,1.571356,0,0,0,0,0,0,-0.25258,0.798261,-0.415642,47.77254,177.3748,27.08536,0,False,False
604.348,0.020993,1.70131,-0.324547,31.07487,158.7931,1.639144,0,0,0,0,0,0,-0.25307,0.798376,-0.41601,47.76468,177.3694,27.18711,0,False,False
604.3588,0.021432,1.701174,-0.324415,31.08467,158.7347,1.708319,0,0,0,0,0,0,-0.253465,0.798488,-0.416323,47.77111,177.3684,27.31035,0,False,False
604.37,0.021836,1.701069,-0.324301,31.10055,158.664,1.783145,0,0,0,0,0,0,-0.253816,0.798563,-0.41653,47.80413,177.3746,27.42531,0,False,False
604.3813,0.022329,1.700973,-0.324162,31.12213,158.6064,1.852471,0,0,0,0,0,0,-0.254241,0.798565,-0.416787,47.83841,177.386,27.52466,0,False,False
604.3923,0.022871,1.700854,-0.323991,31.13489,158.5414,1.925916,0,0,0,0,0,0,-0.25471,0.79864,-0.417059,47.85737,177.427,27.64977,0,False,False
604.4034,0.023462,1.700782,-0.323884,31.14949,158.4734,1.983379,0,0,0,0,0,0,-0.255138,0.798644,-0.417311,47.89925,177.4729,27.74858,0,False,False
604.4145,0.024039,1.700712,-0.3238,31.15978,158.3926,2.041283,0,0,0,0,0,0,-0.25558,0.798644,-0.417527,47.94185,177.5318,27.84954,0,False,False
604.4256,0.024636,1.700661,-0.323685,31.16784,158.3052,2.087762,0,0,0,0,0,0,-0.256055,0.798734,-0.417833,47.97017,177.5919,27.96458,0,False,False
604.4367,0.025196,1.700547,-0.323635,31.15079,158.2124,2.126173,0,0,0,0,0,0,-0.256562,0.79868,-0.418008,47.98249,177.6343,28.08683,0,False,False
604.4478,0.025807,1.700468,-0.323542,31.1435,158.1164,2.170671,0,0,0,0,0,0,-0.257012,0.79878,-0.418349,47.99448,177.6809,28.22172,0,False,False
604.4588,0.02642,1.700433,-0.32348,31.13419,158.0214,2.218586,0,0,0,0,0,0,-0.257453,0.798886,-0.418749,48.01081,177.7261,28.34591,0,False,False
604.4701,0.027043,1.700404,-0.3234,31.13156,157.943,2.26739,0,0,0,0,0,0,-0.257859,0.79898,-0.419157,48.01985,177.7642,28.44946,0,False,False
604.4811,0.027683,1.700429,-0.323375,31.14754,157.8679,2.330177,0,0,0,0,0,0,-0.258327,0.799143,-0.41963,48.00473,177.8345,28.52593,0,False,False
604.4923,0.028389,1.700476,-0.323379,31.15374,157.8172,2.397404,0,0,0,0,0,0,-0.258765,0.799334,-0.42022,47.98053,177.9328,28.63097,0,False,False
604.5035,0.029036,1.700546,-0.323446,31.15136,157.7537,2.458112,0,0,0,0,0,0,-0.259162,0.799573,-0.42074,47.95969,178.023,28.73775,0,False,False
604.5144,0.029675,1.700629,-0.323491,31.15084,157.7188,2.522717,0,0,0,0,0,0,-0.259419,0.799897,-0.421283,47.93518,178.1476,28.88329,0,False,False
604.5256,0.030357,1.700695,-0.323503,31.15603,157.6855,2.602263,0,0,0,0,0,0,-0.259738,0.800154,-0.421739,47.90956,178.2599,29.00081,0,False,False
604.5367,0.030987,1.700808,-0.323569,31.16833,157.643,2.671445,0,0,0,0,0,0,-0.259941,0.800456,-0.422262,47.90282,178.3887,29.11685,0,False,False
604.5477,0.031611,1.700937,-0.323594,31.19731,157.6022,2.741409,0,0,0,0,0,0,-0.260171,0.800783,-0.422762,47.88443,178.4833,29.18442,0,False,False
604.5589,0.032189,1.701053,-0.323625,31.22536,157.5608,2.785013,0,0,0,0,0,0,-0.260298,0.801209,-0.423327,47.85665,178.5957,29.21831,0,False,False
604.5699,0.032717,1.70121,-0.323642,31.24622,157.5105,2.81935,0,0,0,0,0,0,-0.260533,0.801691,-0.423955,47.81914,178.703,29.26641,0,False,False
604.5812,0.033263,1.701328,-0.323666,31.26549,157.4808,2.862388,0,0,0,0,0,0,-0.260658,0.802164,-0.424518,47.78486,178.7991,29.2729,0,False,False
604.5922,0.033756,1.701407,-0.323795,31.26951,157.451,2.903494,0,0,0,0,0,0,-0.260627,0.802612,-0.425163,47.73437,178.8909,29.27624,0,False,False
604.6032,0.034325,1.701488,-0.323883,31.26596,157.4363,2.959894,0,0,0,0,0,0,-0.260576,0.803092,-0.425767,47.6799,178.9845,29.28897,0,False,False
604.6145,0.034855,1.701604,-0.324007,31.26566,157.4139,2.999236,0,0,0,0,0,0,-0.260365,0.803498,-0.426487,47.59609,179.0378,29.25043,0,False,False
604.6255,0.035297,1.701635,-0.324168,31.21407,157.3969,3.048395,0,0,0,0,0,0,-0.260146,0.803912,-0.427242,47.52584,179.071,29.21061,0,False,False
604.6365,0.035744,1.701724,-0.324317,31.18535,157.3741,3.102579,0,0,0,0,0,0,-0.259802,0.804288,-0.427978,47.44169,179.0599,29.14573,0,False,False
604.6479,0.036215,1.701754,-0.324499,31.16463,157.3683,3.154131,0,0,0,0,0,0,-0.259318,0.804688,-0.428718,47.34922,179.0299,29.0867,0,False,False
604.6589,0.036622,1.701819,-0.324685,31.13743,157.3564,3.210936,0,0,0,0,0,0,-0.258926,0.805005,-0.42941,47.27174,178.9987,29.04754,0,False,False
604.6702,0.037001,1.701965,-0.324886,31.12712,157.357,3.25026,0,0,0,0,0,0,-0.258354,0.805312,-0.430124,47.19925,178.9095,29.00061,0,False,False
604.6812,0.03739,1.702139,-0.325133,31.11481,157.3687,3.302124,0,0,0,0,0,0,-0.257717,0.805515,-0.430628,47.1489,178.8103,28.96315,0,False,False
604.6922,0.037756,1.702335,-0.32545,31.06171,157.391,3.358341,0,0,0,0,0,0,-0.25714,0.805697,-0.431197,47.11502,178.684,28.89366,0,False,False
604.7033,0.03814,1.702562,-0.325831,30.96457,157.4045,3.423503,0,0,0,0,0,0,-0.256641,0.805906,-0.431803,47.08417,178.5803,28.81754,0,False,False
604.7144,0.038465,1.702785,-0.326248,30.85812,157.426,3.469367,0,0,0,0,0,0,-0.256055,0.806169,-0.432303,47.06098,178.5003,28.72808,0,False,False
604.7256,0.03877,1.702955,-0.326655,30.75463,157.4441,3.538384,0,0,0,0,0,0,-0.255568,0.806251,-0.432841,47.01342,178.4792,28.69547,0,False,False
604.7366,0.039029,1.703124,-0.327103,30.66353,157.4805,3.601074,0,0,0,0,0,0,-0.255143,0.806459,-0.433416,46.94772,178.4927,28.6811,0,False,False
604.7476,0.039273,1.70323,-0.327512,30.592,157.5192,3.661411,0,0,0,0,0,0,-0.254684,0.806617,-0.433996,46.86535,178.5438,28.66615,0,False,False
604.7587,0.039492,1.703313,-0.327889,30.53452,157.524,3.695407,0,0,0,0,0,0,-0.254231,0.806886,-0.434675,46.78455,178.59,28.63629,0,False,False
604.77,0.039684,1.703328,-0.328231,30.51817,157.5509,3.714878,0,0,0,0,0,0,-0.253859,0.807023,-0.435245,46.6976,178.6888,28.60377,0,False,False
604.781,0.039909,1.703299,-0.328543,30.53074,157.5751,3.73016,0,0,0,0,0,0,-0.253464,0.807105,-0.435845,46.61917,178.7784,28.56125,0,False,False
604.7921,0.040044,1.703164,-0.328789,30.60816,157.5767,3.718828,0,0,0,0,0,0,-0.253023,0.807179,-0.436363,46.55606,178.818,28.47936,0,False,False
604.8032,0.040153,1.702958,-0.328967,30.71883,157.5986,3.707185,0,0,0,0,0,0,-0.252486,0.807171,-0.436761,46.49295,178.8399,28.39485,0,False,False
604.8143,0.040224,1.702648,-0.329165,30.85582,157.6053,3.672491,0,0,0,0,0,0,-0.251957,0.807248,-0.43714,46.43176,178.8133,28.31595,0,False,False
604.8254,0.040333,1.702437,-0.329338,30.96192,157.6022,3.650601,0,0,0,0,0,0,-0.251381,0.807282,-0.437345,46.37595,178.7859,28.28887,0,False,False
604.8365,0.040472,1.702247,-0.329624,31.03643,157.5847,3.603432,0,0,0,0,0,0,-0.250913,0.80735,-0.437485,46.33574,178.7635,28.27373,0,False,False
604.8476,0.040629,1.702196,-0.329977,31.05215,157.5655,3.573298,0,0,0,0,0,0,-0.250283,0.807224,-0.437461,46.34008,178.6932,28.28085,0,False,False
604.8588,0.040773,1.702169,-0.330421,31.04222,157.5506,3.53974,0,0,0,0,0,0,-0.249605,0.806914,-0.437431,46.39911,178.5989,28.27363,0,False,False
604.87,0.040972,1.702296,-0.330885,30.96381,157.546,3.502703,0,0,0,0,0,0,-0.248834,0.806609,-0.437266,46.49414,178.4633,28.23033,0,False,False
604.881,0.041147,1.702437,-0.331329,30.86529,157.5399,3.483815,0,0,0,0,0,0,-0.248112,0.806314,-0.437051,46.59686,178.3201,28.15819,0,False,False
604.8922,0.041271,1.702388,-0.331683,30.80159,157.5533,3.466557,0,0,0,0,0,0,-0.247456,0.80603,-0.436881,46.67286,178.1998,28.08763,0,False,False
604.9032,0.041356,1.70232,-0.331968,30.80302,157.5859,3.472566,0,0,0,0,0,0,-0.246894,0.805737,-0.436651,46.73525,178.1249,28.0296,0,False,False
604.9144,0.041419,1.702234,-0.332217,30.83653,157.6123,3.477045,0,0,0,0,0,0,-0.246325,0.805542,-0.436487,46.75714,178.0797,28.00744,0,False,False
604.9253,0.041445,1.702092,-0.332433,30.90143,157.6555,3.501227,0,0,0,0,0,0,-0.24585,0.805391,-0.43631,46.76633,178.0709,28.00134,0,False,False
604.9366,0.041517,1.70201,-0.332635,30.96217,157.6965,3.541057,0,0,0,0,0,0,-0.245358,0.805162,-0.436074,46.78325,178.0553,28.00233,0,False,False
604.9476,0.041567,1.701898,-0.332877,30.99795,157.7275,3.585982,0,0,0,0,0,0,-0.244834,0.805025,-0.435643,46.80574,178.0512,27.99752,0,False,False
604.9587,0.041646,1.701869,-0.333063,31.03537,157.753,3.616737,0,0,0,0,0,0,-0.244396,0.804677,-0.435231,46.83576,178.0222,27.97925,0,False,False
604.9699,0.041723,1.701921,-0.33331,31.06849,157.7758,3.643006,0,0,0,0,0,0,-0.243891,0.804516,-0.434874,46.87568,177.9583,27.9404,0,False,False
604.981,0.041765,1.701929,-0.333519,31.07655,157.7921,3.681305,0,0,0,0,0,0,-0.243422,0.804403,-0.43453,46.92827,177.8618,27.88056,0,False,False
604.992,0.041836,1.701929,-0.333684,31.07861,157.8133,3.727411,0,0,0,0,0,0,-0.242952,0.804283,-0.434184,46.98011,177.7675,27.8248,0,False,False
605.0032,0.041913,1.701902,-0.333886,31.07685,157.8334,3.774868,0,0,0,0,0,0,-0.242507,0.804131,-0.433791,47.03617,177.653,27.75457,0,False,False
605.0142,0.042,1.701861,-0.334035,31.05947,157.8405,3.812764,0,0,0,0,0,0,-0.242151,0.803901,-0.433376,47.10315,177.5252,27.69878,0,False,False
605.0253,0.042095,1.70179,-0.334127,31.06353,157.8426,3.868486,0,0,0,0,0,0,-0.241815,0.803554,-0.432869,47.18804,177.394,27.66637,0,False,False
605.0364,0.042177,1.701725,-0.334258,31.09125,157.8168,3.907542,0,0,0,0,0,0,-0.241423,0.803272,-0.432375,47.27158,177.2359,27.63542,0,False,False
605.0475,0.042289,1.701642,-0.33441,31.12405,157.7878,3.962146,0,0,0,0,0,0,-0.241073,0.802989,-0.431929,47.34286,177.0761,27.60377,0,False,False
605.0586,0.042432,1.701575,-0.334581,31.13218,157.7381,4.006238,0,0,0,0,0,0,-0.240881,0.802518,-0.431535,47.40783,176.9321,27.60758,0,False,False
605.0699,0.042566,1.701534,-0.334716,31.16543,157.6679,4.018226,0,0,0,0,0,0,-0.240626,0.802257,-0.431204,47.46656,176.8172,27.65131,0,False,False
605.0809,0.042785,1.701447,-0.334883,31.18652,157.5885,4.016556,0,0,0,0,0,0,-0.240572,0.801922,-0.430874,47.50803,176.7117,27.70129,0,False,False
605.092,0.042957,1.701462,-0.335054,31.19384,157.4781,4.003534,0,0,0,0,0,0,-0.240486,0.801576,-0.430486,47.56744,176.6261,27.76269,0,False,False
605.1031,0.043181,1.70148,-0.33542,31.13269,157.3608,3.991396,0,0,0,0,0,0,-0.240601,0.801195,-0.430083,47.65501,176.5737,27.85093,0,False,False
605.1142,0.04337,1.701562,-0.33576,31.03955,157.2337,3.97304,0,0,0,0,0,0,-0.240794,0.800708,-0.429738,47.76874,176.553,27.96412,0,False,False
605.1252,0.043616,1.701666,-0.336112,30.92673,157.1127,3.956208,0,0,0,0,0,0,-0.24105,0.800171,-0.429384,47.89584,176.5677,28.09135,0,False,False
605.1365,0.043755,1.701662,-0.336399,30.84851,156.9997,3.928548,0,0,0,0,0,0,-0.241444,0.799742,-0.429108,48.00585,176.6448,28.2258,0,False,False
605.1475,0.043884,1.701622,-0.336591,30.84719,156.9147,3.916772,0,0,0,0,0,0,-0.24195,0.799495,-0.429013,48.07379,176.8238,28.36624,0,False,False
605.1586,0.043954,1.70151,-0.336758,30.90524,156.8369,3.904628,0,0,0,0,0,0,-0.242417,0.799297,-0.428904,48.14513,176.9673,28.48078,0,False,False
605.1697,0.044079,1.701399,-0.336855,30.99072,156.7869,3.879891,0,0,0,0,0,0,-0.243014,0.799079,-0.428877,48.1883,177.1524,28.56656,0,False,False
605.1808,0.044138,1.701287,-0.33693,31.04331,156.753,3.871553,0,0,0,0,0,0,-0.243406,0.798919,-0.428826,48.24615,177.288,28.62982,0,False,False
605.1919,0.044197,1.701181,-0.337069,31.07889,156.7196,3.865052,0,0,0,0,0,0,-0.243775,0.798771,-0.428731,48.31239,177.3874,28.691,0,False,False
605.2031,0.044241,1.701124,-0.337157,31.11473,156.7113,3.854733,0,0,0,0,0,0,-0.244038,0.7987,-0.428778,48.34754,177.4294,28.75041,0,False,False
605.2142,0.044274,1.701065,-0.337192,31.16596,156.6925,3.859146,0,0,0,0,0,0,-0.244138,0.798655,-0.428762,48.40026,177.4326,28.83023,0,False,False
605.2254,0.044336,1.700964,-0.337253,31.1979,156.7124,3.902874,0,0,0,0,0,0,-0.244377,0.798558,-0.428781,48.4454,177.4139,28.91289,0,False,False
605.2363,0.044423,1.700938,-0.33725,31.23068,156.6977,3.949356,0,0,0,0,0,0,-0.244439,0.798506,-0.42885,48.4919,177.3429,28.95223,0,False,False
605.2475,0.044484,1.700894,-0.337247,31.26144,156.6959,3.983563,0,0,0,0,0,0,-0.244635,0.79844,-0.428981,48.54154,177.2977,29.00339,0,False,False
605.2585,0.044558,1.700879,-0.337273,31.28074,156.6794,4.028936,0,0,0,0,0,0,-0.244599,0.79849,-0.429096,48.56549,177.182,29.00092,0,False,False
605.2697,0.044655,1.700856,-0.337344,31.28696,156.6584,4.07429,0,0,0,0,0,0,-0.244523,0.798444,-0.429292,48.58939,177.0579,28.96358,0,False,False
605.2809,0.044787,1.700877,-0.337407,31.27893,156.6106,4.119833,0,0,0,0,0,0,-0.24447,0.798392,-0.429458,48.58025,176.9388,28.95182,0,False,False
605.2918,0.044924,1.700922,-0.337464,31.28318,156.5554,4.16362,0,0,0,0,0,0,-0.24432,0.798269,-0.429579,48.58778,176.8063,28.95037,0,False,False
605.303,0.0451,1.700937,-0.337541,31.24954,156.49,4.20091,0,0,0,0,0,0,-0.244228,0.79813,-0.429772,48.60881,176.6652,28.98306,0,False,False
605.3141,0.045291,1.70095,-0.33769,31.22423,156.3871,4.21581,0,0,0,0,0,0,-0.244181,0.797901,-0.429945,48.6537,176.5358,29.0325,0,False,False
605.3252,0.045472,1.70098,-0.33779,31.20583,156.2889,4.24189,0,0,0,0,0,0,-0.244121,0.797739,-0.430219,48.7349,176.4066,29.11417,0,False,False
605.3364,0.045707,1.701012,-0.33789,31.15117,156.171,4.25792,0,0,0,0,0,0,-0.24407,0.797414,-0.430357,48.83069,176.3127,29.21463,0,False,False
605.3475,0.045952,1.701107,-0.338132,31.07213,156.029,4.25486,0,0,0,0,0,0,-0.244049,0.797254,-0.430686,48.92886,176.243,29.30003,0,False,False
605.3585,0.046182,1.701189,-0.338343,30.9998,155.8759,4.234719,0,0,0,0,0,0,-0.244034,0.796959,-0.430954,49.01332,176.2181,29.38989,0,False,False
605.3697,0.046442,1.701226,-0.33855,30.92866,155.7101,4.195577,0,0,0,0,0,0,-0.244019,0.796653,-0.43134,49.07214,176.2435,29.45726,0,False,False
605.3807,0.046668,1.701246,-0.338679,30.90414,155.5694,4.164168,0,0,0,0,0,0,-0.243996,0.796467,-0.431799,49.10728,176.258,29.51288,0,False,False
605.3919,0.046921,1.701189,-0.338767,30.9099,155.4168,4.106993,0,0,0,0,0,0,-0.243906,0.796323,-0.432372,49.09391,176.3248,29.56523,0,False,False
605.403,0.047146,1.701125,-0.338781,30.95765,155.2803,4.052524,0,0,0,0,0,0,-0.243802,0.796297,-0.432914,49.0894,176.3326,29.61283,0,False,False
605.414,0.0473,1.700981,-0.33875,31.04347,155.1607,3.980143,0,0,0,0,0,0,-0.24347,0.796365,-0.433524,49.05071,176.3213,29.63736,0,False,False
605.4252,0.047398,1.700786,-0.338768,31.12962,155.0476,3.923309,0,0,0,0,0,0,-0.243242,0.796416,-0.434214,49.02181,176.2896,29.67692,0,False,False
605.4366,0.047474,1.700668,-0.338801,31.20175,154.9492,3.885304,0,0,0,0,0,0,-0.242897,0.796566,-0.434892,48.99351,176.1947,29.67709,0,False,False
605.4476,0.047569,1.700579,-0.338819,31.28253,154.8589,3.860218,0,0,0,0,0,0,-0.242467,0.796683,-0.435582,48.97621,176.1388,29.70819,0,False,False
605.4587,0.047611,1.700487,-0.338814,31.37407,154.7736,3.837995,0,0,0,0,0,0,-0.2418,0.796773,-0.436149,48.95933,176.0159,29.67773,0,False,False
605.4696,0.047675,1.70037,-0.338763,31.45892,154.7141,3.826967,0,0,0,0,0,0,-0.241083,0.796794,-0.436837,48.93828,175.8823,29.62294,0,False,False
605.4809,0.04767,1.700215,-0.338647,31.52867,154.6543,3.828104,0,0,0,0,0,0,-0.240264,0.796908,-0.437536,48.90239,175.6959,29.53288,0,False,False
605.4919,0.047749,1.700102,-0.338524,31.59262,154.5861,3.829153,0,0,0,0,0,0,-0.239493,0.797034,-0.438223,48.86162,175.518,29.46852,0,False,False
605.5029,0.047792,1.700008,-0.338445,31.64686,154.5224,3.845179,0,0,0,0,0,0,-0.238551,0.797092,-0.438929,48.82876,175.2736,29.37438,0,False,False
605.514,0.047838,1.699899,-0.338328,31.69866,154.4498,3.857525,0,0,0,0,0,0,-0.237613,0.79709,-0.439622,48.78999,175.0041,29.27084,0,False,False
605.5251,0.04783,1.699793,-0.338221,31.7323,154.3613,3.855525,0,0,0,0,0,0,-0.236687,0.797169,-0.440381,48.75886,174.7506,29.1925,0,False,False
605.5363,0.047836,1.699756,-0.338114,31.7673,154.2836,3.864792,0,0,0,0,0,0,-0.235734,0.797186,-0.441111,48.72711,174.5008,29.10402,0,False,False
605.5472,0.047821,1.699728,-0.337976,31.79682,154.1921,3.879848,0,0,0,0,0,0,-0.234686,0.79725,-0.441919,48.7041,174.2599,29.01783,0,False,False
605.5585,0.047761,1.699704,-0.337831,31.81234,154.0892,3.878166,0,0,0,0,0,0,-0.233705,0.797265,-0.442712,48.66019,174.0407,28.92372,0,False,False
605.5696,0.047688,1.699708,-0.33768,31.79979,153.9844,3.861611,0,0,0,0,0,0,-0.232785,0.797373,-0.443519,48.59451,173.877,28.85162,0,False,False
605.5807,0.0476,1.699753,-0.337543,31.77628,153.8849,3.847688,0,0,0,0,0,0,-0.231889,0.79748,-0.444397,48.50484,173.749,28.79236,0,False,False
605.5919,0.047548,1.699831,-0.3374,31.74992,153.7839,3.81748,0,0,0,0,0,0,-0.231155,0.79778,-0.445329,48.40929,173.6425,28.74493,0,False,False
605.6031,0.047427,1.699944,-0.33728,31.71297,153.6854,3.771803,0,0,0,0,0,0,-0.230407,0.797874,-0.446291,48.30985,173.5893,28.69053,0,False,False
605.6141,0.047305,1.700017,-0.337173,31.65041,153.5969,3.745787,0,0,0,0,0,0,-0.22964,0.798054,-0.447353,48.18684,173.5465,28.61082,0,False,False
605.6251,0.047114,1.70013,-0.337097,31.56764,153.5332,3.721777,0,0,0,0,0,0,-0.22877,0.798149,-0.448228,48.07915,173.4775,28.51153,0,False,False
605.6363,0.046895,1.70019,-0.33704,31.50105,153.5059,3.698114,0,0,0,0,0,0,-0.228017,0.798455,-0.449219,47.92699,173.4461,28.38413,0,False,False
605.6473,0.046646,1.700217,-0.336978,31.45857,153.4915,3.676165,0,0,0,0,0,0,-0.227256,0.798738,-0.450204,47.7785,173.4039,28.28312,0,False,False
605.6584,0.046347,1.700205,-0.33688,31.4431,153.4998,3.662084,0,0,0,0,0,0,-0.226511,0.799111,-0.451213,47.6274,173.3367,28.14938,0,False,False
605.6698,0.046043,1.700213,-0.336698,31.44238,153.5274,3.657168,0,0,0,0,0,0,-0.22566,0.799459,-0.452174,47.46321,173.2405,28.00054,0,False,False
605.6806,0.045686,1.700165,-0.336555,31.47959,153.5692,3.671558,0,0,0,0,0,0,-0.224773,0.799674,-0.452998,47.34149,173.1398,27.85875,0,False,False
605.6917,0.045361,1.700081,-0.336395,31.5001,153.6231,3.677666,0,0,0,0,0,0,-0.223929,0.799975,-0.453834,47.20155,173.0281,27.71607,0,False,False
605.7029,0.04503,1.700076,-0.336258,31.50315,153.6693,3.702992,0,0,0,0,0,0,-0.223001,0.800322,-0.454668,47.06969,172.9035,27.58912,0,False,False
605.7139,0.044743,1.700037,-0.336201,31.49442,153.7264,3.730886,0,0,0,0,0,0,-0.22223,0.800583,-0.455362,46.96083,172.7718,27.45988,0,False,False
605.7251,0.044498,1.700021,-0.336106,31.48962,153.7549,3.741707,0,0,0,0,0,0,-0.221356,0.800779,-0.455934,46.86256,172.6264,27.3184,0,False,False
605.7361,0.044273,1.700002,-0.336078,31.44932,153.7927,3.761535,0,0,0,0,0,0,-0.220627,0.80099,-0.456549,46.79471,172.4908,27.15818,0,False,False
605.7472,0.044069,1.700023,-0.336093,31.43226,153.807,3.762887,0,0,0,0,0,0,-0.219878,0.801136,-0.457104,46.72477,172.3999,26.99992,0,False,False
605.7585,0.043944,1.700023,-0.336173,31.39681,153.8301,3.766782,0,0,0,0,0,0,-0.21915,0.801292,-0.457622,46.6654,172.3457,26.82508,0,False,False
605.7697,0.043861,1.700038,-0.336311,31.33499,153.8278,3.739923,0,0,0,0,0,0,-0.218556,0.801434,-0.458124,46.60474,172.3168,26.62306,0,False,False
605.7807,0.043786,1.700002,-0.336477,31.2578,153.8301,3.714945,0,0,0,0,0,0,-0.217967,0.801709,-0.458797,46.50347,172.3277,26.44153,0,False,False
605.7919,0.043818,1.699982,-0.336775,31.18552,153.827,3.682237,0,0,0,0,0,0,-0.217462,0.802074,-0.459559,46.40599,172.3207,26.21468,0,False,False
605.8029,0.043898,1.699941,-0.337085,31.13001,153.8311,3.663755,0,0,0,0,0,0,-0.216855,0.802359,-0.460212,46.30389,172.2918,25.98133,0,False,False
605.8139,0.044065,1.699815,-0.337483,31.06533,153.8329,3.638843,0,0,0,0,0,0,-0.216415,0.802816,-0.461163,46.15568,172.2603,25.71408,0,False,False
605.8251,0.044233,1.699651,-0.33795,31.00599,153.8133,3.589499,0,0,0,0,0,0,-0.215899,0.803254,-0.462071,45.99587,172.2306,25.42481,0,False,False
605.8363,0.044517,1.699401,-0.338582,30.94056,153.7984,3.533261,0,0,0,0,0,0,-0.215744,0.803932,-0.463348,45.76131,172.3,25.08253,0,False,False
605.8473,0.044843,1.699126,-0.339232,30.88879,153.7899,3.45476,0,0,0,0,0,0,-0.215644,0.804878,-0.464929,45.46176,172.5184,24.76559,0,False,False
605.8585,0.045327,1.698713,-0.340039,30.82886,153.7655,3.32922,0,0,0,0,0,0,-0.21568,0.805791,-0.466566,45.14444,172.805,24.44539,0,False,False
605.8695,0.045888,1.698247,-0.34086,30.76668,153.7567,3.200025,0,0,0,0,0,0,-0.216479,0.807085,-0.468811,44.67667,173.4376,24.08168,0,False,False
605.8806,0.04649,1.697667,-0.341795,30.74244,153.745,3.025499,0,0,0,0,0,0,-0.217001,0.808313,-0.470937,44.28799,173.9426,23.69483,0,False,False
605.8916,0.047204,1.69695,-0.342848,30.77799,153.7427,2.817708,0,0,0,0,0,0,-0.217936,0.809839,-0.473483,43.80449,174.611,23.22461,0,False,False
605.9028,0.047918,1.696202,-0.343908,30.85263,153.7414,2.591714,0,0,0,0,0,0,-0.218803,0.811351,-0.475936,43.33229,175.265,22.7674,0,False,False
605.9138,0.048716,1.695279,-0.345044,31.01699,153.7618,2.355714,0,0,0,0,0,0,-0.220082,0.813017,-0.478728,42.83561,176.0424,22.34277,0,False,False
605.9251,0.049598,1.694213,-0.346193,31.25205,153.806,2.109119,0,0,0,0,0,0,-0.221573,0.814811,-0.481594,42.34492,176.8904,21.96604,0,False,False
605.936,0.050451,1.693086,-0.347342,31.5408,153.8615,1.855934,0,0,0,0,0,0,-0.223125,0.816728,-0.484418,41.85866,177.7858,21.61408,0,False,False
605.9471,0.051357,1.691773,-0.348558,31.91771,153.9289,1.553053,0,0,0,0,0,0,-0.224722,0.818788,-0.487272,41.40831,178.5981,21.28517,0,False,False
605.9584,0.052306,1.690461,-0.349762,32.3115,154.029,1.268146,0,0,0,0,0,0,-0.226426,0.820933,-0.490158,40.95665,179.3876,20.95596,0,False,False
605.9702,0.053332,1.689014,-0.351035,32.78381,154.1668,0.947905,0,0,0,0,0,0,-0.22816,0.82312,-0.493123,40.48945,180.1982,20.64683,0,False,False
605.9805,0.054348,1.687646,-0.35219,33.24825,154.3476,0.636645,0,0,0,0,0,0,-0.229922,0.825335,-0.495964,40.05965,180.9106,20.44295,0,False,False
605.9916,0.055518,1.686261,-0.353251,33.79072,154.6152,0.341497,0,0,0,0,0,0,-0.231994,0.827703,-0.499004,39.59808,181.7039,20.2893,0,False,False
606.0027,0.056759,1.685011,-0.354261,34.2887,154.9345,0.110697,0,0,0,0,0,0,-0.2339,0.830097,-0.502116,39.162,182.5437,20.10158,0,False,False
606.0139,0.05815,1.684078,-0.35532,34.71919,155.36,359.993,0,0,0,0,0,0,-0.236037,0.832457,-0.505207,38.75259,183.4453,20.02182,0,False,False
606.025,0.059685,1.683352,-0.356334,34.99283,155.7835,359.9538,0,0,0,0,0,0,-0.238172,0.834644,-0.508242,38.32963,184.4116,19.97515,0,False,False
606.036,0.061387,1.683043,-0.357503,35.08701,156.2429,0.043438,0,0,0,0,0,0,-0.240324,0.836978,-0.511345,37.94767,185.3122,19.89933,0,False,False
606.0472,0.063183,1.683049,-0.358598,35.06379,156.713,0.245573,0,0,0,0,0,0,-0.242386,0.839244,-0.514394,37.64587,186.2035,19.92221,0,False,False
606.0582,0.065026,1.683213,-0.359628,35.00786,157.1227,0.477836,0,0,0,0,0,0,-0.244104,0.841382,-0.517354,37.40707,186.9469,19.98193,0,False,False
606.0695,0.067068,1.68391,-0.360542,34.7767,157.5151,0.852282,0,0,0,0,0,0,-0.245766,0.843601,-0.52056,37.17305,187.6086,20.03143,0,False,False
606.0805,0.069178,1.684764,-0.361539,34.49886,157.8763,1.253761,0,0,0,0,0,0,-0.247083,0.845745,-0.523728,36.93754,188.1929,20.0826,0,False,False
606.0916,0.071478,1.686027,-0.362518,34.05746,158.1942,1.709569,0,0,0,0,0,0,-0.248672,0.848069,-0.527107,36.70487,188.7903,20.13957,0,False,False
606.1027,0.073824,1.687166,-0.363502,33.59557,158.4372,2.077848,0,0,0,0,0,0,-0.249842,0.850344,-0.530586,36.49734,189.3339,20.22583,0,False,False
606.1137,0.076431,1.688459,-0.364366,33.09509,158.5945,2.451806,0,0,0,0,0,0,-0.250942,0.852576,-0.534169,36.32963,189.8744,20.29257,0,False,False
606.1248,0.079122,1.6897,-0.365221,32.59623,158.6605,2.754392,0,0,0,0,0,0,-0.251906,0.854737,-0.537749,36.16534,190.4445,20.33288,0,False,False
606.136,0.081892,1.690746,-0.366192,32.07063,158.7499,3.049558,0,0,0,0,0,0,-0.252849,0.856799,-0.541398,36.03002,191.0068,20.36723,0,False,False
606.1472,0.084843,1.691741,-0.367231,31.45265,158.7206,3.317897,0,0,0,0,0,0,-0.253258,0.858855,-0.545413,35.96682,191.4982,20.40378,0,False,False
606.1581,0.087849,1.692644,-0.36819,30.82739,158.6445,3.583032,0,0,0,0,0,0,-0.253596,0.860825,-0.549611,35.92056,191.9514,20.40954,0,False,False
606.1693,0.090963,1.693412,-0.369328,30.19928,158.4789,3.805849,0,0,0,0,0,0,-0.253565,0.862958,-0.554266,35.82939,192.3695,20.37747,0,False,False
606.1804,0.09407,1.694115,-0.370546,29.64042,158.3076,4.04424,0,0,0,0,0,0,-0.253442,0.865153,-0.559105,35.65379,192.7655,20.2935,0,False,False
606.1915,0.097287,1.69465,-0.371883,29.14339,158.0849,4.283446,0,0,0,0,0,0,-0.253123,0.86744,-0.564154,35.41601,193.1628,20.22903,0,False,False
606.2028,0.100526,1.695232,-0.373314,28.75714,157.8164,4.568378,0,0,0,0,0,0,-0.252281,0.869902,-0.56973,35.02607,193.4975,20.16356,0,False,False
606.2137,0.103729,1.695737,-0.374805,28.44966,157.5007,4.82596,0,0,0,0,0,0,-0.251328,0.872604,-0.575491,34.54245,193.7598,20.16332,0,False,False
606.2248,0.106961,1.696153,-0.376412,28.22521,157.1658,5.067802,0,0,0,0,0,0,-0.249712,0.875512,-0.58152,33.99214,193.9315,20.31445,0,False,False
606.2362,0.110165,1.696442,-0.378017,28.00102,156.8471,5.291098,0,0,0,0,0,0,-0.248045,0.878351,-0.587466,33.48734,194.0639,20.53734,0,False,False
606.2471,0.113335,1.696561,-0.379734,27.8202,156.4736,5.468393,0,0,0,0,0,0,-0.245435,0.881506,-0.593924,32.94517,193.9987,20.9839,0,False,False
606.2585,0.116521,1.696659,-0.381586,27.68194,156.0733,5.63932,0,0,0,0,0,0,-0.242181,0.884545,-0.600316,32.49046,193.8145,21.59712,0,False,False
606.2695,0.119481,1.696776,-0.383518,27.53679,155.6606,5.774034,0,0,0,0,0,0,-0.238007,0.887493,-0.606823,32.18109,193.5023,22.54614,0,False,False
606.2805,0.122479,1.696949,-0.385657,27.369,155.2448,5.876567,0,0,0,0,0,0,-0.233264,0.890423,-0.613512,32.02323,193.1192,23.78337,0,False,False
606.2914,0.125425,1.697331,-0.388089,27.15404,154.8241,5.965441,0,0,0,0,0,0,-0.228496,0.893328,-0.620037,31.89235,192.7197,24.92815,0,False,False
606.3026,0.128359,1.697979,-0.39096,26.82732,154.4367,6.014198,0,0,0,0,0,0,-0.220916,0.896164,-0.627201,31.94625,191.8946,26.2144,0,False,False
606.3136,0.131337,1.698717,-0.394027,26.39844,154.0722,6.08168,0,0,0,0,0,0,-0.214182,0.899336,-0.634161,31.83451,191.233,26.90013,0,False,False
606.3257,0.134372,1.69969,-0.397482,25.86897,153.7536,6.095824,0,0,0,0,0,0,-0.206227,0.903202,-0.641678,31.63054,190.3659,26.75753,0,False,False
606.3358,0.137412,1.700543,-0.401002,25.37419,153.4486,6.117256,0,0,0,0,0,0,-0.198247,0.907117,-0.649186,31.36069,189.5667,26.47269,0,False,False
606.3471,0.140415,1.701238,-0.404968,24.9113,153.1696,6.029986,0,0,0,0,0,0,-0.188238,0.911877,-0.657336,30.93262,188.4758,25.15234,0,False,False
606.3581,0.143338,1.70163,-0.408794,24.52428,152.9036,5.950854,0,0,0,0,0,0,-0.177888,0.916494,-0.665524,30.48619,187.2243,24.03202,0,False,False
606.3692,0.146164,1.701707,-0.412751,24.24201,152.6641,5.840744,0,0,0,0,0,0,-0.167649,0.920672,-0.673311,30.08311,185.9351,23.24462,0,False,False
606.3804,0.148846,1.701557,-0.416851,24.10023,152.4336,5.71188,0,0,0,0,0,0,-0.155476,0.925105,-0.681596,29.60673,184.2106,22.28528,0,False,False
606.3915,0.151614,1.70129,-0.420881,24.01555,152.2258,5.612197,0,0,0,0,0,0,-0.143026,0.929236,-0.689457,29.11421,182.3974,21.47586,0,False,False
606.4025,0.154161,1.700642,-0.425214,24.06972,152.041,5.534301,0,0,0,0,0,0,-0.130477,0.933367,-0.697451,28.57838,180.6013,20.63024,0,False,False
606.4136,0.156799,1.699856,-0.429656,24.09887,151.8697,5.452679,0,0,0,0,0,0,-0.117156,0.937376,-0.705452,28.0055,178.6801,19.65128,0,False,False
606.4247,0.159454,1.698792,-0.434322,24.21144,151.6708,5.363864,0,0,0,0,0,0,-0.103577,0.941164,-0.71313,27.448,176.8535,18.60602,0,False,False
606.436,0.162081,1.697618,-0.439043,24.34664,151.4532,5.227477,0,0,0,0,0,0,-0.089794,0.944527,-0.721148,26.9346,175.1158,17.58541,0,False,False
606.4469,0.164707,1.696102,-0.443985,24.60217,151.2491,5.079495,0,0,0,0,0,0,-0.076394,0.947943,-0.728887,26.44889,173.4883,16.71436,0,False,False
606.4582,0.167302,1.69432,-0.449044,24.90202,151.0276,4.913065,0,0,0,0,0,0,-0.062194,0.950128,-0.736908,26.11333,171.9382,16.05585,0,False,False
606.4692,0.169935,1.692503,-0.454189,25.248,150.8022,4.740417,0,0,0,0,0,0,-0.048218,0.952662,-0.744668,25.72866,170.4093,15.4324,0,False,False
606.4802,0.172625,1.690491,-0.459437,25.67311,150.5752,4.539907,0,0,0,0,0,0,-0.034524,0.95427,-0.752465,25.45876,168.9918,14.92704,0,False,False
606.4913,0.17527,1.688462,-0.464916,26.11775,150.3653,4.330832,0,0,0,0,0,0,-0.020608,0.955724,-0.760235,25.24102,167.6291,14.40653,0,False,False
606.5026,0.177943,1.686294,-0.470682,26.62289,150.1506,4.137573,0,0,0,0,0,0,-0.006482,0.95731,-0.768267,24.96156,166.2646,13.84643,0,False,False
606.5135,0.180638,1.684145,-0.476662,27.09507,149.9478,3.938772,0,0,0,0,0,0,0.007122,0.95801,-0.776368,24.78032,165.0925,13.34783,0,False,False
606.5248,0.183385,1.68186,-0.483009,27.57819,149.7806,3.776511,0,0,0,0,0,0,0.021099,0.95881,-0.784946,24.53728,164.0057,12.85987,0,False,False
606.5359,0.186118,1.679531,-0.489485,28.03448,149.6057,3.61503,0,0,0,0,0,0,0.03476,0.959128,-0.793422,24.34049,162.9402,12.40684,0,False,False
606.5469,0.188893,1.67715,-0.496241,28.47767,149.4771,3.460329,0,0,0,0,0,0,0.048249,0.959511,-0.801572,24.16971,161.8649,12.00244,0,False,False
606.558,0.191772,1.674608,-0.503626,28.89498,149.42,3.334652,0,0,0,0,0,0,0.061301,0.959282,-0.810211,24.05057,160.8688,11.68401,0,False,False
606.5692,0.194683,1.672118,-0.510984,29.31536,149.3439,3.204545,0,0,0,0,0,0,0.075157,0.958896,-0.818928,23.90042,159.8739,11.44992,0,False,False
606.5803,0.197665,1.669569,-0.518614,29.7343,149.2915,3.056725,0,0,0,0,0,0,0.088571,0.958541,-0.827612,23.71492,158.8881,11.21909,0,False,False
606.5914,0.200734,1.666886,-0.526593,30.1122,149.2437,2.89402,0,0,0,0,0,0,0.102059,0.957693,-0.836875,23.49729,157.966,11.148,0,False,False
606.6024,0.203911,1.664227,-0.534839,30.45112,149.1918,2.711708,0,0,0,0,0,0,0.115114,0.956582,-0.846027,23.26024,157.1649,11.09618,0,False,False
606.6136,0.207173,1.661549,-0.543512,30.76098,149.1257,2.5048,0,0,0,0,0,0,0.128314,0.955299,-0.855722,23.05393,156.4165,10.97743,0,False,False
606.6247,0.210518,1.658794,-0.552161,31.12647,149.0429,2.305748,0,0,0,0,0,0,0.140961,0.953625,-0.865237,22.93299,155.7322,10.80945,0,False,False
606.6359,0.21398,1.655997,-0.561146,31.47092,148.97,2.165877,0,0,0,0,0,0,0.154044,0.951583,-0.875202,22.87074,155.0045,10.64101,0,False,False
606.6469,0.217539,1.653079,-0.570342,31.80707,148.8766,2.107562,0,0,0,0,0,0,0.166455,0.949141,-0.884992,22.82307,154.3339,10.43505,0,False,False
606.6581,0.221073,1.650262,-0.579664,32.12111,148.7237,2.022608,0,0,0,0,0,0,0.179125,0.946644,-0.895103,22.7567,153.6554,10.16853,0,False,False
606.669,0.224783,1.647358,-0.589342,32.35836,148.5716,1.972226,0,0,0,0,0,0,0.191187,0.943539,-0.905282,22.78596,153.1146,9.712621,0,False,False
606.6803,0.228431,1.644327,-0.599144,32.57417,148.4041,1.904906,0,0,0,0,0,0,0.203466,0.940146,-0.915433,22.8861,152.5699,9.189956,0,False,False
606.6913,0.232167,1.641119,-0.609191,32.75621,148.2078,1.836501,0,0,0,0,0,0,0.214901,0.935884,-0.925671,23.22042,152.1478,8.38888,0,False,False
606.7025,0.235925,1.637838,-0.619363,32.9804,147.9946,1.751769,0,0,0,0,0,0,0.226334,0.930921,-0.936087,23.73752,151.6532,7.48878,0,False,False
606.7134,0.239894,1.634371,-0.629832,33.15617,147.7421,1.623244,0,0,0,0,0,0,0.237539,0.925532,-0.946321,24.3426,151.0982,6.706803,0,False,False
606.7246,0.244155,1.631222,-0.640769,33.39515,147.4615,1.447921,0,0,0,0,0,0,0.248723,0.919659,-0.956745,24.97837,150.5128,6.172127,0,False,False
606.7358,0.248706,1.628323,-0.652018,33.77868,147.1488,1.176716,0,0,0,0,0,0,0.260063,0.914149,-0.967341,25.45467,149.9251,5.957775,0,False,False
606.7468,0.253071,1.624622,-0.662999,34.21116,146.8068,0.815372,0,0,0,0,0,0,0.270241,0.908265,-0.977183,25.83254,149.416,6.759053,0,False,False
606.758,0.257412,1.620484,-0.674106,34.41479,146.5244,0.503956,0,0,0,0,0,0,0.280927,0.902497,-0.987347,26.20673,148.897,7.288317,0,False,False
606.769,0.26184,1.616299,-0.685549,34.61617,146.2656,0.176529,0,0,0,0,0,0,0.291022,0.896504,-0.997497,26.56285,148.459,7.940918,0,False,False
606.7802,0.266306,1.612096,-0.696845,34.92556,145.985,359.9784,0,0,0,0,0,0,0.300921,0.890273,-1.007664,26.95216,148.0828,8.419078,0,False,False
606.7912,0.270772,1.607552,-0.708102,35.2527,145.6126,359.5432,0,0,0,0,0,0,0.310938,0.884034,-1.018142,27.35676,147.7228,8.690587,0,False,False
606.8024,0.275361,1.603029,-0.719397,35.55509,145.4164,359.2797,0,0,0,0,0,0,0.320111,0.877786,-1.028249,27.77433,147.5265,8.767061,0,False,False
606.8134,0.280055,1.598407,-0.730667,35.9357,145.2246,358.9671,0,0,0,0,0,0,0.329377,0.871371,-1.0382,28.18354,147.2193,8.853876,0,False,False
606.8245,0.284716,1.593838,-0.741705,36.41688,144.9481,358.5503,0,0,0,0,0,0,0.337941,0.865041,-1.047522,28.52596,146.8928,8.795037,0,False,False
606.8356,0.289456,1.589139,-0.752567,36.85897,144.7765,358.2093,0,0,0,0,0,0,0.346837,0.858699,-1.057269,28.8157,146.5644,8.724982,0,False,False
606.8469,0.294289,1.584079,-0.76326,37.20681,144.7131,357.8855,0,0,0,0,0,0,0.355488,0.852186,-1.066899,29.04114,146.2481,8.405541,0,False,False
606.858,0.299061,1.579082,-0.773788,37.61629,144.6435,357.5656,0,0,0,0,0,0,0.363908,0.845725,-1.076413,29.28309,146.0212,7.950701,0,False,False
606.869,0.303951,1.573938,-0.783923,38.04696,144.6133,357.2629,0,0,0,0,0,0,0.371923,0.839156,-1.085647,29.59435,145.9008,7.521763,0,False,False
606.88,0.308826,1.568685,-0.793992,38.42669,144.5682,357.0259,0,0,0,0,0,0,0.379582,0.832453,-1.094722,29.94146,145.9273,7.179466,0,False,False
606.8912,0.313719,1.563226,-0.803726,38.74712,144.4793,356.782,0,0,0,0,0,0,0.387229,0.825395,-1.103955,30.34608,146.0649,6.872864,0,False,False
606.9023,0.31857,1.557752,-0.813409,39.07656,144.3636,356.5603,0,0,0,0,0,0,0.394836,0.818446,-1.113161,30.73307,146.2172,6.564735,0,False,False
606.9135,0.323419,1.55224,-0.822802,39.44171,144.1694,356.2699,0,0,0,0,0,0,0.401715,0.811439,-1.121901,31.10244,146.4599,6.339694,0,False,False
606.9245,0.328268,1.546625,-0.831934,39.74174,143.9488,355.9963,0,0,0,0,0,0,0.408474,0.804566,-1.130377,31.41901,146.6167,6.34793,0,False,False
606.9357,0.333119,1.540822,-0.840949,40.07917,143.7789,355.7314,0,0,0,0,0,0,0.415566,0.797594,-1.138391,31.71102,146.6304,6.63851,0,False,False
606.9467,0.337942,1.534773,-0.849381,40.4281,143.5988,355.445,0,0,0,0,0,0,0.42264,0.790874,-1.146006,31.93435,146.5314,6.957744,0,False,False
606.9578,0.342794,1.528614,-0.857535,40.77689,143.4252,355.1512,0,0,0,0,0,0,0.429732,0.784082,-1.153991,32.12642,146.4335,7.122436,0,False,False
606.9689,0.347639,1.522424,-0.865641,41.11187,143.2012,354.8322,0,0,0,0,0,0,0.436763,0.777611,-1.161134,32.19398,146.2637,7.122956,0,False,False
606.9802,0.352509,1.516088,-0.873493,41.42889,142.8871,354.4213,0,0,0,0,0,0,0.4436,0.771399,-1.167831,32.23427,146.0903,7.038715,0,False,False
606.9911,0.357256,1.509655,-0.881215,41.77577,142.5195,353.9514,0,0,0,0,0,0,0.450445,0.765118,-1.1745,32.30396,145.9155,7.026093,0,False,False
607.0023,0.362059,1.503017,-0.888566,42.11844,142.1931,353.5138,0,0,0,0,0,0,0.457431,0.758501,-1.180717,32.41199,145.7004,7.067963,0,False,False
607.0134,0.366828,1.496408,-0.895852,42.50332,141.9073,353.162,0,0,0,0,0,0,0.46426,0.751964,-1.186538,32.55659,145.3891,7.104825,0,False,False
607.0245,0.371624,1.489748,-0.902618,42.91452,141.6291,352.892,0,0,0,0,0,0,0.470577,0.745413,-1.191993,32.70334,145.0345,7.081269,0,False,False
607.0355,0.376295,1.483289,-0.909163,43.33817,141.3461,352.6173,0,0,0,0,0,0,0.476608,0.739273,-1.196977,32.84742,144.7071,7.072456,0,False,False
607.0466,0.380927,1.476879,-0.91556,43.73393,141.095,352.342,0,0,0,0,0,0,0.482661,0.733372,-1.202054,33.05558,144.4369,7.103104,0,False,False
607.0577,0.385474,1.470462,-0.921514,44.13006,140.9205,352.1228,0,0,0,0,0,0,0.487911,0.727305,-1.206438,33.43503,144.2412,7.136189,0,False,False
607.0692,0.389981,1.46426,-0.927359,44.57984,140.7874,351.9496,0,0,0,0,0,0,0.493274,0.720802,-1.210797,33.89,144.1953,6.957751,0,False,False
607.0803,0.39454,1.45819,-0.932885,45.07215,140.6789,351.8311,0,0,0,0,0,0,0.498298,0.714718,-1.21543,34.26122,144.1538,6.750599,0,False,False
607.0911,0.398975,1.452584,-0.937944,45.46424,140.5775,351.8064,0,0,0,0,0,0,0.502758,0.709191,-1.219121,34.54599,144.2082,6.464492,0,False,False
607.1028,0.403239,1.447055,-0.942939,45.76787,140.4571,351.8171,0,0,0,0,0,0,0.507545,0.703591,-1.223538,34.68551,144.308,6.043511,0,False,False
607.1133,0.407319,1.441723,-0.947815,46.02334,140.3814,351.8564,0,0,0,0,0,0,0.511636,0.698993,-1.227246,34.76564,144.397,5.571345,0,False,False
607.1244,0.411332,1.436486,-0.952521,46.27757,140.3807,351.9425,0,0,0,0,0,0,0.516052,0.694162,-1.230627,34.86782,144.426,5.094488,0,False,False
607.1355,0.415337,1.431438,-0.956861,46.54861,140.4645,352.1499,0,0,0,0,0,0,0.520511,0.68921,-1.234029,35.02297,144.356,4.694839,0,False,False
607.1467,0.419289,1.426788,-0.961134,46.82868,140.4883,352.3827,0,0,0,0,0,0,0.524957,0.684651,-1.236915,35.12506,144.1537,4.303122,0,False,False
607.1578,0.423109,1.42213,-0.965187,47.01949,140.5043,352.597,0,0,0,0,0,0,0.529236,0.680345,-1.2392,35.17882,143.8878,4.052381,0,False,False
607.1689,0.426788,1.41798,-0.96903,47.08637,140.5688,352.8388,0,0,0,0,0,0,0.533259,0.676384,-1.241324,35.2592,143.6436,3.850437,0,False,False
607.1801,0.430325,1.414028,-0.972791,47.10493,140.6421,353.0031,0,0,0,0,0,0,0.537388,0.67192,-1.24347,35.43506,143.4102,3.562116,0,False,False
607.1911,0.433617,1.410413,-0.97639,47.06042,140.7722,353.1802,0,0,0,0,0,0,0.541332,0.667785,-1.245598,35.63022,143.1733,3.271913,0,False,False
607.2021,0.43685,1.407062,-0.979735,47.02487,141.0011,353.4793,0,0,0,0,0,0,0.545093,0.663809,-1.247154,35.81443,142.9039,3.044097,0,False,False
607.2133,0.440049,1.403679,-0.982937,47.04706,141.2549,353.827,0,0,0,0,0,0,0.54874,0.660228,-1.248678,35.96249,142.6711,2.995915,0,False,False
607.2244,0.443007,1.400458,-0.985795,47.08984,141.4517,354.1624,0,0,0,0,0,0,0.552446,0.656566,-1.249875,36.09372,142.4367,3.165335,0,False,False
607.2356,0.445706,1.397374,-0.988509,47.16256,141.6042,354.485,0,0,0,0,0,0,0.555837,0.653198,-1.251132,36.2809,142.1831,3.374739,0,False,False
607.2468,0.448207,1.394527,-0.990941,47.23986,141.703,354.7783,0,0,0,0,0,0,0.559091,0.649895,-1.252338,36.50834,141.8928,3.424476,0,False,False
607.2578,0.450538,1.391932,-0.993217,47.38415,141.8029,355.0273,0,0,0,0,0,0,0.562112,0.646495,-1.253092,36.7989,141.5754,3.27165,0,False,False
607.2689,0.452693,1.389398,-0.995328,47.49844,141.8587,355.2794,0,0,0,0,0,0,0.564913,0.643356,-1.254172,37.10491,141.3903,2.961832,0,False,False
607.28,0.454685,1.387162,-0.997253,47.63422,141.9569,355.5608,0,0,0,0,0,0,0.567376,0.640614,-1.255296,37.33713,141.3169,2.556211,0,False,False
607.2911,0.456693,1.384909,-0.999016,47.7931,142.0684,355.8356,0,0,0,0,0,0,0.569657,0.637773,-1.256451,37.56279,141.2812,2.243465,0,False,False
607.3021,0.458411,1.382901,-1.000545,48.00315,142.1626,356.0234,0,0,0,0,0,0,0.571562,0.635458,-1.257653,37.81357,141.389,1.92833,0,False,False
607.3132,0.460094,1.381025,-1.00194,48.20323,142.2632,356.2113,0,0,0,0,0,0,0.573345,0.633102,-1.258827,38.08619,141.5777,1.737864,0,False,False
607.3244,0.461715,1.379378,-1.003214,48.36937,142.3576,356.3635,0,0,0,0,0,0,0.575048,0.630995,-1.259905,38.32681,141.7381,1.5948,0,False,False
607.3354,0.463178,1.378086,-1.004333,48.5118,142.4107,356.4769,0,0,0,0,0,0,0.576609,0.629205,-1.260956,38.49129,141.9389,1.506471,0,False,False
607.3465,0.464706,1.376882,-1.005523,48.66608,142.4968,356.6236,0,0,0,0,0,0,0.578084,0.628105,-1.262118,38.46064,142.076,1.334134,0,False,False
607.3577,0.466191,1.375967,-1.00663,48.79035,142.5685,356.7464,0,0,0,0,0,0,0.57979,0.62733,-1.263468,38.31923,142.1672,1.143852,0,False,False
607.3688,0.467713,1.375206,-1.007787,48.91333,142.6513,356.8792,0,0,0,0,0,0,0.581422,0.626762,-1.264652,38.14364,142.2419,1.06153,0,False,False
607.3798,0.469244,1.374767,-1.008852,48.99286,142.6718,356.9514,0,0,0,0,0,0,0.583139,0.626148,-1.265699,38.02233,142.2948,0.930354,0,False,False
607.391,0.470758,1.37449,-1.009697,49.00389,142.6717,356.9986,0,0,0,0,0,0,0.584535,0.625759,-1.266569,37.93978,142.3366,0.670216,0,False,False
607.4022,0.472168,1.374181,-1.010618,48.95986,142.6553,357.0211,0,0,0,0,0,0,0.58578,0.625521,-1.267236,37.93548,142.2732,0.379772,0,False,False
607.4132,0.473416,1.374134,-1.011487,48.87036,142.6763,357.0168,0,0,0,0,0,0,0.586893,0.625148,-1.267603,37.96735,142.1696,0.184802,0,False,False
607.4243,0.474635,1.374091,-1.012315,48.80876,142.7514,357.047,0,0,0,0,0,0,0.588017,0.624853,-1.267855,38.00703,142.0178,0.112198,0.007843,False,False
607.4355,0.475889,1.374162,-1.01307,48.7851,142.8485,357.1136,0,0,0,0,0,0,0.588994,0.624582,-1.26805,38.06169,141.8559,0.081475,0.035294,False,False
607.4465,0.477042,1.374343,-1.013696,48.76952,142.8834,357.1729,0,0,0,0,0,0,0.589884,0.62421,-1.268039,38.13025,141.6845,0.040669,0.058824,False,False
607.4576,0.478111,1.374593,-1.014423,48.76053,142.8866,357.2219,0,0,0,0,0,0,0.590646,0.623836,-1.268208,38.22751,141.5862,359.9883,0.098039,False,False
607.4689,0.478938,1.374882,-1.015085,48.73134,142.8635,357.2352,0,0,0,0,0,0,0.591057,0.623337,-1.268263,38.37212,141.6197,0.015646,0.113726,False,False
607.4799,0.479728,1.375194,-1.015802,48.68176,142.8831,357.2511,0,0,0,0,0,0,0.591371,0.622902,-1.268484,38.48566,141.675,0.111641,0.145098,False,False
607.491,0.480387,1.375633,-1.016447,48.63748,142.9397,357.2668,0,0,0,0,0,0,0.591273,0.622529,-1.268622,38.58463,141.8369,0.415329,0.176471,False,False
607.5021,0.480935,1.376062,-1.017163,48.61859,143.0896,357.3385,0,0,0,0,0,0,0.591069,0.622127,-1.268755,38.69625,142.0374,0.686146,0.211765,False,False
607.5131,0.481519,1.376549,-1.017888,48.63332,143.2664,357.4298,0,0,0,0,0,0,0.590773,0.621717,-1.269023,38.82815,142.29,0.851386,0.231373,False,False
607.5243,0.481928,1.377036,-1.018481,48.64495,143.4423,357.5009,0,0,0,0,0,0,0.590444,0.621139,-1.269105,38.96115,142.5465,1.024173,0.262745,False,True
607.5355,0.482378,1.377508,-1.019069,48.63607,143.5855,357.5458,0,0,0,0,0,0,0.590201,0.620648,-1.269209,39.11671,142.7149,1.16554,0.298039,False,True
607.5465,0.482704,1.378054,-1.019566,48.60194,143.6959,357.5833,0,0,0,0,0,0,0.589861,0.619885,-1.268818,39.36813,142.7285,1.270271,0.337255,False,True
607.5577,0.483012,1.378559,-1.020059,48.55141,143.7771,357.6126,0,0,0,0,0,0,0.58977,0.619155,-1.268648,39.55987,142.7325,1.443683,0.360784,False,True
607.5688,0.483283,1.379113,-1.020553,48.50673,143.8427,357.6847,0,0,0,0,0,0,0.589675,0.618625,-1.268028,39.80245,142.5843,1.611567,0.419608,False,True
607.5798,0.48348,1.37966,-1.021001,48.49886,143.8907,357.7774,0,0,0,0,0,0,0.589665,0.618072,-1.267575,39.97852,142.4027,1.704957,0.494118,False,True
607.5909,0.483717,1.380222,-1.021415,48.49225,143.9195,357.8725,0,0,0,0,0,0,0.589636,0.617799,-1.267343,40.08101,142.2222,1.808196,0.596079,False,True
607.602,0.483923,1.38077,-1.021739,48.4631,143.9301,357.9651,0,0,0,0,0,0,0.589624,0.617595,-1.26724,40.15741,142.143,1.988657,0.635294,False,True
607.6131,0.484114,1.381322,-1.022059,48.42232,143.9046,357.9889,0,0,0,0,0,0,0.589753,0.617493,-1.267325,40.13197,142.1754,2.323924,0.780392,False,True
607.6243,0.484231,1.381845,-1.022336,48.35637,143.8587,357.9755,0,0,0,0,0,0,0.589759,0.617708,-1.267498,40.07568,142.277,2.688235,0.933333,False,True
607.6353,0.484395,1.382368,-1.022583,48.30893,143.8412,357.9532,0,0,0,0,0,0,0.589653,0.618102,-1.267541,39.96907,142.3596,2.970202,1,False,True
607.6464,0.484469,1.382956,-1.022839,48.24386,143.8725,357.9483,0,0,0,0,0,0,0.589574,0.618707,-1.26772,39.78137,142.4032,3.084137,1,False,True
607.6575,0.484524,1.383499,-1.023053,48.1955,143.8913,357.9376,0,0,0,0,0,0,0.589757,0.619131,-1.267887,39.62408,142.3679,3.178616,1,False,True
607.6687,0.484567,1.384038,-1.023229,48.14156,143.8923,357.9238,0,0,0,0,0,0,0.590055,0.619829,-1.268075,39.47866,142.319,3.247089,1,False,True
607.6798,0.484505,1.384492,-1.023289,48.09149,143.8194,357.8681,0,0,0,0,0,0,0.589989,0.620001,-1.268129,39.37308,142.3177,3.36949,1,False,True
607.6909,0.484393,1.384972,-1.023309,48.03493,143.7399,357.7852,0,0,0,0,0,0,0.59021,0.620268,-1.268289,39.27483,142.3093,3.412252,1,False,True
607.702,0.484185,1.385464,-1.023293,47.97942,143.6377,357.674,0,0,0,0,0,0,0.590169,0.620411,-1.26815,39.34427,142.4077,3.710855,1,False,True
607.7133,0.483971,1.385978,-1.023255,47.91951,143.5719,357.5908,0,0,0,0,0,0,0.590192,0.620595,-1.268151,39.37493,142.4687,3.779633,1,False,True
607.7244,0.483662,1.386575,-1.023187,47.88557,143.5243,357.494,0,0,0,0,0,0,0.590038,0.620757,-1.268064,39.38494,142.5889,3.914979,1,False,True
607.7357,0.483376,1.387209,-1.023024,47.85773,143.4995,357.4206,0,0,0,0,0,0,0.589756,0.621115,-1.268007,39.35831,142.6944,3.992078,1,False,True
607.7466,0.482953,1.387844,-1.022777,47.8352,143.4978,357.3515,0,0,0,0,0,0,0.589496,0.621486,-1.267836,39.33107,142.7525,4.04082,1,False,True
607.7576,0.482503,1.388544,-1.022553,47.80851,143.494,357.2926,0,0,0,0,0,0,0.58918,0.621959,-1.267398,39.31224,142.7451,4.027241,1,False,True
607.7687,0.482028,1.389292,-1.022242,47.77825,143.4874,357.2294,0,0,0,0,0,0,0.588922,0.622506,-1.266859,39.30846,142.6927,3.99572,1,False,True
607.7798,0.481465,1.390131,-1.021882,47.75991,143.4742,357.2009,0,0,0,0,0,0,0.58854,0.623217,-1.265934,39.28598,142.5425,3.918392,1,False,True
607.791,0.480877,1.39103,-1.021467,47.75096,143.4453,357.1508,0,0,0,0,0,0,0.587961,0.624151,-1.264997,39.22699,142.3263,3.735504,1,False,True
607.8021,0.480156,1.39211,-1.020853,47.75068,143.4357,357.0995,0,0,0,0,0,0,0.587198,0.62539,-1.263789,39.10968,142.0909,3.602064,1,False,True
607.8131,0.479358,1.393301,-1.020238,47.776,143.3833,357.0279,0,0,0,0,0,0,0.585958,0.626676,-1.262532,38.96978,141.9777,3.704776,1,False,True
607.8242,0.47853,1.394615,-1.019495,47.80428,143.3632,356.9472,0,0,0,0,0,0,0.58443,0.627884,-1.261137,38.77498,141.9377,3.89943,0.756863,False,True
607.8354,0.477681,1.396058,-1.018703,47.80916,143.3828,356.9101,0,0,0,0,0,0,0.582278,0.629872,-1.259427,38.4537,142.0556,4.389275,0.54902,False,True
607.8466,0.476763,1.397576,-1.017894,47.78251,143.4165,356.8761,0,0,0,0,0,0,0.579679,0.631995,-1.257497,38.12113,142.2007,5.070473,0.172549,False,False
607.8576,0.475766,1.399328,-1.016977,47.73057,143.4972,356.8961,0,0,0,0,0,0,0.577353,0.633779,-1.255425,37.82618,142.2982,5.726635,0,False,False
607.8686,0.474632,1.401204,-1.015998,47.68542,143.5944,356.9305,0,0,0,0,0,0,0.574874,0.6354,-1.253288,37.5673,142.3455,6.321314,0,False,False
607.8798,0.473422,1.403393,-1.014776,47.64119,143.7151,357.0125,0,0,0,0,0,0,0.570955,0.637134,-1.250262,37.39504,142.3835,6.645845,0,False,False
607.8908,0.472109,1.405631,-1.013543,47.62585,143.8132,357.0823,0,0,0,0,0,0,0.566059,0.639431,-1.246483,37.0741,142.4976,7.150452,0,False,False
607.902,0.470651,1.408115,-1.012078,47.61058,143.922,357.1583,0,0,0,0,0,0,0.561587,0.641645,-1.24289,36.76739,142.5974,7.709862,0,False,False
607.913,0.469083,1.410769,-1.010454,47.59355,144.036,357.2189,0,0,0,0,0,0,0.556512,0.644057,-1.23863,36.43559,142.6503,8.067334,0,False,False
607.9242,0.46753,1.413449,-1.008768,47.52713,144.1453,357.3051,0,0,0,0,0,0,0.550618,0.64631,-1.233757,36.10548,142.6807,8.345612,0,False,False
607.9354,0.465836,1.416385,-1.007009,47.43926,144.3618,357.4418,0,0,0,0,0,0,0.544427,0.648753,-1.228484,35.79698,142.6697,8.712901,0,False,False
607.9464,0.464102,1.419327,-1.005246,47.32522,144.5975,357.6114,0,0,0,0,0,0,0.538183,0.650983,-1.223145,35.51256,142.6362,9.08456,0,False,False
607.9576,0.462216,1.422495,-1.003289,47.19206,144.9116,357.8135,0,0,0,0,0,0,0.530902,0.653285,-1.216908,35.24963,142.5624,9.557879,0,False,False
607.9691,0.460361,1.425677,-1.001273,47.09352,145.231,358.0388,0,0,0,0,0,0,0.522843,0.655575,-1.210039,34.9622,142.4732,10.21779,0,False,False
607.9798,0.458405,1.428926,-0.998954,47.00939,145.5422,358.2453,0,0,0,0,0,0,0.514986,0.65793,-1.202946,34.68232,142.341,11.45255,0,False,False
607.991,0.456374,1.432356,-0.996444,46.86065,145.7817,358.4008,0,0,0,0,0,0,0.506685,0.6603,-1.195069,34.41477,142.1638,13.39811,0,False,False
608.002,0.454335,1.435835,-0.993976,46.62516,145.991,358.526,0,0,0,0,0,0,0.498428,0.662785,-1.187083,34.14208,141.9916,15.40642,0,False,False
608.013,0.452096,1.439584,-0.991453,46.26793,146.2495,358.6596,0,0,0,0,0,0,0.489287,0.665637,-1.178163,33.8777,141.8437,17.6908,0,False,False
608.024,0.449849,1.443325,-0.988863,45.93572,146.5742,358.8064,0,0,0,0,0,0,0.479976,0.668436,-1.168868,33.6402,141.7121,19.53539,0,False,False
608.0352,0.44746,1.447286,-0.986027,45.59974,146.979,359.0121,0,0,0,0,0,0,0.469941,0.6712,-1.158816,33.40477,141.6131,20.85616,0,False,False
608.047,0.444974,1.45132,-0.983021,45.24059,147.3845,359.2034,0,0,0,0,0,0,0.459751,0.674153,-1.148494,33.20143,141.4647,21.97157,0,False,False
608.0573,0.442309,1.455583,-0.979848,44.84636,147.7479,359.3294,0,0,0,0,0,0,0.449974,0.676719,-1.138112,33.10636,141.1886,22.31345,0,False,False
608.0685,0.439595,1.459931,-0.976531,44.41669,148.0472,359.3955,0,0,0,0,0,0,0.439559,0.679099,-1.126563,33.13593,140.7237,22.48547,0,False,False
608.0796,0.436639,1.464487,-0.972888,43.89415,148.3082,359.405,0,0,0,0,0,0,0.428784,0.681382,-1.114431,33.29734,140.0319,22.52183,0,False,False
608.0908,0.433545,1.469192,-0.969148,43.35369,148.6049,359.4198,0,0,0,0,0,0,0.418039,0.683407,-1.101349,33.61761,139.1948,22.6694,0,False,False
608.102,0.430326,1.474032,-0.965285,42.81121,148.9525,359.4599,0,0,0,0,0,0,0.40731,0.685154,-1.088756,33.9768,138.3233,22.86034,0,False,False
608.113,0.426938,1.478973,-0.961123,42.24505,149.3385,359.5487,0,0,0,0,0,0,0.395909,0.686528,-1.075053,34.53807,137.2863,22.99601,0,False,False
608.124,0.423477,1.483891,-0.956857,41.675,149.7046,359.5984,0,0,0,0,0,0,0.384011,0.687696,-1.060829,35.21457,136.2301,23.05704,0,False,False
608.1351,0.419739,1.488987,-0.952235,41.12024,150.0716,359.6454,0,0,0,0,0,0,0.372276,0.688757,-1.047181,35.88117,135.2769,23.08748,0,False,False
608.1462,0.415855,1.494127,-0.947302,40.56289,150.4474,359.7145,0,0,0,0,0,0,0.359547,0.689689,-1.032799,36.75385,134.402,23.05546,0,False,False
608.1574,0.411915,1.499225,-0.942233,40.00801,150.8327,359.7794,0,0,0,0,0,0,0.346427,0.690266,-1.018894,37.75058,133.6075,22.97644,0,False,False
608.1685,0.407752,1.504419,-0.936754,39.47923,151.2529,359.8744,0,0,0,0,0,0,0.332606,0.690683,-1.004544,38.80163,132.84,22.75564,0,False,False
608.1796,0.40352,1.509602,-0.931138,38.97069,151.679,0.004226,0,0,0,0,0,0,0.319071,0.691336,-0.990952,39.73405,132.1149,22.47018,0,False,False
608.1907,0.39901,1.51479,-0.925068,38.5276,152.1176,0.129849,0,0,0,0,0,0,0.304763,0.692017,-0.977152,40.63681,131.5309,22.11243,0,False,False
608.2018,0.394505,1.519923,-0.918811,38.13372,152.549,0.218803,0,0,0,0,0,0,0.290381,0.692657,-0.964063,41.47313,131.1241,21.95342,0,False,False
608.2129,0.389667,1.52498,-0.911987,37.79374,152.9524,0.378821,0,0,0,0,0,0,0.275131,0.693261,-0.950875,42.347,130.878,22.08986,0,False,False
608.224,0.384885,1.52997,-0.905062,37.5466,153.3668,0.492072,0,0,0,0,0,0,0.259993,0.693893,-0.938203,43.27327,130.7828,22.43557,0,False,False
608.2359,0.379742,1.53476,-0.897391,37.54333,153.7306,0.636925,0,0,0,0,0,0,0.243051,0.694411,-0.924446,44.38124,130.8519,22.96006,0,False,False
608.2461,0.374486,1.539265,-0.889367,37.7443,154.0942,0.829923,0,0,0,0,0,0,0.227981,0.694842,-0.912762,45.4122,131.1138,23.46635,0,False,False
608.2574,0.369047,1.543625,-0.88112,37.98042,154.4295,1.014036,0,0,0,0,0,0,0.211648,0.695451,-0.899986,46.51332,131.4319,23.91761,0,False,False
608.2684,0.363374,1.547698,-0.872277,38.35798,154.766,1.187428,0,0,0,0,0,0,0.19471,0.69609,-0.887811,47.71418,132.3627,24.44316,0,False,False
608.2796,0.357725,1.551638,-0.863473,38.67776,155.088,1.293826,0,0,0,0,0,0,0.177074,0.696838,-0.875557,48.94297,133.7926,25.07965,0,False,False
608.2906,0.352011,1.555395,-0.854346,38.97337,155.4047,1.345496,0,0,0,0,0,0,0.15978,0.697662,-0.863631,50.10442,135.2826,25.81611,0,False,False
608.3018,0.346484,1.559139,-0.845401,39.15485,155.7254,1.341845,0,0,0,0,0,0,0.141353,0.698939,-0.851673,51.29523,137.6773,26.99645,0,False,False
608.313,0.340934,1.562636,-0.836409,39.29565,156.053,1.275706,0,0,0,0,0,0,0.122392,0.700382,-0.839527,52.33456,140.61,28.59378,0,False,False
608.3239,0.335321,1.565715,-0.827379,39.50679,156.4552,1.26667,0,0,0,0,0,0,0.104132,0.702236,-0.827853,53.11977,143.732,30.54971,0,False,False
608.3352,0.329528,1.568605,-0.817815,39.77136,156.9168,1.239028,0,0,0,0,0,0,0.085437,0.70414,-0.815021,53.84983,146.8074,32.859,0,False,False
608.3461,0.323733,1.571231,-0.808049,40.15289,157.4256,1.286783,0,0,0,0,0,0,0.066679,0.706287,-0.801516,54.44808,149.8749,36.00459,0,False,False
608.3573,0.31774,1.573788,-0.798183,40.59395,157.9357,1.304314,0,0,0,0,0,0,0.049089,0.708486,-0.787202,55.09624,152.5015,39.33824,0,False,False
608.3684,0.311761,1.576047,-0.788092,41.01912,158.4757,1.338639,0,0,0,0,0,0,0.031262,0.710303,-0.772029,55.8668,154.8587,42.44231,0,False,False
608.3796,0.306005,1.578317,-0.778251,41.36378,159.0462,1.427465,0,0,0,0,0,0,0.013947,0.712444,-0.756126,56.62771,157.0965,45.14365,0,False,False
608.3905,0.300316,1.580254,-0.76859,41.72417,159.7217,1.570419,0,0,0,0,0,0,-0.002633,0.714812,-0.740159,57.34806,159.3694,47.30657,0,False,False
608.4016,0.294576,1.581942,-0.758917,42.12786,160.493,1.73825,0,0,0,0,0,0,-0.018716,0.717351,-0.724218,57.93955,161.9443,49.06522,0,False,False
608.4128,0.288659,1.58342,-0.749118,42.57894,161.3174,1.996378,0,0,0,0,0,0,-0.035305,0.720154,-0.707963,58.4496,164.7612,50.92322,0,False,False
608.424,0.28261,1.584396,-0.739378,43.08794,162.2443,2.358267,0,0,0,0,0,0,-0.051001,0.723186,-0.691979,58.84168,167.7467,52.16282,0,False,False
608.4351,0.276578,1.585272,-0.729761,43.61861,163.141,2.724066,0,0,0,0,0,0,-0.066583,0.726275,-0.675338,59.16295,170.9172,53.1346,0,False,False
608.4461,0.270399,1.585807,-0.720288,44.1797,164.1638,3.186394,0,0,0,0,0,0,-0.081892,0.729423,-0.659197,59.4303,174.1348,53.96228,0,False,False
608.4572,0.264353,1.586252,-0.711106,44.73114,165.143,3.572351,0,0,0,0,0,0,-0.096917,0.732541,-0.642586,59.66353,177.4122,55.11673,0,False,False
608.4683,0.258209,1.586532,-0.702114,45.30957,166.1203,3.945876,0,0,0,0,0,0,-0.111463,0.735542,-0.625442,59.87654,180.8681,56.1609,0,False,False
608.4794,0.251912,1.58661,-0.693099,45.99677,167.149,4.332181,0,0,0,0,0,0,-0.125395,0.738788,-0.60881,60.0591,184.1246,57.12535,0,False,False
608.4906,0.245637,1.586716,-0.684096,46.7963,168.2501,4.771298,0,0,0,0,0,0,-0.138869,0.741781,-0.591744,60.19371,187.2995,58.00539,0,False,False
608.5016,0.239386,1.586747,-0.675241,47.68446,169.4088,5.172118,0,0,0,0,0,0,-0.152198,0.744861,-0.575141,60.27931,190.3118,58.87805,0,False,False
608.5128,0.233386,1.586672,-0.66655,48.49397,170.5835,5.510159,0,0,0,0,0,0,-0.164736,0.747847,-0.558413,60.26909,193.2188,59.73382,0,False,False
608.5239,0.227555,1.586556,-0.658585,49.15345,171.6557,5.519146,0,0,0,0,0,0,-0.176812,0.750868,-0.541604,60.16718,196.0543,60.70091,0,False,False
608.5349,0.221904,1.586524,-0.651351,49.64427,172.6655,5.319294,0,0,0,0,0,0,-0.18812,0.753887,-0.525355,59.95527,198.7789,61.65985,0,False,False
